{
    "steps": [
        {
            "step": 0,
            "train_loss": 0.0017470134189352393,
            "actions_pred1": [
                [
                    [
                        3.242856025695801,
                        -2.569141387939453,
                        -1.2861418724060059
                    ],
                    [
                        1.4560041427612305,
                        -1.8048593997955322,
                        -1.417779803276062
                    ],
                    [
                        2.545851945877075,
                        -1.0946651697158813,
                        -1.4831000566482544
                    ],
                    [
                        3.251136302947998,
                        -1.4568288326263428,
                        -1.4014450311660767
                    ],
                    [
                        2.9953227043151855,
                        -1.262620449066162,
                        -1.285446286201477
                    ],
                    [
                        3.85479474067688,
                        0.12536592781543732,
                        -1.2539585828781128
                    ],
                    [
                        3.3919179439544678,
                        -1.2387441396713257,
                        -0.9733975529670715
                    ],
                    [
                        3.2525665760040283,
                        -0.6075428128242493,
                        -1.066398024559021
                    ],
                    [
                        3.366637706756592,
                        0.06169050559401512,
                        -0.933782696723938
                    ],
                    [
                        0.44431746006011963,
                        2.759552001953125,
                        -0.2464524805545807
                    ],
                    [
                        2.9849166870117188,
                        -0.6270216703414917,
                        -1.560370683670044
                    ],
                    [
                        3.682806968688965,
                        -0.017039518803358078,
                        -1.1514389514923096
                    ],
                    [
                        3.721527338027954,
                        0.1406826674938202,
                        -1.2539453506469727
                    ],
                    [
                        4.234014987945557,
                        -0.7115015387535095,
                        -1.648622989654541
                    ],
                    [
                        1.8248341083526611,
                        0.09745390713214874,
                        -1.614549160003662
                    ],
                    [
                        3.6398794651031494,
                        -0.8734280467033386,
                        -1.7839115858078003
                    ],
                    [
                        3.784679412841797,
                        -0.39315539598464966,
                        -2.2215378284454346
                    ],
                    [
                        3.2525222301483154,
                        -0.14874853193759918,
                        -1.3536200523376465
                    ],
                    [
                        2.076322555541992,
                        0.4814516305923462,
                        -1.257124423980713
                    ],
                    [
                        -0.003948596306145191,
                        3.074711799621582,
                        -1.145000696182251
                    ]
                ]
            ],
            "actions_pred": [
                [
                    [
                        3.242856025695801,
                        1.4560041427612305,
                        2.545851945877075,
                        3.251136302947998,
                        2.9953227043151855,
                        3.85479474067688,
                        3.3919179439544678,
                        3.2525665760040283,
                        3.366637706756592,
                        0.44431746006011963,
                        2.9849166870117188,
                        3.682806968688965,
                        3.721527338027954,
                        4.234014987945557,
                        1.8248341083526611,
                        3.6398794651031494,
                        3.784679412841797,
                        3.2525222301483154,
                        2.076322555541992,
                        -0.003948596306145191
                    ],
                    [
                        -2.569141387939453,
                        -1.8048593997955322,
                        -1.0946651697158813,
                        -1.4568288326263428,
                        -1.262620449066162,
                        0.12536592781543732,
                        -1.2387441396713257,
                        -0.6075428128242493,
                        0.06169050559401512,
                        2.759552001953125,
                        -0.6270216703414917,
                        -0.017039518803358078,
                        0.1406826674938202,
                        -0.7115015387535095,
                        0.09745390713214874,
                        -0.8734280467033386,
                        -0.39315539598464966,
                        -0.14874853193759918,
                        0.4814516305923462,
                        3.074711799621582
                    ],
                    [
                        -1.2861418724060059,
                        -1.417779803276062,
                        -1.4831000566482544,
                        -1.4014450311660767,
                        -1.285446286201477,
                        -1.2539585828781128,
                        -0.9733975529670715,
                        -1.066398024559021,
                        -0.933782696723938,
                        -0.2464524805545807,
                        -1.560370683670044,
                        -1.1514389514923096,
                        -1.2539453506469727,
                        -1.648622989654541,
                        -1.614549160003662,
                        -1.7839115858078003,
                        -2.2215378284454346,
                        -1.3536200523376465,
                        -1.257124423980713,
                        -1.145000696182251
                    ]
                ]
            ],
            "states": [
                [
                    [
                        1.0,
                        120000.0,
                        67501.0,
                        10000.0,
                        687461.0,
                        0.0,
                        2054146.0,
                        0.0
                    ],
                    [
                        0.0,
                        0.0,
                        356511232.0,
                        90000.0,
                        10374883328.0,
                        0.0,
                        2758313.0,
                        2.0
                    ],
                    [
                        0.0,
                        0.0,
                        356511232.0,
                        90000.0,
                        10731394048.0,
                        0.0,
                        2758365.0,
                        2.0
                    ],
                    [
                        0.0,
                        0.0,
                        356511232.0,
                        90000.0,
                        11087905792.0,
                        0.0,
                        2758417.0,
                        2.0
                    ],
                    [
                        0.0,
                        0.0,
                        356511232.0,
                        90000.0,
                        11444416512.0,
                        0.0,
                        2758469.0,
                        2.0
                    ],
                    [
                        0.0,
                        0.0,
                        356511232.0,
                        90000.0,
                        10374883328.0,
                        0.0,
                        2758313.0,
                        2.0
                    ],
                    [
                        0.0,
                        0.0,
                        356511232.0,
                        90000.0,
                        10731394048.0,
                        0.0,
                        2758365.0,
                        2.0
                    ],
                    [
                        0.0,
                        0.0,
                        356511232.0,
                        90000.0,
                        11087905792.0,
                        0.0,
                        2758417.0,
                        2.0
                    ],
                    [
                        0.0,
                        0.0,
                        356511232.0,
                        90000.0,
                        11444416512.0,
                        0.0,
                        2758469.0,
                        2.0
                    ],
                    [
                        0.0,
                        0.0,
                        356511232.0,
                        90000.0,
                        0.0,
                        0.0,
                        2758521.0,
                        2.0
                    ],
                    [
                        1.0,
                        120000.0,
                        67501.0,
                        10000.0,
                        1632475.0,
                        0.0,
                        2075146.0,
                        0.0
                    ],
                    [
                        0.0,
                        0.0,
                        356511232.0,
                        90000.0,
                        4991157248.0,
                        0.0,
                        2765041.0,
                        3.0
                    ],
                    [
                        1.0,
                        120000.0,
                        67501.0,
                        10000.0,
                        1699976.0,
                        0.0,
                        2076646.0,
                        0.0
                    ],
                    [
                        1.0,
                        120000.0,
                        67501.0,
                        10000.0,
                        1767477.0,
                        0.0,
                        2078146.0,
                        0.0
                    ],
                    [
                        1.0,
                        105000.0,
                        0.0,
                        10000.0,
                        0.0,
                        0.0,
                        2079646.0,
                        0.0
                    ],
                    [
                        0.0,
                        0.0,
                        356511232.0,
                        90000.0,
                        4991157248.0,
                        0.0,
                        2765041.0,
                        3.0
                    ],
                    [
                        1.0,
                        120000.0,
                        67501.0,
                        10000.0,
                        1699976.0,
                        0.0,
                        2076646.0,
                        0.0
                    ],
                    [
                        1.0,
                        120000.0,
                        67501.0,
                        10000.0,
                        1767477.0,
                        0.0,
                        2078146.0,
                        0.0
                    ],
                    [
                        1.0,
                        105000.0,
                        0.0,
                        10000.0,
                        0.0,
                        0.0,
                        2079646.0,
                        0.0
                    ],
                    [
                        0.0,
                        0.0,
                        161895536.0,
                        90000.0,
                        0.0,
                        0.0,
                        2766541.0,
                        3.0
                    ]
                ]
            ],
            "actions": [
                [
                    [
                        0.3333333432674408
                    ],
                    [
                        0.3333333432674408
                    ],
                    [
                        0.3333333432674408
                    ],
                    [
                        0.3333333432674408
                    ],
                    [
                        0.3333333432674408
                    ],
                    [
                        0.3333333432674408
                    ],
                    [
                        0.3333333432674408
                    ],
                    [
                        0.3333333432674408
                    ],
                    [
                        0.3333333432674408
                    ],
                    [
                        0.6666666865348816
                    ],
                    [
                        0.3333333432674408
                    ],
                    [
                        0.3333333432674408
                    ],
                    [
                        0.3333333432674408
                    ],
                    [
                        0.3333333432674408
                    ],
                    [
                        0.3333333432674408
                    ],
                    [
                        0.3333333432674408
                    ],
                    [
                        0.3333333432674408
                    ],
                    [
                        0.3333333432674408
                    ],
                    [
                        0.3333333432674408
                    ],
                    [
                        0.6666666865348816
                    ]
                ]
            ],
            "returns": [
                [
                    [
                        0.6131666898727417
                    ],
                    [
                        0.6131250262260437
                    ],
                    [
                        0.6127499938011169
                    ],
                    [
                        0.612375020980835
                    ],
                    [
                        0.6119999885559082
                    ],
                    [
                        0.6116250157356262
                    ],
                    [
                        0.6112499833106995
                    ],
                    [
                        0.6108750104904175
                    ],
                    [
                        0.6104999780654907
                    ],
                    [
                        0.6101250052452087
                    ],
                    [
                        0.609749972820282
                    ],
                    [
                        0.609708309173584
                    ],
                    [
                        0.609333336353302
                    ],
                    [
                        0.609291672706604
                    ],
                    [
                        0.609250009059906
                    ],
                    [
                        0.609208345413208
                    ],
                    [
                        0.6088333129882812
                    ],
                    [
                        0.6087916493415833
                    ],
                    [
                        0.6087499856948853
                    ],
                    [
                        0.6087083220481873
                    ]
                ]
            ],
            "timesteps": [
                [
                    20,
                    21,
                    22,
                    23,
                    24,
                    25,
                    26,
                    27,
                    28,
                    29,
                    30,
                    31,
                    32,
                    33,
                    34,
                    35,
                    36,
                    37,
                    38,
                    39
                ]
            ],
            "labels": [
                [
                    0,
                    0,
                    0,
                    0,
                    0,
                    0,
                    0,
                    0,
                    0,
                    1,
                    0,
                    0,
                    0,
                    0,
                    0,
                    0,
                    0,
                    0,
                    0,
                    1
                ]
            ],
            "CPU Usage": 4.0,
            "RAM Usage": 17.4,
            "GPU Usage": 33.0,
            "VRAM Usage": 15400.0,
            "Disk Read Speed (MB/s)": 75057177.68652344,
            "Disk Write Speed (MB/s)": 506878182.1455078
        },
        {
            "step": 1,
            "train_loss": 0.007299108896404505,
            "actions_pred1": [
                [
                    [
                        2.267470121383667,
                        -0.6497715711593628,
                        -0.9921820759773254
                    ],
                    [
                        2.9519894123077393,
                        -0.6185625791549683,
                        -1.979288101196289
                    ],
                    [
                        2.7539427280426025,
                        -0.4997269809246063,
                        -1.4962331056594849
                    ],
                    [
                        3.4691989421844482,
                        -0.4466280937194824,
                        -1.326997995376587
                    ],
                    [
                        2.8550753593444824,
                        -0.8041905760765076,
                        -1.9740731716156006
                    ],
                    [
                        2.7647247314453125,
                        -0.08734065294265747,
                        -1.6515707969665527
                    ],
                    [
                        3.019644260406494,
                        -0.4935415983200073,
                        -1.9456593990325928
                    ],
                    [
                        2.7961552143096924,
                        -0.3602123260498047,
                        -1.6351298093795776
                    ],
                    [
                        2.4667506217956543,
                        0.2756209373474121,
                        -1.290429949760437
                    ],
                    [
                        2.38845157623291,
                        -0.4974415600299835,
                        -2.3023808002471924
                    ],
                    [
                        1.7867553234100342,
                        -0.47358956933021545,
                        -1.882041335105896
                    ],
                    [
                        0.7114291787147522,
                        -0.24027903378009796,
                        -1.9820345640182495
                    ],
                    [
                        2.9128544330596924,
                        -1.23211669921875,
                        -2.2522990703582764
                    ],
                    [
                        3.287982702255249,
                        -1.019724726676941,
                        -1.7329078912734985
                    ],
                    [
                        3.1023025512695312,
                        -0.401395320892334,
                        -2.1152029037475586
                    ],
                    [
                        1.2090786695480347,
                        0.0994986891746521,
                        -1.624471664428711
                    ],
                    [
                        3.9709954261779785,
                        -0.7000324130058289,
                        -1.8264356851577759
                    ],
                    [
                        3.6992053985595703,
                        -0.5790165662765503,
                        -1.7139885425567627
                    ],
                    [
                        3.410461187362671,
                        -0.7484877109527588,
                        -1.6653883457183838
                    ],
                    [
                        0.6361364126205444,
                        2.063783645629883,
                        -1.0320959091186523
                    ]
                ]
            ],
            "actions_pred": [
                [
                    [
                        2.267470121383667,
                        2.9519894123077393,
                        2.7539427280426025,
                        3.4691989421844482,
                        2.8550753593444824,
                        2.7647247314453125,
                        3.019644260406494,
                        2.7961552143096924,
                        2.4667506217956543,
                        2.38845157623291,
                        1.7867553234100342,
                        0.7114291787147522,
                        2.9128544330596924,
                        3.287982702255249,
                        3.1023025512695312,
                        1.2090786695480347,
                        3.9709954261779785,
                        3.6992053985595703,
                        3.410461187362671,
                        0.6361364126205444
                    ],
                    [
                        -0.6497715711593628,
                        -0.6185625791549683,
                        -0.4997269809246063,
                        -0.4466280937194824,
                        -0.8041905760765076,
                        -0.08734065294265747,
                        -0.4935415983200073,
                        -0.3602123260498047,
                        0.2756209373474121,
                        -0.4974415600299835,
                        -0.47358956933021545,
                        -0.24027903378009796,
                        -1.23211669921875,
                        -1.019724726676941,
                        -0.401395320892334,
                        0.0994986891746521,
                        -0.7000324130058289,
                        -0.5790165662765503,
                        -0.7484877109527588,
                        2.063783645629883
                    ],
                    [
                        -0.9921820759773254,
                        -1.979288101196289,
                        -1.4962331056594849,
                        -1.326997995376587,
                        -1.9740731716156006,
                        -1.6515707969665527,
                        -1.9456593990325928,
                        -1.6351298093795776,
                        -1.290429949760437,
                        -2.3023808002471924,
                        -1.882041335105896,
                        -1.9820345640182495,
                        -2.2522990703582764,
                        -1.7329078912734985,
                        -2.1152029037475586,
                        -1.624471664428711,
                        -1.8264356851577759,
                        -1.7139885425567627,
                        -1.6653883457183838,
                        -1.0320959091186523
                    ]
                ]
            ],
            "states": [
                [
                    [
                        0.0,
                        0.0,
                        171961872.0,
                        140000.0,
                        17017202688.0,
                        0.0,
                        2722357.0,
                        0.0
                    ],
                    [
                        0.0,
                        0.0,
                        215582624.0,
                        160000.0,
                        17232785408.0,
                        0.0,
                        2722409.0,
                        0.0
                    ],
                    [
                        0.0,
                        0.0,
                        258532304.0,
                        160000.0,
                        17491318784.0,
                        0.0,
                        2722461.0,
                        0.0
                    ],
                    [
                        0.0,
                        0.0,
                        258532304.0,
                        160000.0,
                        17749850112.0,
                        0.0,
                        2723961.0,
                        0.0
                    ],
                    [
                        0.0,
                        0.0,
                        258532304.0,
                        160000.0,
                        18008383488.0,
                        0.0,
                        2724013.0,
                        0.0
                    ],
                    [
                        0.0,
                        0.0,
                        215582624.0,
                        160000.0,
                        17232785408.0,
                        0.0,
                        2722409.0,
                        0.0
                    ],
                    [
                        0.0,
                        0.0,
                        258532304.0,
                        160000.0,
                        17491318784.0,
                        0.0,
                        2722461.0,
                        0.0
                    ],
                    [
                        0.0,
                        0.0,
                        258532304.0,
                        160000.0,
                        17749850112.0,
                        0.0,
                        2723961.0,
                        0.0
                    ],
                    [
                        0.0,
                        0.0,
                        258532304.0,
                        160000.0,
                        18008383488.0,
                        0.0,
                        2724013.0,
                        0.0
                    ],
                    [
                        0.0,
                        0.0,
                        258532304.0,
                        160000.0,
                        18266914816.0,
                        0.0,
                        2724065.0,
                        0.0
                    ],
                    [
                        1.0,
                        150000.0,
                        0.0,
                        40000.0,
                        0.0,
                        0.0,
                        2010646.0,
                        0.0
                    ],
                    [
                        1.0,
                        150000.0,
                        0.0,
                        40000.0,
                        0.0,
                        0.0,
                        2012146.0,
                        0.0
                    ],
                    [
                        0.0,
                        0.0,
                        301481984.0,
                        170000.0,
                        2929754624.0,
                        0.0,
                        2728981.0,
                        1.0
                    ],
                    [
                        0.0,
                        0.0,
                        301481984.0,
                        170000.0,
                        3231236608.0,
                        0.0,
                        2730481.0,
                        1.0
                    ],
                    [
                        0.0,
                        0.0,
                        301481984.0,
                        170000.0,
                        3532718592.0,
                        0.0,
                        2731981.0,
                        1.0
                    ],
                    [
                        1.0,
                        150000.0,
                        0.0,
                        40000.0,
                        0.0,
                        0.0,
                        2012146.0,
                        0.0
                    ],
                    [
                        0.0,
                        0.0,
                        301481984.0,
                        170000.0,
                        2929754624.0,
                        0.0,
                        2728981.0,
                        1.0
                    ],
                    [
                        0.0,
                        0.0,
                        301481984.0,
                        170000.0,
                        3231236608.0,
                        0.0,
                        2730481.0,
                        1.0
                    ],
                    [
                        0.0,
                        0.0,
                        301481984.0,
                        170000.0,
                        3532718592.0,
                        0.0,
                        2731981.0,
                        1.0
                    ],
                    [
                        0.0,
                        0.0,
                        301481984.0,
                        170000.0,
                        0.0,
                        0.0,
                        2733481.0,
                        1.0
                    ]
                ]
            ],
            "actions": [
                [
                    [
                        0.3333333432674408
                    ],
                    [
                        0.3333333432674408
                    ],
                    [
                        0.3333333432674408
                    ],
                    [
                        0.3333333432674408
                    ],
                    [
                        0.3333333432674408
                    ],
                    [
                        0.3333333432674408
                    ],
                    [
                        0.3333333432674408
                    ],
                    [
                        0.3333333432674408
                    ],
                    [
                        0.3333333432674408
                    ],
                    [
                        0.6666666865348816
                    ],
                    [
                        0.3333333432674408
                    ],
                    [
                        0.3333333432674408
                    ],
                    [
                        0.3333333432674408
                    ],
                    [
                        0.3333333432674408
                    ],
                    [
                        0.3333333432674408
                    ],
                    [
                        0.3333333432674408
                    ],
                    [
                        0.3333333432674408
                    ],
                    [
                        0.3333333432674408
                    ],
                    [
                        0.3333333432674408
                    ],
                    [
                        0.6666666865348816
                    ]
                ]
            ],
            "returns": [
                [
                    [
                        0.62520831823349
                    ],
                    [
                        0.624625027179718
                    ],
                    [
                        0.6239583492279053
                    ],
                    [
                        0.6232916712760925
                    ],
                    [
                        0.6226249933242798
                    ],
                    [
                        0.621958315372467
                    ],
                    [
                        0.6212916374206543
                    ],
                    [
                        0.6206250190734863
                    ],
                    [
                        0.6199583411216736
                    ],
                    [
                        0.6192916631698608
                    ],
                    [
                        0.6186249852180481
                    ],
                    [
                        0.6184583306312561
                    ],
                    [
                        0.6182916760444641
                    ],
                    [
                        0.6175833344459534
                    ],
                    [
                        0.6168749928474426
                    ],
                    [
                        0.6161666512489319
                    ],
                    [
                        0.6159999966621399
                    ],
                    [
                        0.6152916550636292
                    ],
                    [
                        0.6145833134651184
                    ],
                    [
                        0.6138749718666077
                    ]
                ]
            ],
            "timesteps": [
                [
                    0,
                    1,
                    2,
                    3,
                    4,
                    5,
                    6,
                    7,
                    8,
                    9,
                    10,
                    11,
                    12,
                    13,
                    14,
                    15,
                    16,
                    17,
                    18,
                    19
                ]
            ],
            "labels": [
                [
                    0,
                    0,
                    0,
                    0,
                    0,
                    0,
                    0,
                    0,
                    0,
                    1,
                    0,
                    0,
                    0,
                    0,
                    0,
                    0,
                    0,
                    0,
                    0,
                    1
                ]
            ],
            "CPU Usage": 3.5,
            "RAM Usage": 17.4,
            "GPU Usage": 69.0,
            "VRAM Usage": 15400.0,
            "Disk Read Speed (MB/s)": 75057177.68652344,
            "Disk Write Speed (MB/s)": 506878182.1455078
        },
        {
            "step": 2,
            "train_loss": 0.0012563781347125769,
            "actions_pred1": [
                [
                    [
                        2.9844746589660645,
                        -1.1589670181274414,
                        -1.6233112812042236
                    ],
                    [
                        3.6070070266723633,
                        -1.0139511823654175,
                        -1.980657935142517
                    ],
                    [
                        3.553065299987793,
                        -0.8293232321739197,
                        -1.7863001823425293
                    ],
                    [
                        3.652503490447998,
                        -0.4426761865615845,
                        -1.2182879447937012
                    ],
                    [
                        0.3576458692550659,
                        2.738597869873047,
                        -1.413586974143982
                    ],
                    [
                        3.3922722339630127,
                        -0.4305855631828308,
                        -1.156354308128357
                    ],
                    [
                        4.253730773925781,
                        -0.6430050730705261,
                        -1.1626662015914917
                    ],
                    [
                        4.456795692443848,
                        -1.2261103391647339,
                        -1.2478090524673462
                    ],
                    [
                        3.1961703300476074,
                        -0.3211010694503784,
                        -1.3332231044769287
                    ],
                    [
                        3.7317214012145996,
                        -0.014142309315502644,
                        -0.608968198299408
                    ],
                    [
                        2.9287283420562744,
                        0.18467821180820465,
                        -0.636768639087677
                    ],
                    [
                        3.567878484725952,
                        -0.08739907294511795,
                        -0.6901082396507263
                    ],
                    [
                        3.1184515953063965,
                        -0.027226440608501434,
                        -1.1058626174926758
                    ],
                    [
                        4.087159633636475,
                        0.041832033544778824,
                        -0.7012102007865906
                    ],
                    [
                        0.19386723637580872,
                        3.6596884727478027,
                        -0.30944299697875977
                    ],
                    [
                        2.987762928009033,
                        -0.1852491796016693,
                        -0.8934195637702942
                    ],
                    [
                        3.510626792907715,
                        -0.22361265122890472,
                        -0.4806971251964569
                    ],
                    [
                        2.898624897003174,
                        -0.47860187292099,
                        -1.0019102096557617
                    ],
                    [
                        3.6385691165924072,
                        0.43595820665359497,
                        -0.9143906235694885
                    ],
                    [
                        3.8582310676574707,
                        -0.2753387987613678,
                        -0.2620219886302948
                    ]
                ]
            ],
            "actions_pred": [
                [
                    [
                        2.9844746589660645,
                        3.6070070266723633,
                        3.553065299987793,
                        3.652503490447998,
                        0.3576458692550659,
                        3.3922722339630127,
                        4.253730773925781,
                        4.456795692443848,
                        3.1961703300476074,
                        3.7317214012145996,
                        2.9287283420562744,
                        3.567878484725952,
                        3.1184515953063965,
                        4.087159633636475,
                        0.19386723637580872,
                        2.987762928009033,
                        3.510626792907715,
                        2.898624897003174,
                        3.6385691165924072,
