{
    "steps": [
        {
            "step": 0,
            "train_loss": 0.028314417228102684,
            "actions_pred1": [
                [
                    [
                        -0.4335704743862152,
                        0.3617909550666809,
                        -0.4400191307067871
                    ],
                    [
                        -0.0962216928601265,
                        0.33983924984931946,
                        -0.7468450665473938
                    ],
                    [
                        0.269095778465271,
                        0.26106736063957214,
                        -0.5966504216194153
                    ],
                    [
                        -0.10253442078828812,
                        0.27414652705192566,
                        -0.3524559736251831
                    ],
                    [
                        -0.21908681094646454,
                        0.39852234721183777,
                        -0.5678233504295349
                    ],
                    [
                        0.14982056617736816,
                        0.37547197937965393,
                        -0.3652384281158447
                    ],
                    [
                        0.2532433271408081,
                        0.3536001145839691,
                        -0.5972709655761719
                    ],
                    [
                        0.3625730574131012,
                        0.08246635645627975,
                        -0.5847105979919434
                    ],
                    [
                        0.4751650094985962,
                        0.2100995033979416,
                        -0.3375840485095978
                    ],
                    [
                        0.002190608996897936,
                        0.2763324975967407,
                        -0.2426326721906662
                    ],
                    [
                        0.08914335817098618,
                        0.3029068410396576,
                        -0.4128836989402771
                    ],
                    [
                        0.605439305305481,
                        0.1246417984366417,
                        -0.2370137721300125
                    ],
                    [
                        0.5078483819961548,
                        0.07764197140932083,
                        -0.47819390892982483
                    ],
                    [
                        0.4167831242084503,
                        0.0952104851603508,
                        -0.2441411167383194
                    ],
                    [
                        0.40162885189056396,
                        0.16144302487373352,
                        -0.5822674632072449
                    ],
                    [
                        0.3416568636894226,
                        0.04859968274831772,
                        -0.5097663998603821
                    ],
                    [
                        0.45282208919525146,
                        0.020527951419353485,
                        -0.41654062271118164
                    ],
                    [
                        0.4467514157295227,
                        0.08221226185560226,
                        -0.46824997663497925
                    ],
                    [
                        0.4516563415527344,
                        0.12330731004476547,
                        -0.30988413095474243
                    ],
                    [
                        0.25097355246543884,
                        0.16656258702278137,
                        -0.4463648498058319
                    ]
                ]
            ],
            "actions_pred": [
                [
                    [
                        -0.4335704743862152,
                        -0.0962216928601265,
                        0.269095778465271,
                        -0.10253442078828812,
                        -0.21908681094646454,
                        0.14982056617736816,
                        0.2532433271408081,
                        0.3625730574131012,
                        0.4751650094985962,
                        0.002190608996897936,
                        0.08914335817098618,
                        0.605439305305481,
                        0.5078483819961548,
                        0.4167831242084503,
                        0.40162885189056396,
                        0.3416568636894226,
                        0.45282208919525146,
                        0.4467514157295227,
                        0.4516563415527344,
                        0.25097355246543884
                    ],
                    [
                        0.3617909550666809,
                        0.33983924984931946,
                        0.26106736063957214,
                        0.27414652705192566,
                        0.39852234721183777,
                        0.37547197937965393,
                        0.3536001145839691,
                        0.08246635645627975,
                        0.2100995033979416,
                        0.2763324975967407,
                        0.3029068410396576,
                        0.1246417984366417,
                        0.07764197140932083,
                        0.0952104851603508,
                        0.16144302487373352,
                        0.04859968274831772,
                        0.020527951419353485,
                        0.08221226185560226,
                        0.12330731004476547,
                        0.16656258702278137
                    ],
                    [
                        -0.4400191307067871,
                        -0.7468450665473938,
                        -0.5966504216194153,
                        -0.3524559736251831,
                        -0.5678233504295349,
                        -0.3652384281158447,
                        -0.5972709655761719,
                        -0.5847105979919434,
                        -0.3375840485095978,
                        -0.2426326721906662,
                        -0.4128836989402771,
                        -0.2370137721300125,
                        -0.47819390892982483,
                        -0.2441411167383194,
                        -0.5822674632072449,
                        -0.5097663998603821,
                        -0.41654062271118164,
                        -0.46824997663497925,
                        -0.30988413095474243,
                        -0.4463648498058319
                    ]
                ]
            ],
            "states": [
                [
                    [
                        0.0,
                        0.0,
                        393421088.0,
                        100000.0,
                        3934211072.0,
                        0.0,
                        3310989.0,
                        25.0
                    ],
                    [
                        0.0,
                        0.0,
                        393421088.0,
                        100000.0,
                        4327631872.0,
                        0.0,
                        3311041.0,
                        25.0
                    ],
                    [
                        0.0,
                        0.0,
                        393421088.0,
                        100000.0,
                        4721053184.0,
                        0.0,
                        3312541.0,
                        25.0
                    ],
                    [
                        0.0,
                        0.0,
                        393421088.0,
                        100000.0,
                        5114474496.0,
                        0.0,
                        3314041.0,
                        25.0
                    ],
                    [
                        0.0,
                        0.0,
                        393421088.0,
                        100000.0,
                        0.0,
                        0.0,
                        3315541.0,
                        25.0
                    ],
                    [
                        0.0,
                        0.0,
                        479320448.0,
                        150000.0,
                        16145718272.0,
                        0.0,
                        3350793.0,
                        26.0
                    ],
                    [
                        0.0,
                        0.0,
                        479320448.0,
                        150000.0,
                        16625039360.0,
                        0.0,
                        3350845.0,
                        26.0
                    ],
                    [
                        0.0,
                        0.0,
                        479320448.0,
                        150000.0,
                        17104359424.0,
                        0.0,
                        3350897.0,
                        26.0
                    ],
                    [
                        0.0,
                        0.0,
                        479320448.0,
                        150000.0,
                        17583679488.0,
                        0.0,
                        3350949.0,
                        26.0
                    ],
                    [
                        0.0,
                        0.0,
                        479320448.0,
                        160000.0,
                        18062999552.0,
                        0.0,
                        3351001.0,
                        26.0
                    ],
                    [
                        0.0,
                        0.0,
                        479320448.0,
                        150000.0,
                        16625039360.0,
                        0.0,
                        3350845.0,
                        26.0
                    ],
                    [
                        0.0,
                        0.0,
                        479320448.0,
                        150000.0,
                        17104359424.0,
                        0.0,
                        3350897.0,
                        26.0
                    ],
                    [
                        0.0,
                        0.0,
                        479320448.0,
                        150000.0,
                        17583679488.0,
                        0.0,
                        3350949.0,
                        26.0
                    ],
                    [
                        0.0,
                        0.0,
                        479320448.0,
                        160000.0,
                        18062999552.0,
                        0.0,
                        3351001.0,
                        26.0
                    ],
                    [
                        0.0,
                        0.0,
                        522270112.0,
                        160000.0,
                        18585270272.0,
                        0.0,
                        3352501.0,
                        26.0
                    ],
                    [
                        0.0,
                        0.0,
                        475293920.0,
                        120000.0,
                        15929664512.0,
                        0.0,
                        3381521.0,
                        27.0
                    ],
                    [
                        0.0,
                        0.0,
                        475293920.0,
                        120000.0,
                        16404959232.0,
                        0.0,
                        3383021.0,
                        27.0
                    ],
                    [
                        0.0,
                        0.0,
                        475293920.0,
                        120000.0,
                        16880252928.0,
                        0.0,
                        3384521.0,
                        27.0
                    ],
                    [
                        0.0,
                        0.0,
                        475293920.0,
                        120000.0,
                        17355546624.0,
                        0.0,
                        3386021.0,
                        27.0
                    ],
                    [
                        0.0,
                        0.0,
                        475293920.0,
                        120000.0,
                        17830840320.0,
                        0.0,
                        3387521.0,
                        27.0
                    ]
                ]
            ],
            "actions": [
                [
                    [
                        0.3333333432674408
                    ],
                    [
                        0.3333333432674408
                    ],
                    [
                        0.3333333432674408
                    ],
                    [
                        0.3333333432674408
                    ],
                    [
                        0.6666666865348816
                    ],
                    [
                        0.3333333432674408
                    ],
                    [
                        0.3333333432674408
                    ],
                    [
                        0.3333333432674408
                    ],
                    [
                        0.3333333432674408
                    ],
                    [
                        0.3333333432674408
                    ],
                    [
                        0.3333333432674408
                    ],
                    [
                        0.3333333432674408
                    ],
                    [
                        0.3333333432674408
                    ],
                    [
                        0.3333333432674408
                    ],
                    [
                        0.6666666865348816
                    ],
                    [
                        0.3333333432674408
                    ],
                    [
                        0.3333333432674408
                    ],
                    [
                        0.3333333432674408
                    ],
                    [
                        0.3333333432674408
                    ],
                    [
                        0.3333333432674408
                    ]
                ]
            ],
            "returns": [
                [
                    [
                        0.4728333353996277
                    ],
                    [
                        0.4724166691303253
                    ],
                    [
                        0.47200000286102295
                    ],
                    [
                        0.4715833365917206
                    ],
                    [
                        0.4711666703224182
                    ],
                    [
                        0.47075000405311584
                    ],
                    [
                        0.4701249897480011
                    ],
                    [
                        0.46950000524520874
                    ],
                    [
                        0.468874990940094
                    ],
                    [
                        0.46825000643730164
                    ],
                    [
                        0.4675833284854889
                    ],
                    [
                        0.46695834398269653
                    ],
                    [
                        0.4663333296775818
                    ],
                    [
                        0.46570834517478943
                    ],
                    [
                        0.4650416672229767
                    ],
                    [
                        0.46437498927116394
                    ],
                    [
                        0.4638749957084656
                    ],
                    [
                        0.4633750021457672
                    ],
                    [
                        0.46287500858306885
                    ],
                    [
                        0.4623749852180481
                    ]
                ]
            ],
            "timesteps": [
                [
                    260,
                    261,
                    262,
                    263,
                    264,
                    265,
                    266,
                    267,
                    268,
                    269,
                    270,
                    271,
                    272,
                    273,
                    274,
                    275,
                    276,
                    277,
                    278,
                    279
                ]
            ],
            "labels": [
                [
                    0,
                    0,
                    0,
                    0,
                    1,
                    0,
                    0,
                    0,
                    0,
                    0,
                    0,
                    0,
                    0,
                    0,
                    1,
                    0,
                    0,
                    0,
                    0,
                    0
                ]
            ],
            "CPU Usage": 7.3,
            "RAM Usage": 17.4,
            "GPU Usage": 42.0,
            "VRAM Usage": 15400.0,
            "Disk Read Speed (MB/s)": 75057177.68652344,
            "Disk Write Speed (MB/s)": 506877958.0361328
        },
        {
            "step": 1,
            "train_loss": 0.022440481930971146,
            "actions_pred1": [
                [
                    [
                        0.21167422831058502,
                        -0.418875515460968,
                        -0.11942307651042938
                    ],
                    [
                        0.21493656933307648,
                        -0.3490184545516968,
                        -0.2901360094547272
                    ],
                    [
                        0.4349002242088318,
                        -0.1739233136177063,
                        -0.11502324044704437
                    ],
                    [
                        0.4971444010734558,
                        -0.15640896558761597,
                        -0.2055312544107437
                    ],
                    [
                        0.5181810259819031,
                        -0.03899616748094559,
                        -0.025629280135035515
                    ],
                    [
                        0.5856174230575562,
                        -0.131745845079422,
                        -0.2648633122444153
                    ],
                    [
                        0.7227046489715576,
                        0.02076234668493271,
                        -0.12716402113437653
                    ],
                    [
                        0.6910020709037781,
                        -0.14332759380340576,
                        -0.103349968791008
                    ],
                    [
                        0.7870011925697327,
                        0.20016512274742126,
                        0.04457886517047882
                    ],
                    [
                        0.808508574962616,
                        0.1018742248415947,
                        -0.0048720743507146835
                    ],
                    [
                        1.0088413953781128,
                        -0.0390348806977272,
                        0.07683107256889343
                    ],
                    [
                        0.7352991700172424,
                        0.04676126688718796,
                        0.020577924326062202
                    ],
                    [
                        0.9151632785797119,
                        -0.016368277370929718,
                        -0.19555403292179108
                    ],
                    [
                        0.6968713402748108,
                        0.2671891748905182,
                        -0.0845244899392128
                    ],
                    [
                        0.5620695352554321,
                        0.20772038400173187,
                        -0.1341765969991684
                    ],
                    [
                        1.1388174295425415,
                        0.09324722737073898,
                        -0.14692561328411102
                    ],
                    [
                        0.9767770171165466,
                        0.2758685350418091,
                        -0.1982850730419159
                    ],
                    [
                        0.833282470703125,
                        0.2994529902935028,
                        -0.019474728032946587
                    ],
                    [
                        0.855198860168457,
                        0.10521776229143143,
                        0.03210951387882233
                    ],
                    [
                        0.846444845199585,
                        0.04304289072751999,
                        -0.20527835190296173
                    ]
                ]
            ],
            "actions_pred": [
                [
                    [
                        0.21167422831058502,
                        0.21493656933307648,
                        0.4349002242088318,
                        0.4971444010734558,
                        0.5181810259819031,
                        0.5856174230575562,
                        0.7227046489715576,
                        0.6910020709037781,
                        0.7870011925697327,
                        0.808508574962616,
                        1.0088413953781128,
                        0.7352991700172424,
                        0.9151632785797119,
                        0.6968713402748108,
                        0.5620695352554321,
                        1.1388174295425415,
                        0.9767770171165466,
                        0.833282470703125,
                        0.855198860168457,
                        0.846444845199585
                    ],
                    [
                        -0.418875515460968,
                        -0.3490184545516968,
                        -0.1739233136177063,
                        -0.15640896558761597,
                        -0.03899616748094559,
                        -0.131745845079422,
                        0.02076234668493271,
                        -0.14332759380340576,
                        0.20016512274742126,
                        0.1018742248415947,
                        -0.0390348806977272,
                        0.04676126688718796,
                        -0.016368277370929718,
                        0.2671891748905182,
                        0.20772038400173187,
                        0.09324722737073898,
                        0.2758685350418091,
                        0.2994529902935028,
                        0.10521776229143143,
                        0.04304289072751999
                    ],
                    [
                        -0.11942307651042938,
                        -0.2901360094547272,
                        -0.11502324044704437,
                        -0.2055312544107437,
                        -0.025629280135035515,
                        -0.2648633122444153,
                        -0.12716402113437653,
                        -0.103349968791008,
                        0.04457886517047882,
                        -0.0048720743507146835,
                        0.07683107256889343,
                        0.020577924326062202,
                        -0.19555403292179108,
                        -0.0845244899392128,
                        -0.1341765969991684,
                        -0.14692561328411102,
                        -0.1982850730419159,
                        -0.019474728032946587,
                        0.03210951387882233,
                        -0.20527835190296173
                    ]
                ]
            ],
            "states": [
                [
                    [
                        0.0,
                        0.0,
                        330814560.0,
                        110000.0,
                        12386118656.0,
                        0.0,
                        6231257.0,
                        47.0
                    ],
                    [
                        0.0,
                        0.0,
                        330814560.0,
                        110000.0,
                        12716933120.0,
                        0.0,
                        6232757.0,
                        47.0
                    ],
                    [
                        0.0,
                        0.0,
                        330814560.0,
                        110000.0,
                        13047747584.0,
                        0.0,
                        6234257.0,
                        47.0
                    ],
                    [
                        0.0,
                        0.0,
                        330814560.0,
                        110000.0,
                        13378562048.0,
                        0.0,
                        6234309.0,
                        47.0
                    ],
                    [
                        0.0,
                        0.0,
                        330814560.0,
                        110000.0,
                        0.0,
                        0.0,
                        6234361.0,
                        47.0
                    ],
                    [
                        1.0,
                        105000.0,
                        2868509.0,
                        80000.0,
                        18378876.0,
                        0.0,
                        5640646.0,
                        0.0
                    ],
                    [
                        1.0,
                        105000.0,
                        2868509.0,
                        80000.0,
                        21247386.0,
                        0.0,
                        5642146.0,
                        0.0
                    ],
                    [
                        1.0,
                        90000.0,
                        8404990.0,
                        80000.0,
                        29652376.0,
                        0.0,
                        5643646.0,
                        0.0
                    ],
                    [
                        0.0,
                        0.0,
                        371079904.0,
                        90000.0,
                        17620414464.0,
                        0.0,
                        6260497.0,
                        48.0
                    ],
                    [
                        0.0,
                        0.0,
                        371079904.0,
                        90000.0,
                        17991493632.0,
                        0.0,
                        6260549.0,
                        48.0
                    ],
                    [
                        1.0,
                        105000.0,
                        2868509.0,
                        80000.0,
                        21247386.0,
                        0.0,
                        5642146.0,
                        0.0
                    ],
                    [
                        1.0,
                        90000.0,
                        8404990.0,
                        80000.0,
                        29652376.0,
                        0.0,
                        5643646.0,
                        0.0
                    ],
                    [
                        0.0,
                        0.0,
                        371079904.0,
                        90000.0,
                        17620414464.0,
                        0.0,
                        6260497.0,
                        48.0
                    ],
                    [
                        0.0,
                        0.0,
                        371079904.0,
                        90000.0,
                        17991493632.0,
                        0.0,
                        6260549.0,
                        48.0
                    ],
                    [
                        0.0,
                        0.0,
                        371079904.0,
                        90000.0,
                        18362572800.0,
                        0.0,
                        6260601.0,
                        48.0
                    ],
                    [
                        1.0,
                        75000.0,
                        3204054.0,
                        70000.0,
                        86490424.0,
                        0.0,
                        5655646.0,
                        0.0
                    ],
                    [
                        1.0,
                        75000.0,
                        3204054.0,
                        70000.0,
                        89694480.0,
                        0.0,
                        5657146.0,
                        0.0
                    ],
                    [
                        0.0,
                        0.0,
                        414029568.0,
                        130000.0,
                        785109440.0,
                        0.0,
                        6260705.0,
                        49.0
                    ],
                    [
                        0.0,
                        0.0,
                        414029568.0,
                        130000.0,
                        1199139072.0,
                        0.0,
                        6260757.0,
                        49.0
                    ],
                    [
                        0.0,
                        0.0,
                        414029568.0,
                        130000.0,
                        1613168640.0,
                        0.0,
                        6260809.0,
                        49.0
                    ]
                ]
            ],
            "actions": [
                [
                    [
                        0.3333333432674408
                    ],
                    [
                        0.3333333432674408
                    ],
                    [
                        0.3333333432674408
                    ],
                    [
                        0.3333333432674408
                    ],
                    [
                        0.6666666865348816
                    ],
                    [
                        0.3333333432674408
                    ],
                    [
                        0.3333333432674408
                    ],
                    [
                        0.3333333432674408
                    ],
                    [
                        0.3333333432674408
                    ],
                    [
                        0.3333333432674408
                    ],
                    [
                        0.3333333432674408
                    ],
                    [
                        0.3333333432674408
                    ],
                    [
                        0.3333333432674408
                    ],
                    [
                        0.3333333432674408
                    ],
                    [
                        0.6666666865348816
                    ],
                    [
                        0.3333333432674408
                    ],
                    [
                        0.3333333432674408
                    ],
                    [
                        0.3333333432674408
                    ],
                    [
                        0.3333333432674408
                    ],
                    [
                        0.3333333432674408
                    ]
                ]
            ],
            "returns": [
                [
                    [
                        0.3696250021457672
                    ],
                    [
                        0.36916667222976685
                    ],
                    [
                        0.3687083423137665
                    ],
                    [
                        0.3682500123977661
                    ],
                    [
                        0.36779165267944336
                    ],
                    [
                        0.367333322763443
                    ],
                    [
                        0.367000013589859
                    ],
                    [
                        0.36666667461395264
                    ],
                    [
                        0.36633333563804626
                    ],
                    [
                        0.3659583330154419
                    ],
                    [
                        0.3655833303928375
                    ],
                    [
                        0.36524999141693115
                    ],
                    [
                        0.3649166524410248
                    ],
                    [
                        0.3645416796207428
                    ],
                    [
                        0.3641666769981384
                    ],
                    [
                        0.36379167437553406
                    ],
                    [
                        0.3634999990463257
                    ],
                    [
                        0.3632083237171173
                    ],
                    [
                        0.36266666650772095
                    ],
                    [
                        0.3621250092983246
                    ]
                ]
            ],
            "timesteps": [
                [
                    480,
                    481,
                    482,
                    483,
                    484,
                    485,
                    486,
                    487,
                    488,
                    489,
                    490,
                    491,
                    492,
                    493,
                    494,
                    495,
                    496,
                    497,
                    498,
                    499
                ]
            ],
            "labels": [
                [
                    0,
                    0,
                    0,
                    0,
                    1,
                    0,
                    0,
                    0,
                    0,
                    0,
                    0,
                    0,
                    0,
                    0,
                    1,
                    0,
                    0,
                    0,
                    0,
                    0
                ]
            ],
            "CPU Usage": 5.1,
            "RAM Usage": 17.4,
            "GPU Usage": 81.0,
            "VRAM Usage": 15400.0,
            "Disk Read Speed (MB/s)": 75057177.68652344,
            "Disk Write Speed (MB/s)": 506877958.0361328
        },
        {
            "step": 2,
            "train_loss": 0.02421344257891178,
            "actions_pred1": [
                [
                    [
                        0.5016245245933533,
                        -0.08681047707796097,
                        -0.16096211969852448
                    ],
                    [
                        0.5452368259429932,
                        0.07614117115736008,
                        -0.046995192766189575
                    ],
                    [
                        0.4893262982368469,
                        -0.1477741003036499,
                        -0.14890901744365692
                    ],
                    [
                        0.6355849504470825,
                        0.005599760450422764,
                        -0.5117385983467102
                    ],
                    [
                        0.7925704121589661,
                        0.05896567553281784,
                        -0.08631319552659988
                    ],
                    [
                        0.6911519765853882,
                        0.22425322234630585,
                        -0.0649014264345169
                    ],
                    [
                        0.6881378293037415,
                        0.23946061730384827,
                        -0.13989830017089844
                    ],
                    [
                        0.7660403847694397,
                        0.09799497574567795,
                        -0.19420601427555084
                    ],
                    [
                        0.631466269493103,
                        0.23976603150367737,
                        -0.19593515992164612
                    ],
                    [
                        0.6142272353172302,
                        0.0623164102435112,
                        0.11597634851932526
                    ],
                    [
                        0.7043241858482361,
                        -0.06604180485010147,
                        -0.01638229563832283
                    ],
                    [
                        0.8025521636009216,
                        -0.05774698406457901,
                        -0.09548158943653107
                    ],
                    [
                        0.8815913796424866,
                        -0.0399477556347847,
                        -0.11180286109447479
                    ],
                    [
                        0.8942200541496277,
                        0.15756551921367645,
                        -0.14352503418922424
                    ],
                    [
                        0.5155759453773499,
                        0.2441001832485199,
                        -0.33432936668395996
                    ],
                    [
                        0.6681646108627319,
                        0.22155416011810303,
                        -0.22378768026828766
                    ],
                    [
                        0.735954761505127,
                        0.09201111644506454,
                        -0.12579604983329773
                    ],
                    [
                        0.7040570378303528,
                        0.38869360089302063,
                        0.2150953859090805
                    ],
                    [
                        0.5039008855819702,
                        0.2347533404827118,
                        0.22069330513477325
                    ],
                    [
                        0.7448319792747498,
                        0.060174308717250824,
                        0.2482253462076187
                    ]
                ]
            ],
            "actions_pred": [
                [
                    [
                        0.5016245245933533,
                        0.5452368259429932,
                        0.4893262982368469,
                        0.6355849504470825,
                        0.7925704121589661,
                        0.6911519765853882,
                        0.6881378293037415,
                        0.7660403847694397,
                        0.631466269493103,
                        0.6142272353172302,
                        0.7043241858482361,
