{
    "steps": [
        {
            "step": 0,
            "train_loss": 0.014839917421340942,
            "actions_pred1": [
                [
                    [
                        1.31446373462677,
                        -0.009422503411769867,
                        0.002531527541577816
                    ],
                    [
                        1.329153299331665,
                        -0.11473249644041061,
                        -0.02105637639760971
                    ],
                    [
                        1.196433663368225,
                        -0.13709917664527893,
                        -0.07456158101558685
                    ],
                    [
                        1.1966203451156616,
                        -0.13642331957817078,
                        -0.08915945142507553
                    ],
                    [
                        1.4777699708938599,
                        -0.181187242269516,
                        0.11944076418876648
                    ],
                    [
                        1.584497094154358,
                        -0.2956392467021942,
                        0.02427268773317337
                    ],
                    [
                        1.5906753540039062,
                        -0.31027767062187195,
                        -0.13268616795539856
                    ],
                    [
                        1.7659506797790527,
                        -0.3834875822067261,
                        -0.15769414603710175
                    ],
                    [
                        1.8036396503448486,
                        -0.25982794165611267,
                        0.020713813602924347
                    ],
                    [
                        1.8201191425323486,
                        -0.19866108894348145,
                        -0.010313422419130802
                    ],
                    [
                        1.8671780824661255,
                        -0.256798654794693,
                        0.03813888132572174
                    ],
                    [
                        1.5189259052276611,
                        -0.17642316222190857,
                        0.06289218366146088
                    ],
                    [
                        1.6231859922409058,
                        -0.367710679769516,
                        0.1662984937429428
                    ],
                    [
                        1.7918241024017334,
                        -0.1803973913192749,
                        0.045354120433330536
                    ],
                    [
                        1.5857373476028442,
                        -0.20776695013046265,
                        -0.08380483090877533
                    ],
                    [
                        1.8890905380249023,
                        -0.16949787735939026,
                        -0.059640564024448395
                    ],
                    [
                        1.9394890069961548,
                        -0.2834978699684143,
                        0.0313766747713089
                    ],
                    [
                        1.7656652927398682,
                        -0.2575749158859253,
                        -0.06471753120422363
                    ],
                    [
                        2.094165325164795,
                        -0.2179323434829712,
                        -0.007452056743204594
                    ],
                    [
                        1.8639237880706787,
                        -0.16184839606285095,
                        -0.24387778341770172
                    ]
                ]
            ],
            "actions_pred": [
                [
                    [
                        1.31446373462677,
                        1.329153299331665,
                        1.196433663368225,
                        1.1966203451156616,
                        1.4777699708938599,
                        1.584497094154358,
                        1.5906753540039062,
                        1.7659506797790527,
                        1.8036396503448486,
                        1.8201191425323486,
                        1.8671780824661255,
                        1.5189259052276611,
                        1.6231859922409058,
                        1.7918241024017334,
                        1.5857373476028442,
                        1.8890905380249023,
                        1.9394890069961548,
                        1.7656652927398682,
                        2.094165325164795,
                        1.8639237880706787
                    ],
                    [
                        -0.009422503411769867,
                        -0.11473249644041061,
                        -0.13709917664527893,
                        -0.13642331957817078,
                        -0.181187242269516,
                        -0.2956392467021942,
                        -0.31027767062187195,
                        -0.3834875822067261,
                        -0.25982794165611267,
                        -0.19866108894348145,
                        -0.256798654794693,
                        -0.17642316222190857,
                        -0.367710679769516,
                        -0.1803973913192749,
                        -0.20776695013046265,
                        -0.16949787735939026,
                        -0.2834978699684143,
                        -0.2575749158859253,
                        -0.2179323434829712,
                        -0.16184839606285095
                    ],
                    [
                        0.002531527541577816,
                        -0.02105637639760971,
                        -0.07456158101558685,
                        -0.08915945142507553,
                        0.11944076418876648,
                        0.02427268773317337,
                        -0.13268616795539856,
                        -0.15769414603710175,
                        0.020713813602924347,
                        -0.010313422419130802,
                        0.03813888132572174,
                        0.06289218366146088,
                        0.1662984937429428,
                        0.045354120433330536,
                        -0.08380483090877533,
                        -0.059640564024448395,
                        0.0313766747713089,
                        -0.06471753120422363,
                        -0.007452056743204594,
                        -0.24387778341770172
                    ]
                ]
            ],
            "states": [
                [
                    [
                        1.0,
                        120000.0,
                        182844.0,
                        40000.0,
                        2414325.0,
                        0.0,
                        6254146.0,
                        0.0
                    ],
                    [
                        0.0,
                        0.0,
                        351618304.0,
                        80000.0,
                        13232581632.0,
                        0.0,
                        6764921.0,
                        87.0
                    ],
                    [
                        0.0,
                        0.0,
                        351618304.0,
                        80000.0,
                        13584200704.0,
                        0.0,
                        6764985.0,
                        87.0
                    ],
                    [
                        0.0,
                        0.0,
                        351618304.0,
                        80000.0,
                        13935818752.0,
                        0.0,
                        6765037.0,
                        87.0
                    ],
                    [
                        0.0,
                        0.0,
                        351618304.0,
                        80000.0,
                        0.0,
                        0.0,
                        6765101.0,
                        87.0
                    ],
                    [
                        0.0,
                        0.0,
                        237533232.0,
                        30000.0,
                        17068106752.0,
                        0.0,
                        6800061.0,
                        88.0
                    ],
                    [
                        0.0,
                        0.0,
                        237533232.0,
                        30000.0,
                        17305638912.0,
                        0.0,
                        6800113.0,
                        88.0
                    ],
                    [
                        0.0,
                        0.0,
                        237533232.0,
                        30000.0,
                        17543172096.0,
                        0.0,
                        6800177.0,
                        88.0
                    ],
                    [
                        0.0,
                        0.0,
                        237533232.0,
                        30000.0,
                        17780705280.0,
                        0.0,
                        6800241.0,
                        88.0
                    ],
                    [
                        0.0,
                        0.0,
                        237533232.0,
                        30000.0,
                        18018240512.0,
                        0.0,
                        6800321.0,
                        88.0
                    ],
                    [
                        0.0,
                        0.0,
                        237533232.0,
                        30000.0,
                        17305638912.0,
                        0.0,
                        6800113.0,
                        88.0
                    ],
                    [
                        0.0,
                        0.0,
                        237533232.0,
                        30000.0,
                        17543172096.0,
                        0.0,
                        6800177.0,
                        88.0
                    ],
                    [
                        0.0,
                        0.0,
                        237533232.0,
                        30000.0,
                        17780705280.0,
                        0.0,
                        6800241.0,
                        88.0
                    ],
                    [
                        0.0,
                        0.0,
                        237533232.0,
                        30000.0,
                        18018240512.0,
                        0.0,
                        6800321.0,
                        88.0
                    ],
                    [
                        0.0,
                        0.0,
                        237533232.0,
                        30000.0,
                        18255773696.0,
                        0.0,
                        6800401.0,
                        88.0
                    ],
                    [
                        0.0,
                        0.0,
                        363697888.0,
                        100000.0,
                        14359785472.0,
                        0.0,
                        6826205.0,
                        89.0
                    ],
                    [
                        1.0,
                        30000.0,
                        4044225.0,
                        80000.0,
                        65220072.0,
                        0.0,
                        6401146.0,
                        0.0
                    ],
                    [
                        0.0,
                        0.0,
                        363697888.0,
                        110000.0,
                        14723483648.0,
                        0.0,
                        6826285.0,
                        89.0
                    ],
                    [
                        0.0,
                        0.0,
                        363697888.0,
                        110000.0,
                        15087181824.0,
                        0.0,
                        6827785.0,
                        89.0
                    ],
                    [
                        0.0,
                        0.0,
                        363697888.0,
                        110000.0,
                        15450878976.0,
                        0.0,
                        6829285.0,
                        89.0
                    ]
                ]
            ],
            "actions": [
                [
                    [
                        0.3333333432674408
                    ],
                    [
                        0.3333333432674408
                    ],
                    [
                        0.3333333432674408
                    ],
                    [
                        0.3333333432674408
                    ],
                    [
                        0.6666666865348816
                    ],
                    [
                        0.3333333432674408
                    ],
                    [
                        0.3333333432674408
                    ],
                    [
                        0.3333333432674408
                    ],
                    [
                        0.3333333432674408
                    ],
                    [
                        0.3333333432674408
                    ],
                    [
                        0.3333333432674408
                    ],
                    [
                        0.3333333432674408
                    ],
                    [
                        0.3333333432674408
                    ],
                    [
                        0.3333333432674408
                    ],
                    [
                        0.6666666865348816
                    ],
                    [
                        0.3333333432674408
                    ],
                    [
                        0.3333333432674408
                    ],
                    [
                        0.3333333432674408
                    ],
                    [
                        0.3333333432674408
                    ],
                    [
                        0.3333333432674408
                    ]
                ]
            ],
            "returns": [
                [
                    [
                        0.19041666388511658
                    ],
                    [
                        0.1902499943971634
                    ],
                    [
                        0.1899166703224182
                    ],
                    [
                        0.18958333134651184
                    ],
                    [
                        0.18925000727176666
                    ],
                    [
                        0.1889166682958603
                    ],
                    [
                        0.1887916624546051
                    ],
                    [
                        0.1886666715145111
                    ],
                    [
                        0.18854166567325592
                    ],
                    [
                        0.18841665983200073
                    ],
                    [
                        0.18829166889190674
                    ],
                    [
                        0.18816666305065155
                    ],
                    [
                        0.18804167211055756
                    ],
                    [
                        0.18791666626930237
                    ],
                    [
                        0.18779166042804718
                    ],
                    [
                        0.18766666948795319
                    ],
                    [
                        0.18725000321865082
                    ],
                    [
                        0.18691666424274445
                    ],
                    [
                        0.18645833432674408
                    ],
                    [
                        0.1860000044107437
                    ]
                ]
            ],
            "timesteps": [
                [
                    880,
                    881,
                    882,
                    883,
                    884,
                    885,
                    886,
                    887,
                    888,
                    889,
                    890,
                    891,
                    892,
                    893,
                    894,
                    895,
                    896,
                    897,
                    898,
                    899
                ]
            ],
            "labels": [
                [
                    0,
                    0,
                    0,
                    0,
                    1,
                    0,
                    0,
                    0,
                    0,
                    0,
                    0,
                    0,
                    0,
                    0,
                    1,
                    0,
                    0,
                    0,
                    0,
                    0
                ]
            ],
            "CPU Usage": 5.1,
            "RAM Usage": 17.4,
            "GPU Usage": 42.0,
            "VRAM Usage": 15400.0,
            "Disk Read Speed (MB/s)": 75057177.68652344,
            "Disk Write Speed (MB/s)": 506878013.65722656
        },
        {
            "step": 1,
            "train_loss": 0.021232586354017258,
            "actions_pred1": [
                [
                    [
                        0.654108464717865,
                        -0.34851542115211487,
                        -0.039924256503582
                    ],
                    [
                        0.7985009551048279,
                        -0.1356375515460968,
                        -0.1763359159231186
                    ],
                    [
                        0.8622755408287048,
                        -0.10337700694799423,
                        -0.5083692073822021
                    ],
                    [
                        0.7172146439552307,
                        -0.05038817971944809,
                        -0.3595745861530304
                    ],
                    [
                        0.675400972366333,
                        -0.036331258714199066,
                        -0.4547848105430603
                    ],
                    [
                        0.7396357655525208,
                        -0.25299254059791565,
                        -0.4019034206867218
                    ],
                    [
                        1.0570952892303467,
                        -0.10437139123678207,
                        -0.4694574773311615
                    ],
                    [
                        1.094678282737732,
                        -0.18046262860298157,
                        -0.21974708139896393
                    ],
                    [
                        0.8700042366981506,
                        -0.3145769238471985,
                        -0.3399445414543152
                    ],
                    [
                        1.2940404415130615,
                        -0.21239760518074036,
                        -0.29469558596611023
                    ],
                    [
                        1.3416091203689575,
                        -0.32746705412864685,
                        -0.3402470350265503
                    ],
                    [
                        1.347805142402649,
                        -0.213934987783432,
                        -0.05091562122106552
                    ],
                    [
                        1.4498798847198486,
                        -0.2705000340938568,
                        -0.16905613243579865
                    ],
                    [
                        1.111943006515503,
                        -0.28356534242630005,
                        -0.25795167684555054
                    ],
                    [
                        1.117002010345459,
                        -0.38268035650253296,
                        -0.20329971611499786
                    ],
                    [
                        1.3120739459991455,
                        -0.33848533034324646,
                        -0.10811589658260345
                    ],
                    [
                        1.1961381435394287,
                        -0.38279661536216736,
                        -0.03274993970990181
                    ],
                    [
                        0.8688328862190247,
                        -0.29637616872787476,
                        -0.1928011029958725
                    ],
                    [
                        1.1978864669799805,
                        -0.13879376649856567,
                        -0.3317577540874481
                    ],
                    [
                        1.4349405765533447,
                        -0.11034052819013596,
                        -0.20792827010154724
                    ]
                ]
            ],
            "actions_pred": [
                [
                    [
                        0.654108464717865,
                        0.7985009551048279,
                        0.8622755408287048,
                        0.7172146439552307,
                        0.675400972366333,
                        0.7396357655525208,
                        1.0570952892303467,
                        1.094678282737732,
                        0.8700042366981506,
                        1.2940404415130615,
                        1.3416091203689575,
                        1.347805142402649,
                        1.4498798847198486,
                        1.111943006515503,
                        1.117002010345459,
                        1.3120739459991455,
                        1.1961381435394287,
                        0.8688328862190247,
                        1.1978864669799805,
                        1.4349405765533447
                    ],
                    [
                        -0.34851542115211487,
                        -0.1356375515460968,
                        -0.10337700694799423,
                        -0.05038817971944809,
                        -0.036331258714199066,
                        -0.25299254059791565,
                        -0.10437139123678207,
                        -0.18046262860298157,
                        -0.3145769238471985,
                        -0.21239760518074036,
                        -0.32746705412864685,
                        -0.213934987783432,
                        -0.2705000340938568,
                        -0.28356534242630005,
                        -0.38268035650253296,
                        -0.33848533034324646,
                        -0.38279661536216736,
                        -0.29637616872787476,
                        -0.13879376649856567,
                        -0.11034052819013596
                    ],
                    [
                        -0.039924256503582,
                        -0.1763359159231186,
                        -0.5083692073822021,
                        -0.3595745861530304,
                        -0.4547848105430603,
                        -0.4019034206867218,
                        -0.4694574773311615,
                        -0.21974708139896393,
                        -0.3399445414543152,
                        -0.29469558596611023,
                        -0.3402470350265503,
                        -0.05091562122106552,
                        -0.16905613243579865,
                        -0.25795167684555054,
                        -0.20329971611499786,
                        -0.10811589658260345,
                        -0.03274993970990181,
                        -0.1928011029958725,
                        -0.3317577540874481,
                        -0.20792827010154724
                    ]
                ]
            ],
            "states": [
                [
                    [
                        0.0,
                        0.0,
                        329755520.0,
                        90000.0,
                        11037368320.0,
                        0.0,
                        11687601.0,
                        125.0
                    ],
                    [
                        0.0,
                        0.0,
                        329755520.0,
                        90000.0,
                        11367123968.0,
                        0.0,
                        11689101.0,
                        125.0
                    ],
                    [
                        0.0,
                        0.0,
                        329755520.0,
                        90000.0,
                        11696878592.0,
                        0.0,
                        11690601.0,
                        125.0
                    ],
                    [
                        0.0,
                        0.0,
                        329755520.0,
                        90000.0,
                        12026634240.0,
                        0.0,
                        11692101.0,
                        125.0
                    ],
                    [
                        0.0,
                        0.0,
                        329755520.0,
                        90000.0,
                        12356389888.0,
                        0.0,
                        11693601.0,
                        125.0
                    ],
                    [
                        0.0,
                        0.0,
                        329755520.0,
                        90000.0,
                        11367123968.0,
                        0.0,
                        11689101.0,
                        125.0
                    ],
                    [
                        0.0,
                        0.0,
                        329755520.0,
                        90000.0,
                        11696878592.0,
                        0.0,
                        11690601.0,
                        125.0
                    ],
                    [
                        0.0,
                        0.0,
                        329755520.0,
                        90000.0,
                        12026634240.0,
                        0.0,
                        11692101.0,
                        125.0
                    ],
                    [
                        0.0,
                        0.0,
                        329755520.0,
                        90000.0,
                        12356389888.0,
                        0.0,
                        11693601.0,
                        125.0
                    ],
                    [
                        0.0,
                        0.0,
                        329755520.0,
                        90000.0,
                        0.0,
                        0.0,
                        11695101.0,
                        125.0
                    ],
                    [
                        0.0,
                        0.0,
                        165338800.0,
                        50000.0,
                        17905268736.0,
                        0.0,
                        11758213.0,
                        126.0
                    ],
                    [
                        0.0,
                        0.0,
                        165338800.0,
                        50000.0,
                        18070605824.0,
                        0.0,
                        11758265.0,
                        126.0
                    ],
                    [
                        0.0,
                        0.0,
                        165338800.0,
                        50000.0,
                        18235944960.0,
                        0.0,
                        11758317.0,
                        126.0
                    ],
                    [
                        1.0,
                        150000.0,
                        0.0,
                        10000.0,
                        0.0,
                        0.0,
                        12056198.0,
                        0.0
                    ],
                    [
                        1.0,
                        150000.0,
                        0.0,
                        10000.0,
                        0.0,
                        0.0,
                        12057698.0,
                        0.0
                    ],
                    [
                        0.0,
                        0.0,
                        165338800.0,
                        50000.0,
                        18235944960.0,
                        0.0,
                        11758317.0,
                        126.0
                    ],
                    [
                        1.0,
                        150000.0,
                        0.0,
                        10000.0,
                        0.0,
                        0.0,
                        12056198.0,
                        0.0
                    ],
                    [
                        1.0,
                        150000.0,
                        0.0,
                        10000.0,
                        0.0,
                        0.0,
                        12057698.0,
                        0.0
                    ],
                    [
                        0.0,
                        0.0,
                        165338800.0,
                        50000.0,
                        18401284096.0,
                        0.0,
                        11758369.0,
                        126.0
                    ],
                    [
                        0.0,
                        0.0,
                        165338800.0,
                        50000.0,
                        18566623232.0,
                        0.0,
                        11759869.0,
                        126.0
                    ]
                ]
            ],
            "actions": [
                [
                    [
                        0.3333333432674408
                    ],
                    [
                        0.3333333432674408
                    ],
                    [
                        0.3333333432674408
                    ],
                    [
                        0.3333333432674408
                    ],
                    [
                        0.3333333432674408
                    ],
                    [
                        0.3333333432674408
                    ],
                    [
                        0.3333333432674408
                    ],
                    [
                        0.3333333432674408
                    ],
                    [
                        0.3333333432674408
                    ],
                    [
                        0.6666666865348816
                    ],
                    [
                        0.3333333432674408
                    ],
                    [
                        0.3333333432674408
                    ],
                    [
                        0.3333333432674408
                    ],
                    [
                        0.3333333432674408
                    ],
                    [
                        0.3333333432674408
                    ],
                    [
                        0.3333333432674408
                    ],
                    [
                        0.3333333432674408
                    ],
                    [
                        0.3333333432674408
                    ],
                    [
                        1.0
                    ],
                    [
                        1.0
                    ]
                ]
            ],
            "returns": [
                [
                    [
                        0.02383333258330822
                    ],
                    [
                        0.023458333685994148
                    ],
                    [
                        0.023083332926034927
                    ],
                    [
                        0.022708334028720856
                    ],
                    [
                        0.022333333268761635
                    ],
                    [
                        0.021958332508802414
                    ],
                    [
                        0.021583333611488342
                    ],
                    [
                        0.02120833285152912
                    ],
                    [
                        0.02083333395421505
                    ],
                    [
                        0.02045833319425583
                    ],
                    [
                        0.020083332434296608
                    ],
                    [
                        0.019874999299645424
                    ],
                    [
                        0.01966666616499424
                    ],
                    [
                        0.019458333030343056
                    ],
                    [
                        0.01941666752099991
                    ],
                    [
                        0.019375000149011612
                    ],
                    [
                        0.019166667014360428
                    ],
                    [
                        0.01912499964237213
                    ],
                    [
                        0.019083334133028984
                    ],
                    [
                        0.01887499913573265
                    ]
                ]
            ],
            "timesteps": [
                [
                    1340,
                    1341,
                    1342,
                    1343,
                    1344,
                    1345,
                    1346,
                    1347,
                    1348,
                    1349,
                    1350,
                    1351,
                    1352,
                    1353,
                    1354,
                    1355,
                    1356,
                    1357,
                    1358,
                    1359
                ]
            ],
            "labels": [
                [
                    0,
                    0,
                    0,
                    0,
                    0,
                    0,
                    0,
                    0,
                    0,
                    1,
                    0,
                    0,
                    0,
                    0,
                    0,
                    0,
                    0,
                    0,
                    2,
                    2
                ]
            ],
            "CPU Usage": 4.5,
            "RAM Usage": 17.4,
            "GPU Usage": 42.0,
            "VRAM Usage": 15400.0,
            "Disk Read Speed (MB/s)": 75057177.68652344,
            "Disk Write Speed (MB/s)": 506878013.65722656
        },
        {
            "step": 2,
            "train_loss": 0.015250245109200478,
            "actions_pred1": [
                [
                    [
                        1.6146070957183838,
                        0.06043858081102371,
                        -0.2804941236972809
                    ],
                    [
                        1.3417671918869019,
                        0.07453993707895279,
                        -0.2637457847595215
                    ],
                    [
                        1.6431546211242676,
                        0.046022795140743256,
                        -0.21255843341350555
                    ],
                    [
                        1.6542878150939941,
                        -0.17888212203979492,
                        -0.30584007501602173
                    ],
                    [
                        1.9707335233688354,
                        -0.24753937125205994,
                        0.053988054394721985
                    ],
                    [
                        1.7240331172943115,
                        -0.6741986870765686,
                        -0.2938070595264435
                    ],
                    [
                        1.4809149503707886,
                        -0.5531749129295349,
                        -0.08436580002307892
                    ],
                    [
                        1.3865861892700195,
                        -0.3912958800792694,
                        0.07737407088279724
                    ],
                    [
                        1.6667176485061646,
                        -0.4375835359096527,
                        -0.015386492945253849
                    ],
                    [
                        1.712491750717163,
                        -0.32012662291526794,
                        -0.14357127249240875
                    ],
                    [
                        1.8035808801651,
                        -0.47374916076660156,
                        -0.026433318853378296
                    ],
                    [
                        1.8962783813476562,
                        -0.5537354350090027,
                        0.12306365370750427
                    ],
                    [
                        1.5573930740356445,
                        -0.2710095942020416,
                        -0.05783410370349884
                    ],
                    [
                        1.7798385620117188,
                        -0.30308833718299866,
                        -0.21109940111637115
                    ],
                    [
                        1.9156746864318848,
                        -0.4345661401748657,
                        0.06712287664413452
                    ],
                    [
                        1.708804726600647,
                        -0.5106989145278931,
                        -0.19478175044059753
                    ],
                    [
                        1.859394907951355,
                        -0.6201315522193909,
                        -0.339659184217453
                    ],
                    [
                        1.8219102621078491,
                        -0.34920695424079895,
                        -0.07773235440254211
                    ],
                    [
                        1.6527913808822632,
                        -0.41478878259658813,
                        -0.2833162844181061
                    ],
                    [
                        1.801999807357788,
                        -0.5413424968719482,
                        -0.22067119181156158
                    ]
                ]
            ],
            "actions_pred": [
                [
                    [
                        1.6146070957183838,
                        1.3417671918869019,
                        1.6431546211242676,
                        1.6542878150939941,
                        1.9707335233688354,
                        1.7240331172943115,
                        1.4809149503707886,
                        1.3865861892700195,
                        1.6667176485061646,
                        1.712491750717163,
