{
    "steps": [
        {
            "step": 0,
            "train_loss": 0.005626786965876818,
            "actions_pred1": [
                [
                    [
                        3.4178688526153564,
                        -1.7033392190933228,
                        -1.6319886445999146
                    ],
                    [
                        3.2824079990386963,
                        -1.3695883750915527,
                        -2.1384472846984863
                    ],
                    [
                        3.6411168575286865,
                        -1.205501675605774,
                        -2.395965576171875
                    ],
                    [
                        2.9519786834716797,
                        0.12509498000144958,
                        -2.125084161758423
                    ],
                    [
                        2.375161647796631,
                        -0.18262547254562378,
                        -1.997886300086975
                    ],
                    [
                        2.1934311389923096,
                        -0.11074256896972656,
                        -2.153886079788208
                    ],
                    [
                        2.372206926345825,
                        -0.33850857615470886,
                        -1.7813787460327148
                    ],
                    [
                        2.6205029487609863,
                        -0.4664978086948395,
                        -1.790919542312622
                    ],
                    [
                        2.770233392715454,
                        -0.16435346007347107,
                        -1.7318239212036133
                    ],
                    [
                        2.7452166080474854,
                        -0.4092017114162445,
                        -1.1388124227523804
                    ],
                    [
                        3.3885080814361572,
                        -0.6649827361106873,
                        -1.8682256937026978
                    ],
                    [
                        2.457721710205078,
                        0.027310941368341446,
                        -1.2982902526855469
                    ],
                    [
                        2.9017083644866943,
                        0.125447615981102,
                        -1.4067498445510864
                    ],
                    [
                        2.4577598571777344,
                        0.047531116753816605,
                        -1.7082582712173462
                    ],
                    [
                        -0.16725796461105347,
                        3.40248703956604,
                        -1.2699028253555298
                    ],
                    [
                        3.3635854721069336,
                        -1.0937310457229614,
                        -1.304243803024292
                    ],
                    [
                        3.635305643081665,
                        -0.7470629811286926,
                        -1.1092172861099243
                    ],
                    [
                        3.073317527770996,
                        0.11206047236919403,
                        -1.6032003164291382
                    ],
                    [
                        3.206669330596924,
                        -0.8251258730888367,
                        -1.6785670518875122
                    ],
                    [
                        3.4167349338531494,
                        -0.5103669166564941,
                        -1.3423770666122437
                    ]
                ]
            ],
            "actions_pred": [
                [
                    [
                        3.4178688526153564,
                        3.2824079990386963,
                        3.6411168575286865,
                        2.9519786834716797,
                        2.375161647796631,
                        2.1934311389923096,
                        2.372206926345825,
                        2.6205029487609863,
                        2.770233392715454,
                        2.7452166080474854,
                        3.3885080814361572,
                        2.457721710205078,
                        2.9017083644866943,
                        2.4577598571777344,
                        -0.16725796461105347,
                        3.3635854721069336,
                        3.635305643081665,
                        3.073317527770996,
                        3.206669330596924,
                        3.4167349338531494
                    ],
                    [
                        -1.7033392190933228,
                        -1.3695883750915527,
                        -1.205501675605774,
                        0.12509498000144958,
                        -0.18262547254562378,
                        -0.11074256896972656,
                        -0.33850857615470886,
                        -0.4664978086948395,
                        -0.16435346007347107,
                        -0.4092017114162445,
                        -0.6649827361106873,
                        0.027310941368341446,
                        0.125447615981102,
                        0.047531116753816605,
                        3.40248703956604,
                        -1.0937310457229614,
                        -0.7470629811286926,
                        0.11206047236919403,
                        -0.8251258730888367,
                        -0.5103669166564941
                    ],
                    [
                        -1.6319886445999146,
                        -2.1384472846984863,
                        -2.395965576171875,
                        -2.125084161758423,
                        -1.997886300086975,
                        -2.153886079788208,
                        -1.7813787460327148,
                        -1.790919542312622,
                        -1.7318239212036133,
                        -1.1388124227523804,
                        -1.8682256937026978,
                        -1.2982902526855469,
                        -1.4067498445510864,
                        -1.7082582712173462,
                        -1.2699028253555298,
                        -1.304243803024292,
                        -1.1092172861099243,
                        -1.6032003164291382,
                        -1.6785670518875122,
                        -1.3423770666122437
                    ]
                ]
            ],
            "states": [
                [
                    [
                        0.0,
                        0.0,
                        496573472.0,
                        130000.0,
                        16711602176.0,
                        0.0,
                        6481301.0,
                        61.0
                    ],
                    [
                        0.0,
                        0.0,
                        496573472.0,
                        130000.0,
                        17208176640.0,
                        0.0,
                        6481381.0,
                        61.0
                    ],
                    [
                        0.0,
                        0.0,
                        496573472.0,
                        130000.0,
                        17704749056.0,
                        0.0,
                        6481433.0,
                        61.0
                    ],
                    [
                        0.0,
                        0.0,
                        496573472.0,
                        130000.0,
                        18201323520.0,
                        0.0,
                        6481513.0,
                        61.0
                    ],
                    [
                        0.0,
                        0.0,
                        496573472.0,
                        130000.0,
                        18697895936.0,
                        0.0,
                        6481565.0,
                        61.0
                    ],
                    [
                        0.0,
                        0.0,
                        539523136.0,
                        150000.0,
                        5505257472.0,
                        0.0,
                        6485201.0,
                        62.0
                    ],
                    [
                        0.0,
                        0.0,
                        539523136.0,
                        150000.0,
                        6044781056.0,
                        0.0,
                        6486701.0,
                        62.0
                    ],
                    [
                        0.0,
                        0.0,
                        539523136.0,
                        150000.0,
                        6584304128.0,
                        0.0,
                        6488201.0,
                        62.0
                    ],
                    [
                        0.0,
                        0.0,
                        539523136.0,
                        150000.0,
                        7123827200.0,
                        0.0,
                        6488253.0,
                        62.0
                    ],
                    [
                        0.0,
                        0.0,
                        539523136.0,
                        180000.0,
                        7663350272.0,
                        0.0,
                        6488305.0,
                        62.0
                    ],
                    [
                        0.0,
                        0.0,
                        539523136.0,
                        150000.0,
                        6044781056.0,
                        0.0,
                        6486701.0,
                        62.0
                    ],
                    [
                        0.0,
                        0.0,
                        539523136.0,
                        150000.0,
                        6584304128.0,
                        0.0,
                        6488201.0,
                        62.0
                    ],
                    [
                        0.0,
                        0.0,
                        539523136.0,
                        150000.0,
                        7123827200.0,
                        0.0,
                        6488253.0,
                        62.0
                    ],
                    [
                        0.0,
                        0.0,
                        539523136.0,
                        180000.0,
                        7663350272.0,
                        0.0,
                        6488305.0,
                        62.0
                    ],
                    [
                        0.0,
                        0.0,
                        539523136.0,
                        180000.0,
                        0.0,
                        0.0,
                        6489805.0,
                        62.0
                    ],
                    [
                        1.0,
                        45000.0,
                        43909.0,
                        60000.0,
                        63370596.0,
                        0.0,
                        5877646.0,
                        0.0
                    ],
                    [
                        1.0,
                        45000.0,
                        43909.0,
                        60000.0,
                        63414504.0,
                        0.0,
                        5879146.0,
                        0.0
                    ],
                    [
                        0.0,
                        0.0,
                        582472832.0,
                        190000.0,
                        6106553344.0,
                        0.0,
                        6499065.0,
                        63.0
                    ],
                    [
                        1.0,
                        45000.0,
                        43909.0,
                        60000.0,
                        63458412.0,
                        0.0,
                        5880646.0,
                        0.0
                    ],
                    [
                        1.0,
                        45000.0,
                        43909.0,
                        60000.0,
                        63502320.0,
                        0.0,
                        5882146.0,
                        0.0
                    ]
                ]
            ],
            "actions": [
                [
                    [
                        0.3333333432674408
                    ],
                    [
                        0.3333333432674408
                    ],
                    [
                        0.3333333432674408
                    ],
                    [
                        0.3333333432674408
                    ],
                    [
                        0.6666666865348816
                    ],
                    [
                        0.3333333432674408
                    ],
                    [
                        0.3333333432674408
                    ],
                    [
                        0.3333333432674408
                    ],
                    [
                        0.3333333432674408
                    ],
                    [
                        0.3333333432674408
                    ],
                    [
                        0.3333333432674408
                    ],
                    [
                        0.3333333432674408
                    ],
                    [
                        0.3333333432674408
                    ],
                    [
                        0.3333333432674408
                    ],
                    [
                        0.6666666865348816
                    ],
                    [
                        0.3333333432674408
                    ],
                    [
                        0.3333333432674408
                    ],
                    [
                        0.3333333432674408
                    ],
                    [
                        0.3333333432674408
                    ],
                    [
                        0.3333333432674408
                    ]
                ]
            ],
            "returns": [
                [
                    [
                        0.2944166660308838
                    ],
                    [
                        0.2938750088214874
                    ],
                    [
                        0.2933333218097687
                    ],
                    [
                        0.2927916646003723
                    ],
                    [
                        0.29225000739097595
                    ],
                    [
                        0.2917083203792572
                    ],
                    [
                        0.29108333587646484
                    ],
                    [
                        0.2904583215713501
                    ],
                    [
                        0.28983333706855774
                    ],
                    [
                        0.289208322763443
                    ],
                    [
                        0.28845834732055664
                    ],
                    [
                        0.2878333330154419
                    ],
                    [
                        0.28720831871032715
                    ],
                    [
                        0.2865833342075348
                    ],
                    [
                        0.28583332896232605
                    ],
                    [
                        0.2850833237171173
                    ],
                    [
                        0.2848333418369293
                    ],
                    [
                        0.28458333015441895
                    ],
                    [
                        0.2837916612625122
                    ],
                    [
                        0.2835416793823242
                    ]
                ]
            ],
            "timesteps": [
                [
                    620,
                    621,
                    622,
                    623,
                    624,
                    625,
                    626,
                    627,
                    628,
                    629,
                    630,
                    631,
                    632,
                    633,
                    634,
                    635,
                    636,
                    637,
                    638,
                    639
                ]
            ],
            "labels": [
                [
                    0,
                    0,
                    0,
                    0,
                    1,
                    0,
                    0,
                    0,
                    0,
                    0,
                    0,
                    0,
                    0,
                    0,
                    1,
                    0,
                    0,
                    0,
                    0,
                    0
                ]
            ],
            "CPU Usage": 4.4,
            "RAM Usage": 17.4,
            "GPU Usage": 42.0,
            "VRAM Usage": 15400.0,
            "Disk Read Speed (MB/s)": 75057177.68652344,
            "Disk Write Speed (MB/s)": 506878191.5126953
        },
        {
            "step": 1,
            "train_loss": 0.0014205724000930786,
            "actions_pred1": [
                [
                    [
                        2.781935214996338,
                        -1.4726288318634033,
                        -1.1994768381118774
                    ],
                    [
                        2.8672804832458496,
                        -1.1712541580200195,
                        -1.2628575563430786
                    ],
                    [
                        2.6718204021453857,
                        -0.7534175515174866,
                        -1.4092868566513062
                    ],
                    [
                        3.3287134170532227,
                        -0.608783483505249,
                        -2.0163795948028564
                    ],
                    [
                        -0.23055779933929443,
                        2.5444817543029785,
                        -1.362289547920227
                    ],
                    [
                        2.7230727672576904,
                        -0.2466990202665329,
                        -2.1958656311035156
                    ],
                    [
                        3.3087892532348633,
                        -0.4641507565975189,
                        -1.3694193363189697
                    ],
                    [
                        3.1171233654022217,
                        -0.21355032920837402,
                        -1.4931122064590454
                    ],
                    [
                        3.8838772773742676,
                        0.050308529287576675,
                        -1.349416971206665
                    ],
                    [
                        3.4505152702331543,
                        -0.004894811660051346,
                        -1.378089189529419
                    ],
                    [
                        3.3398542404174805,
                        -0.11909924447536469,
                        -1.3466213941574097
                    ],
                    [
                        3.2694427967071533,
                        -0.20117981731891632,
                        -1.7628191709518433
                    ],
                    [
                        2.99005126953125,
                        -0.1622423380613327,
                        -1.881716251373291
                    ],
                    [
                        3.468841075897217,
                        0.36056801676750183,
                        -1.779379963874817
                    ],
                    [
                        -0.41544708609580994,
                        3.6480393409729004,
                        -0.8076624870300293
                    ],
                    [
                        3.8562350273132324,
                        -0.311835914850235,
                        -1.9294092655181885
                    ],
                    [
                        -0.5916585922241211,
                        3.4233815670013428,
                        -1.5280553102493286
                    ],
                    [
                        3.4722514152526855,
                        -0.37394842505455017,
                        -1.7550984621047974
                    ],
                    [
                        2.767059326171875,
                        0.3193627893924713,
                        -1.8102850914001465
                    ],
                    [
                        2.119494676589966,
                        -0.06715148687362671,
                        -1.584714651107788
                    ]
                ]
            ],
            "actions_pred": [
                [
                    [
                        2.781935214996338,
                        2.8672804832458496,
                        2.6718204021453857,
                        3.3287134170532227,
                        -0.23055779933929443,
                        2.7230727672576904,
                        3.3087892532348633,
                        3.1171233654022217,
                        3.8838772773742676,
                        3.4505152702331543,
                        3.3398542404174805,
                        3.2694427967071533,
                        2.99005126953125,
                        3.468841075897217,
                        -0.41544708609580994,
                        3.8562350273132324,
                        -0.5916585922241211,
                        3.4722514152526855,
                        2.767059326171875,
                        2.119494676589966
                    ],
                    [
                        -1.4726288318634033,
                        -1.1712541580200195,
                        -0.7534175515174866,
                        -0.608783483505249,
                        2.5444817543029785,
                        -0.2466990202665329,
                        -0.4641507565975189,
                        -0.21355032920837402,
                        0.050308529287576675,
                        -0.004894811660051346,
                        -0.11909924447536469,
                        -0.20117981731891632,
                        -0.1622423380613327,
                        0.36056801676750183,
                        3.6480393409729004,
                        -0.311835914850235,
                        3.4233815670013428,
                        -0.37394842505455017,
                        0.3193627893924713,
                        -0.06715148687362671
                    ],
                    [
                        -1.1994768381118774,
                        -1.2628575563430786,
                        -1.4092868566513062,
                        -2.0163795948028564,
                        -1.362289547920227,
                        -2.1958656311035156,
                        -1.3694193363189697,
                        -1.4931122064590454,
                        -1.349416971206665,
                        -1.378089189529419,
                        -1.3466213941574097,
                        -1.7628191709518433,
                        -1.881716251373291,
                        -1.779379963874817,
                        -0.8076624870300293,
                        -1.9294092655181885,
                        -1.5280553102493286,
                        -1.7550984621047974,
                        -1.8102850914001465,
                        -1.584714651107788
                    ]
                ]
            ],
            "states": [
                [
                    [
                        0.0,
                        0.0,
                        508799840.0,
                        140000.0,
                        4070398720.0,
                        0.0,
                        8654181.0,
                        108.0
                    ],
                    [
                        0.0,
                        0.0,
                        508799840.0,
                        140000.0,
                        4579198464.0,
                        0.0,
                        8655681.0,
                        108.0
                    ],
                    [
                        0.0,
                        0.0,
                        508799840.0,
                        140000.0,
                        5087998464.0,
                        0.0,
                        8657181.0,
                        108.0
                    ],
                    [
                        0.0,
                        0.0,
                        508799840.0,
                        140000.0,
                        5596798464.0,
                        0.0,
                        8657233.0,
                        108.0
                    ],
                    [
                        0.0,
                        0.0,
                        508799840.0,
                        140000.0,
                        0.0,
                        0.0,
                        8658733.0,
                        108.0
                    ],
                    [
                        0.0,
                        0.0,
                        475245408.0,
                        90000.0,
                        9538462720.0,
                        0.0,
                        8669921.0,
                        109.0
                    ],
                    [
                        0.0,
                        0.0,
                        475245408.0,
                        100000.0,
                        10013708288.0,
                        0.0,
                        8669973.0,
                        109.0
                    ],
                    [
                        0.0,
                        0.0,
                        475245408.0,
                        100000.0,
                        10488953856.0,
                        0.0,
                        8671473.0,
                        109.0
                    ],
                    [
                        1.0,
                        0.0,
                        51061060.0,
                        90000.0,
                        2154665472.0,
                        0.0,
                        9513646.0,
                        0.0
                    ],
                    [
                        1.0,
                        0.0,
                        51061060.0,
                        90000.0,
                        2205726464.0,
                        0.0,
                        9515146.0,
                        0.0
                    ],
                    [
                        0.0,
                        0.0,
                        475245408.0,
                        100000.0,
                        10013708288.0,
                        0.0,
                        8669973.0,
                        109.0
                    ],
                    [
                        0.0,
                        0.0,
                        475245408.0,
                        100000.0,
                        10488953856.0,
                        0.0,
                        8671473.0,
                        109.0
                    ],
                    [
                        1.0,
                        0.0,
                        51061060.0,
                        90000.0,
                        2154665472.0,
                        0.0,
                        9513646.0,
                        0.0
                    ],
                    [
                        1.0,
                        0.0,
                        51061060.0,
                        90000.0,
                        2205726464.0,
                        0.0,
                        9515146.0,
                        0.0
                    ],
                    [
                        0.0,
                        0.0,
                        475245408.0,
                        100000.0,
                        0.0,
                        0.0,
                        8672973.0,
                        109.0
                    ],
                    [
                        1.0,
                        0.0,
                        51061060.0,
                        90000.0,
                        2205726464.0,
                        0.0,
                        9515146.0,
                        0.0
                    ],
                    [
                        0.0,
                        0.0,
                        475245408.0,
                        100000.0,
                        0.0,
                        0.0,
                        8672973.0,
                        109.0
                    ],
                    [
                        0.0,
                        0.0,
                        475245408.0,
                        100000.0,
                        475245408.0,
                        0.0,
                        8673025.0,
                        110.0
                    ],
                    [
                        0.0,
                        0.0,
                        475245408.0,
                        100000.0,
                        950490816.0,
                        0.0,
                        8673077.0,
                        110.0
                    ],
                    [
                        0.0,
                        0.0,
                        475245408.0,
                        100000.0,
                        1425736320.0,
                        0.0,
                        8673129.0,
                        110.0
                    ]
                ]
            ],
            "actions": [
                [
                    [
                        0.3333333432674408
                    ],
                    [
                        0.3333333432674408
                    ],
                    [
                        0.3333333432674408
                    ],
                    [
                        0.3333333432674408
                    ],
                    [
                        0.6666666865348816
                    ],
                    [
                        0.3333333432674408
                    ],
                    [
                        0.3333333432674408
                    ],
                    [
                        0.3333333432674408
                    ],
                    [
                        0.3333333432674408
                    ],
                    [
                        0.3333333432674408
                    ],
                    [
                        0.3333333432674408
                    ],
                    [
                        0.3333333432674408
                    ],
                    [
                        0.3333333432674408
                    ],
                    [
                        0.3333333432674408
                    ],
                    [
                        0.6666666865348816
                    ],
                    [
                        0.3333333432674408
                    ],
                    [
                        0.6666666865348816
                    ],
                    [
                        0.3333333432674408
                    ],
                    [
                        0.3333333432674408
                    ],
                    [
                        0.3333333432674408
                    ]
                ]
            ],
            "returns": [
                [
                    [
                        0.10045833140611649
                    ],
                    [
                        0.09987500309944153
                    ],
                    [
                        0.09929166734218597
                    ],
                    [
                        0.09870833158493042
                    ],
                    [
                        0.09812500327825546
                    ],
                    [
                        0.09754166752099991
                    ],
                    [
                        0.09716666489839554
                    ],
                    [
                        0.09674999862909317
                    ],
                    [
                        0.0963333323597908
                    ],
                    [
                        0.09595832973718643
                    ],
                    [
                        0.09558333456516266
                    ],
                    [
                        0.09516666829586029
                    ],
                    [
                        0.09475000202655792
                    ],
                    [
                        0.09437499940395355
                    ],
                    [
                        0.09399999678134918
                    ],
                    [
                        0.09358333051204681
                    ],
                    [
                        0.09320833534002304
                    ],
                    [
                        0.09279166907072067
                    ],
                    [
                        0.0923750028014183
                    ],
                    [
                        0.09195833653211594
                    ]
                ]
            ],
            "timesteps": [
                [
                    1120,
                    1121,
                    1122,
                    1123,
                    1124,
                    1125,
                    1126,
                    1127,
                    1128,
                    1129,
                    1130,
                    1131,
                    1132,
                    1133,
                    1134,
                    1135,
                    1136,
                    1137,
                    1138,
                    1139
                ]
            ],
            "labels": [
                [
                    0,
                    0,
                    0,
                    0,
                    1,
                    0,
                    0,
                    0,
                    0,
                    0,
                    0,
                    0,
                    0,
                    0,
                    1,
                    0,
                    1,
                    0,
                    0,
                    0
                ]
            ],
            "CPU Usage": 4.2,
            "RAM Usage": 17.4,
            "GPU Usage": 47.0,
            "VRAM Usage": 15400.0,
            "Disk Read Speed (MB/s)": 75057177.68652344,
            "Disk Write Speed (MB/s)": 506878191.5126953
        },
        {
            "step": 2,
            "train_loss": 0.0015045313630253077,
            "actions_pred1": [
                [
                    [
                        2.803481101989746,
                        -1.5035300254821777,
                        -1.6205449104309082
                    ],
                    [
                        2.4888410568237305,
                        -1.352971076965332,
                        -1.576540470123291
                    ],
                    [
                        2.3089661598205566,
                        -1.0058374404907227,
                        -1.7044256925582886
                    ],
                    [
                        2.054612636566162,
                        -0.5280120372772217,
                        -1.3990859985351562
                    ],
                    [
                        -0.6652584075927734,
                        2.3123819828033447,
                        -1.5086047649383545
                    ],
                    [
                        3.240701198577881,
                        -0.6888087391853333,
                        -1.545804738998413
                    ],
                    [
                        3.1708879470825195,
                        -1.1932001113891602,
                        -1.4843086004257202
                    ],
                    [
                        3.0744075775146484,
                        -0.46241047978401184,
                        -0.9107998609542847
                    ],
                    [
                        3.7443058490753174,
                        -1.186955213546753,
                        -1.410346508026123
                    ],
                    [
                        3.5920777320861816,
                        -0.5502496361732483,
                        -0.7915317416191101
                    ],
                    [
                        2.9467692375183105,
                        -0.29603567719459534,
                        -1.6409002542495728
                    ],
                    [
                        3.413533926010132,
                        -0.9177252650260925,
                        -1.0181690454483032
                    ],
                    [
                        3.3337888717651367,
                        -1.523822546005249,
                        -0.9993410110473633
                    ],
                    [
                        3.2486610412597656,
                        -0.7621579766273499,
                        -1.5828300714492798
                    ],
                    [
                        -0.47482648491859436,
                        2.2447669506073,
                        -0.6101863384246826
                    ],
                    [
                        3.241548776626587,
                        -0.3681534230709076,
                        -1.4342118501663208
                    ],
                    [
                        2.919928789138794,
                        -0.6475280523300171,
                        -1.1319948434829712
                    ],
                    [
                        2.7120282649993896,
                        0.33279332518577576,
                        -1.1080349683761597
                    ],
                    [
                        3.1444592475891113,
                        -0.6798959970474243,
                        -0.849121630191803
                    ],
                    [
                        2.7953271865844727,
                        -0.1716548204421997,
                        -0.8891635537147522
                    ]
                ]
            ],
            "actions_pred": [
                [
                    [
                        2.803481101989746,
                        2.4888410568237305,
                        2.3089661598205566,
                        2.054612636566162,
                        -0.6652584075927734,
                        3.240701198577881,
                        3.1708879470825195,
                        3.0744075775146484,
                        3.7443058490753174,
                        3.5920777320861816,
                        2.9467692375183105,
                        3.413533926010132,
                        3.3337888717651367,
