{
    "steps": [
        {
            "step": 0,
            "train_loss": 0.010719489306211472,
            "actions_pred1": [
                [
                    [
                        1.5677340030670166,
                        0.1184084564447403,
                        -1.2206474542617798
                    ],
                    [
                        1.7904294729232788,
                        0.04447893798351288,
                        -1.1041821241378784
                    ],
                    [
                        1.9972249269485474,
                        0.16679611802101135,
                        -1.3759156465530396
                    ],
                    [
                        2.010023593902588,
                        0.07849252223968506,
                        -1.4627467393875122
                    ],
                    [
                        1.8944385051727295,
                        0.0835052877664566,
                        -1.0134153366088867
                    ],
                    [
                        2.3872594833374023,
                        0.04218287765979767,
                        -1.3132779598236084
                    ],
                    [
                        2.339102268218994,
                        0.10616683959960938,
                        -1.1115400791168213
                    ],
                    [
                        2.277186632156372,
                        -0.11892221868038177,
                        -1.1814616918563843
                    ],
                    [
                        2.130307912826538,
                        0.07571759819984436,
                        -1.2688361406326294
                    ],
                    [
                        2.1149611473083496,
                        -0.1853046864271164,
                        -1.200880765914917
                    ],
                    [
                        2.540576934814453,
                        -0.17132718861103058,
                        -1.145326852798462
                    ],
                    [
                        2.56203556060791,
                        -0.2025504857301712,
                        -0.8917950987815857
                    ],
                    [
                        2.3454389572143555,
                        -0.4165612459182739,
                        -0.8447981476783752
                    ],
                    [
                        2.104870319366455,
                        -0.38582149147987366,
                        -1.1068198680877686
                    ],
                    [
                        2.2150588035583496,
                        -0.3024968206882477,
                        -0.9827302694320679
                    ],
                    [
                        2.420149087905884,
                        -0.4642365574836731,
                        -1.2216389179229736
                    ],
                    [
                        2.7241055965423584,
                        -0.3556944727897644,
                        -1.4021713733673096
                    ],
                    [
                        2.4187512397766113,
                        -0.26798921823501587,
                        -1.4732682704925537
                    ],
                    [
                        2.786044120788574,
                        -0.3397104740142822,
                        -1.2244683504104614
                    ],
                    [
                        2.3748779296875,
                        -0.16906078159809113,
                        -1.2909677028656006
                    ]
                ]
            ],
            "actions_pred": [
                [
                    [
                        1.5677340030670166,
                        1.7904294729232788,
                        1.9972249269485474,
                        2.010023593902588,
                        1.8944385051727295,
                        2.3872594833374023,
                        2.339102268218994,
                        2.277186632156372,
                        2.130307912826538,
                        2.1149611473083496,
                        2.540576934814453,
                        2.56203556060791,
                        2.3454389572143555,
                        2.104870319366455,
                        2.2150588035583496,
                        2.420149087905884,
                        2.7241055965423584,
                        2.4187512397766113,
                        2.786044120788574,
                        2.3748779296875
                    ],
                    [
                        0.1184084564447403,
                        0.04447893798351288,
                        0.16679611802101135,
                        0.07849252223968506,
                        0.0835052877664566,
                        0.04218287765979767,
                        0.10616683959960938,
                        -0.11892221868038177,
                        0.07571759819984436,
                        -0.1853046864271164,
                        -0.17132718861103058,
                        -0.2025504857301712,
                        -0.4165612459182739,
                        -0.38582149147987366,
                        -0.3024968206882477,
                        -0.4642365574836731,
                        -0.3556944727897644,
                        -0.26798921823501587,
                        -0.3397104740142822,
                        -0.16906078159809113
                    ],
                    [
                        -1.2206474542617798,
                        -1.1041821241378784,
                        -1.3759156465530396,
                        -1.4627467393875122,
                        -1.0134153366088867,
                        -1.3132779598236084,
                        -1.1115400791168213,
                        -1.1814616918563843,
                        -1.2688361406326294,
                        -1.200880765914917,
                        -1.145326852798462,
                        -0.8917950987815857,
                        -0.8447981476783752,
                        -1.1068198680877686,
                        -0.9827302694320679,
                        -1.2216389179229736,
                        -1.4021713733673096,
                        -1.4732682704925537,
                        -1.2244683504104614,
                        -1.2909677028656006
                    ]
                ]
            ],
            "states": [
                [
                    [
                        0.0,
                        0.0,
                        426975520.0,
                        110000.0,
                        426975520.0,
                        0.0,
                        3285413.0,
                        23.0
                    ],
                    [
                        0.0,
                        0.0,
                        426975520.0,
                        110000.0,
                        853951040.0,
                        0.0,
                        3286913.0,
                        23.0
                    ],
                    [
                        0.0,
                        0.0,
                        426975520.0,
                        110000.0,
                        1280926592.0,
                        0.0,
                        3288413.0,
                        23.0
                    ],
                    [
                        0.0,
                        0.0,
                        426975520.0,
                        110000.0,
                        1707902080.0,
                        0.0,
                        3289913.0,
                        23.0
                    ],
                    [
                        0.0,
                        0.0,
                        426975520.0,
                        110000.0,
                        0.0,
                        0.0,
                        3291413.0,
                        23.0
                    ],
                    [
                        0.0,
                        0.0,
                        393421088.0,
                        100000.0,
                        9283566592.0,
                        0.0,
                        3307261.0,
                        24.0
                    ],
                    [
                        0.0,
                        0.0,
                        393421088.0,
                        100000.0,
                        9676987392.0,
                        0.0,
                        3307313.0,
                        24.0
                    ],
                    [
                        0.0,
                        0.0,
                        393421088.0,
                        100000.0,
                        10070408192.0,
                        0.0,
                        3307385.0,
                        24.0
                    ],
                    [
                        1.0,
                        150000.0,
                        0.0,
                        90000.0,
                        0.0,
                        0.0,
                        2433646.0,
                        0.0
                    ],
                    [
                        1.0,
                        150000.0,
                        0.0,
                        90000.0,
                        0.0,
                        0.0,
                        2435146.0,
                        0.0
                    ],
                    [
                        0.0,
                        0.0,
                        393421088.0,
                        100000.0,
                        9676987392.0,
                        0.0,
                        3307313.0,
                        24.0
                    ],
                    [
                        0.0,
                        0.0,
                        393421088.0,
                        100000.0,
                        10070408192.0,
                        0.0,
                        3307385.0,
                        24.0
                    ],
                    [
                        1.0,
                        150000.0,
                        0.0,
                        90000.0,
                        0.0,
                        0.0,
                        2433646.0,
                        0.0
                    ],
                    [
                        1.0,
                        150000.0,
                        0.0,
                        90000.0,
                        0.0,
                        0.0,
                        2435146.0,
                        0.0
                    ],
                    [
                        0.0,
                        0.0,
                        393421088.0,
                        100000.0,
                        0.0,
                        0.0,
                        3307457.0,
                        24.0
                    ],
                    [
                        0.0,
                        0.0,
                        393421088.0,
                        100000.0,
                        3540790016.0,
                        0.0,
                        3310937.0,
                        25.0
                    ],
                    [
                        0.0,
                        0.0,
                        393421088.0,
                        100000.0,
                        3934211072.0,
                        0.0,
                        3310989.0,
                        25.0
                    ],
                    [
                        0.0,
                        0.0,
                        393421088.0,
                        100000.0,
                        4327631872.0,
                        0.0,
                        3311041.0,
                        25.0
                    ],
                    [
                        0.0,
                        0.0,
                        393421088.0,
                        100000.0,
                        4721053184.0,
                        0.0,
                        3312541.0,
                        25.0
                    ],
                    [
                        0.0,
                        0.0,
                        393421088.0,
                        100000.0,
                        5114474496.0,
                        0.0,
                        3314041.0,
                        25.0
                    ]
                ]
            ],
            "actions": [
                [
                    [
                        0.3333333432674408
                    ],
                    [
                        0.3333333432674408
                    ],
                    [
                        0.3333333432674408
                    ],
                    [
                        0.3333333432674408
                    ],
                    [
                        0.6666666865348816
                    ],
                    [
                        0.3333333432674408
                    ],
                    [
                        0.3333333432674408
                    ],
                    [
                        0.3333333432674408
                    ],
                    [
                        0.3333333432674408
                    ],
                    [
                        0.3333333432674408
                    ],
                    [
                        0.3333333432674408
                    ],
                    [
                        0.3333333432674408
                    ],
                    [
                        0.3333333432674408
                    ],
                    [
                        0.3333333432674408
                    ],
                    [
                        0.6666666865348816
                    ],
                    [
                        0.3333333432674408
                    ],
                    [
                        0.3333333432674408
                    ],
                    [
                        0.3333333432674408
                    ],
                    [
                        0.3333333432674408
                    ],
                    [
                        0.3333333432674408
                    ]
                ]
            ],
            "returns": [
                [
                    [
                        0.48120832443237305
                    ],
                    [
                        0.4807499945163727
                    ],
                    [
                        0.4802916646003723
                    ],
                    [
                        0.47983333468437195
                    ],
                    [
                        0.4793750047683716
                    ],
                    [
                        0.4789166748523712
                    ],
                    [
                        0.47850000858306885
                    ],
                    [
                        0.4780833423137665
                    ],
                    [
                        0.4776666760444641
                    ],
                    [
                        0.47729167342185974
                    ],
                    [
                        0.47691667079925537
                    ],
                    [
                        0.476500004529953
                    ],
                    [
                        0.47608333826065063
                    ],
                    [
                        0.47570833563804626
                    ],
                    [
                        0.4753333330154419
                    ],
                    [
                        0.4749166667461395
                    ],
                    [
                        0.47450000047683716
                    ],
                    [
                        0.4740833342075348
                    ],
                    [
                        0.4736666679382324
                    ],
                    [
                        0.47325000166893005
                    ]
                ]
            ],
            "timesteps": [
                [
                    240,
                    241,
                    242,
                    243,
                    244,
                    245,
                    246,
                    247,
                    248,
                    249,
                    250,
                    251,
                    252,
                    253,
                    254,
                    255,
                    256,
                    257,
                    258,
                    259
                ]
            ],
            "labels": [
                [
                    0,
                    0,
                    0,
                    0,
                    1,
                    0,
                    0,
                    0,
                    0,
                    0,
                    0,
                    0,
                    0,
                    0,
                    1,
                    0,
                    0,
                    0,
                    0,
                    0
                ]
            ],
            "CPU Usage": 9.4,
            "RAM Usage": 17.4,
            "GPU Usage": 42.0,
            "VRAM Usage": 15400.0,
            "Disk Read Speed (MB/s)": 75057177.68652344,
            "Disk Write Speed (MB/s)": 506878064.7001953
        },
        {
            "step": 1,
            "train_loss": 0.010889006778597832,
            "actions_pred1": [
                [
                    [
                        1.9216299057006836,
                        -0.4937089681625366,
                        -1.0192975997924805
                    ],
                    [
                        2.168144941329956,
                        -0.28037604689598083,
                        -1.0209647417068481
                    ],
                    [
                        2.1388344764709473,
                        -0.4695795178413391,
                        -1.1952556371688843
                    ],
                    [
                        2.363398313522339,
                        -0.37049704790115356,
                        -1.722943902015686
                    ],
                    [
                        2.554009437561035,
                        -0.27684229612350464,
                        -1.3025504350662231
                    ],
                    [
                        2.336885690689087,
                        -0.07407145202159882,
                        -1.2517889738082886
                    ],
                    [
                        2.34551739692688,
                        -0.11316515505313873,
                        -1.3892652988433838
                    ],
                    [
                        2.434749126434326,
                        -0.2373010665178299,
                        -1.5656538009643555
                    ],
                    [
                        2.267529249191284,
                        -0.07643170654773712,
                        -1.4302719831466675
                    ],
                    [
                        2.1825520992279053,
                        -0.16062359511852264,
                        -1.3020145893096924
                    ],
                    [
                        2.297745943069458,
                        -0.3498644232749939,
                        -1.4054991006851196
                    ],
                    [
                        2.44309139251709,
                        -0.37462612986564636,
                        -1.4780259132385254
                    ],
                    [
                        2.557706832885742,
                        -0.33716022968292236,
                        -1.4524328708648682
                    ],
                    [
                        2.433605909347534,
                        -0.12887509167194366,
                        -1.4871879816055298
                    ],
                    [
                        2.1560661792755127,
                        -0.07359139621257782,
                        -1.6280015707015991
                    ],
                    [
                        2.2254748344421387,
                        -0.09700922667980194,
                        -1.54132878780365
                    ],
                    [
                        2.400972366333008,
                        -0.2463727444410324,
                        -1.428739309310913
                    ],
                    [
                        2.167640209197998,
                        0.14064259827136993,
                        -1.1133527755737305
                    ],
                    [
                        2.0643162727355957,
                        -0.058027371764183044,
                        -1.0843678712844849
                    ],
                    [
                        2.290712356567383,
                        -0.21658368408679962,
                        -1.0490597486495972
                    ]
                ]
            ],
            "actions_pred": [
                [
                    [
                        1.9216299057006836,
                        2.168144941329956,
                        2.1388344764709473,
                        2.363398313522339,
                        2.554009437561035,
                        2.336885690689087,
                        2.34551739692688,
                        2.434749126434326,
                        2.267529249191284,
                        2.1825520992279053,
                        2.297745943069458,
                        2.44309139251709,
                        2.557706832885742,
                        2.433605909347534,
                        2.1560661792755127,
                        2.2254748344421387,
                        2.400972366333008,
                        2.167640209197998,
                        2.0643162727355957,
                        2.290712356567383
                    ],
                    [
                        -0.4937089681625366,
                        -0.28037604689598083,
                        -0.4695795178413391,
                        -0.37049704790115356,
                        -0.27684229612350464,
                        -0.07407145202159882,
                        -0.11316515505313873,
                        -0.2373010665178299,
                        -0.07643170654773712,
                        -0.16062359511852264,
                        -0.3498644232749939,
                        -0.37462612986564636,
                        -0.33716022968292236,
                        -0.12887509167194366,
                        -0.07359139621257782,
                        -0.09700922667980194,
                        -0.2463727444410324,
                        0.14064259827136993,
                        -0.058027371764183044,
                        -0.21658368408679962
                    ],
                    [
                        -1.0192975997924805,
                        -1.0209647417068481,
                        -1.1952556371688843,
                        -1.722943902015686,
                        -1.3025504350662231,
                        -1.2517889738082886,
                        -1.3892652988433838,
                        -1.5656538009643555,
                        -1.4302719831466675,
                        -1.3020145893096924,
                        -1.4054991006851196,
                        -1.4780259132385254,
                        -1.4524328708648682,
                        -1.4871879816055298,
                        -1.6280015707015991,
                        -1.54132878780365,
                        -1.428739309310913,
                        -1.1133527755737305,
                        -1.0843678712844849,
                        -1.0490597486495972
                    ]
                ]
            ],
            "states": [
                [
                    [
                        1.0,
                        120000.0,
                        729414.0,
                        60000.0,
                        1696698.0,
                        0.0,
                        11064698.0,
                        0.0
                    ],
                    [
                        1.0,
                        120000.0,
                        729414.0,
                        60000.0,
                        2426112.0,
                        0.0,
                        11066198.0,
                        0.0
                    ],
                    [
                        1.0,
                        120000.0,
                        729414.0,
                        60000.0,
                        3155526.0,
                        0.0,
                        11067698.0,
                        0.0
                    ],
                    [
                        0.0,
                        0.0,
                        222010400.0,
                        60000.0,
                        18001633280.0,
                        0.0,
                        10331613.0,
                        120.0
                    ],
                    [
                        0.0,
                        0.0,
                        222010400.0,
                        60000.0,
                        18223642624.0,
                        0.0,
                        10331665.0,
                        120.0
                    ],
                    [
                        1.0,
                        120000.0,
                        729414.0,
                        60000.0,
                        2426112.0,
                        0.0,
                        11066198.0,
                        0.0
                    ],
                    [
                        1.0,
                        120000.0,
                        729414.0,
                        60000.0,
                        3155526.0,
                        0.0,
                        11067698.0,
                        0.0
                    ],
                    [
                        0.0,
                        0.0,
                        222010400.0,
                        60000.0,
                        18001633280.0,
                        0.0,
                        10331613.0,
                        120.0
                    ],
                    [
                        0.0,
                        0.0,
                        222010400.0,
                        60000.0,
                        18223642624.0,
                        0.0,
                        10331665.0,
                        120.0
                    ],
                    [
                        0.0,
                        0.0,
                        222010400.0,
                        60000.0,
                        18445654016.0,
                        0.0,
                        10331729.0,
                        120.0
                    ],
                    [
                        0.0,
                        0.0,
                        93532320.0,
                        90000.0,
                        8378770944.0,
                        0.0,
                        11201253.0,
                        121.0
                    ],
                    [
                        0.0,
                        0.0,
                        93532320.0,
                        90000.0,
                        8472303104.0,
                        0.0,
                        11202753.0,
                        121.0
                    ],
                    [
                        0.0,
                        0.0,
                        93532320.0,
                        90000.0,
                        8565835264.0,
                        0.0,
                        11202805.0,
                        121.0
                    ],
                    [
                        0.0,
                        0.0,
                        93532320.0,
                        90000.0,
                        8659367936.0,
                        0.0,
                        11202857.0,
                        121.0
                    ],
                    [
                        0.0,
                        0.0,
                        93532320.0,
                        90000.0,
                        8752900096.0,
                        0.0,
                        11202909.0,
                        121.0
                    ],
                    [
                        0.0,
                        0.0,
                        93532320.0,
                        90000.0,
                        8472303104.0,
                        0.0,
                        11202753.0,
                        121.0
                    ],
                    [
                        0.0,
                        0.0,
                        93532320.0,
                        90000.0,
                        8565835264.0,
                        0.0,
                        11202805.0,
                        121.0
                    ],
                    [
                        0.0,
                        0.0,
                        93532320.0,
                        90000.0,
                        8659367936.0,
                        0.0,
                        11202857.0,
                        121.0
                    ],
                    [
                        0.0,
                        0.0,
                        93532320.0,
                        90000.0,
                        8752900096.0,
                        0.0,
                        11202909.0,
                        121.0
                    ],
                    [
                        0.0,
                        0.0,
                        93532320.0,
                        90000.0,
                        0.0,
                        0.0,
                        11202961.0,
                        121.0
                    ]
                ]
            ],
            "actions": [
                [
                    [
                        0.3333333432674408
                    ],
                    [
                        0.3333333432674408
                    ],
                    [
                        0.3333333432674408
                    ],
                    [
                        0.3333333432674408
                    ],
                    [
                        0.3333333432674408
                    ],
                    [
                        0.3333333432674408
                    ],
                    [
                        0.3333333432674408
                    ],
                    [
                        0.3333333432674408
                    ],
                    [
                        0.3333333432674408
                    ],
                    [
                        0.6666666865348816
                    ],
                    [
                        0.3333333432674408
                    ],
                    [
                        0.3333333432674408
                    ],
                    [
                        0.3333333432674408
                    ],
                    [
                        0.3333333432674408
                    ],
                    [
                        0.3333333432674408
                    ],
                    [
                        0.3333333432674408
                    ],
                    [
                        0.3333333432674408
                    ],
                    [
                        0.3333333432674408
                    ],
                    [
                        0.3333333432674408
                    ],
                    [
                        0.6666666865348816
                    ]
                ]
            ],
            "returns": [
                [
                    [
                        0.048124998807907104
                    ],
                    [
                        0.047874998301267624
                    ],
                    [
                        0.04762500151991844
                    ],
                    [
                        0.04737500101327896
                    ],
                    [
                        0.04712500050663948
                    ],
                    [
                        0.046875
                    ],
                    [
                        0.04662499949336052
                    ],
                    [
                        0.04637499898672104
                    ],
                    [
                        0.04612499848008156
                    ],
                    [
                        0.045875001698732376
                    ],
                    [
                        0.045625001192092896
                    ],
                    [
                        0.045249998569488525
                    ],
                    [
                        0.044874999672174454
                    ],
                    [
                        0.04450000077486038
                    ],
                    [
                        0.04412499815225601
                    ],
                    [
                        0.04374999925494194
                    ],
                    [
                        0.04337500035762787
                    ],
                    [
                        0.0430000014603138
                    ],
                    [
                        0.04262499883770943
                    ],
                    [
                        0.042249999940395355
                    ]
                ]
            ],
            "timesteps": [
                [
                    1260,
                    1261,
                    1262,
                    1263,
                    1264,
                    1265,
                    1266,
                    1267,
                    1268,
                    1269,
                    1270,
                    1271,
                    1272,
                    1273,
                    1274,
                    1275,
                    1276,
                    1277,
                    1278,
                    1279
                ]
            ],
            "labels": [
                [
                    0,
                    0,
                    0,
                    0,
                    0,
                    0,
                    0,
                    0,
                    0,
                    1,
                    0,
                    0,
                    0,
                    0,
                    0,
                    0,
                    0,
                    0,
                    0,
                    1
                ]
            ],
            "CPU Usage": 14.4,
            "RAM Usage": 17.4,
            "GPU Usage": 47.0,
            "VRAM Usage": 15400.0,
            "Disk Read Speed (MB/s)": 75057177.68652344,
            "Disk Write Speed (MB/s)": 506878064.7001953
        },
        {
            "step": 2,
            "train_loss": 0.012356496416032314,
            "actions_pred1": [
                [
                    [
                        1.9961515665054321,
                        -0.23206233978271484,
                        -1.4984667301177979
                    ],
                    [
                        2.0641982555389404,
                        -0.03337286412715912,
                        -1.6882426738739014
                    ],
                    [
                        2.0788724422454834,
                        0.13580046594142914,
                        -1.65809166431427
                    ],
                    [
                        2.240828275680542,
                        -0.021731331944465637,
                        -1.345259666442871
                    ],
                    [
                        2.1661434173583984,
                        -0.007583274506032467,
                        -1.1869853734970093
                    ],
                    [
                        2.2796926498413086,
                        0.006637529470026493,
                        -1.1808916330337524
                    ],
                    [
                        1.9898725748062134,
                        0.10544697940349579,
                        -1.1691908836364746
                    ],
                    [
                        2.119188070297241,
                        0.04912826418876648,
                        -1.457437515258789
                    ],
                    [
                        2.337507963180542,
                        -0.08406828343868256,
                        -1.1941779851913452
                    ],
                    [
                        2.215299129486084,
                        -0.06043471395969391,
                        -1.0114045143127441
                    ],
                    [
                        2.4985005855560303,
                        -0.069700226187706,
                        -1.193476676940918
                    ],
                    [
                        2.3523025512695312,
                        -0.10324934124946594,
                        -1.4327332973480225
                    ],
                    [
                        2.502732515335083,
                        -0.3532145619392395,
                        -0.999468982219696
                    ],
                    [
                        2.3336944580078125,
                        -0.2317027598619461,
                        -1.3641399145126343
                    ],
                    [
                        2.429542064666748,
                        -0.3577530086040497,
                        -1.4738144874572754
                    ],
                    [
                        2.527085304260254,
                        -0.32968083024024963,
                        -1.1557269096374512
                    ],
                    [
                        2.4931325912475586,
                        -0.25280624628067017,
                        -1.0311193466186523
                    ],
                    [
                        2.182530403137207,
                        0.038116708397865295,
                        -1.463347315788269
                    ],
                    [
                        2.310762643814087,
                        0.038330331444740295,
                        -0.9511159062385559
                    ],
                    [
                        2.206988573074341,
                        -0.22713296115398407,
                        -1.037368655204773
                    ]
                ]
            ],
            "actions_pred": [
                [
                    [
                        1.9961515665054321,
                        2.0641982555389404,
                        2.0788724422454834,
                        2.240828275680542,
                        2.1661434173583984,
                        2.2796926498413086,
                        1.9898725748062134,
                        2.119188070297241,
                        2.337507963180542,
                        2.215299129486084,
                        2.4985005855560303,
                        2.3523025512695312,
                        2.502732515335083,
                        2.3336944580078125,
