{
    "steps": [
        {
            "step": 0,
            "train_loss": 0.023799758404493332,
            "actions_pred1": [
                [
                    [
                        1.536608099937439,
                        -0.4205271303653717,
                        -1.1353185176849365
                    ],
                    [
                        2.2681376934051514,
                        -0.8122546076774597,
                        -0.6442915201187134
                    ],
                    [
                        1.21769118309021,
                        -0.22760674357414246,
                        -0.4646131992340088
                    ],
                    [
                        0.8323428630828857,
                        0.06003647297620773,
                        -0.5533012747764587
                    ],
                    [
                        1.2377643585205078,
                        0.1387595236301422,
                        -0.8757635354995728
                    ],
                    [
                        1.1787159442901611,
                        -0.03888723999261856,
                        -0.7407717704772949
                    ],
                    [
                        1.0237492322921753,
                        -0.09886772185564041,
                        -0.9662346839904785
                    ],
                    [
                        0.7325758934020996,
                        0.19070255756378174,
                        -0.5267186760902405
                    ],
                    [
                        0.7189805507659912,
                        -0.18182219564914703,
                        -0.7544158101081848
                    ],
                    [
                        0.9099298715591431,
                        -0.12184769660234451,
                        -0.4522489011287689
                    ],
                    [
                        2.381270408630371,
                        -0.25571486353874207,
                        0.02015369012951851
                    ],
                    [
                        1.80049467086792,
                        -0.25470367074012756,
                        -0.5255318880081177
                    ],
                    [
                        2.519864797592163,
                        -0.12567138671875,
                        -0.8839668035507202
                    ],
                    [
                        1.6277154684066772,
                        0.2886565625667572,
                        -0.6777113080024719
                    ],
                    [
                        1.0224100351333618,
                        0.7043880224227905,
                        -0.22814278304576874
                    ],
                    [
                        2.438610792160034,
                        -0.36161425709724426,
                        -0.5757423043251038
                    ],
                    [
                        1.9363255500793457,
                        0.5144299268722534,
                        -0.049613405019044876
                    ],
                    [
                        2.3005330562591553,
                        -0.11611438542604446,
                        -0.32440775632858276
                    ],
                    [
                        1.8775103092193604,
                        0.2985185384750366,
                        -0.12891092896461487
                    ],
                    [
                        1.5433659553527832,
                        0.26403185725212097,
                        -0.14689864218235016
                    ]
                ]
            ],
            "actions_pred": [
                [
                    [
                        1.536608099937439,
                        2.2681376934051514,
                        1.21769118309021,
                        0.8323428630828857,
                        1.2377643585205078,
                        1.1787159442901611,
                        1.0237492322921753,
                        0.7325758934020996,
                        0.7189805507659912,
                        0.9099298715591431,
                        2.381270408630371,
                        1.80049467086792,
                        2.519864797592163,
                        1.6277154684066772,
                        1.0224100351333618,
                        2.438610792160034,
                        1.9363255500793457,
                        2.3005330562591553,
                        1.8775103092193604,
                        1.5433659553527832
                    ],
                    [
                        -0.4205271303653717,
                        -0.8122546076774597,
                        -0.22760674357414246,
                        0.06003647297620773,
                        0.1387595236301422,
                        -0.03888723999261856,
                        -0.09886772185564041,
                        0.19070255756378174,
                        -0.18182219564914703,
                        -0.12184769660234451,
                        -0.25571486353874207,
                        -0.25470367074012756,
                        -0.12567138671875,
                        0.2886565625667572,
                        0.7043880224227905,
                        -0.36161425709724426,
                        0.5144299268722534,
                        -0.11611438542604446,
                        0.2985185384750366,
                        0.26403185725212097
                    ],
                    [
                        -1.1353185176849365,
                        -0.6442915201187134,
                        -0.4646131992340088,
                        -0.5533012747764587,
                        -0.8757635354995728,
                        -0.7407717704772949,
                        -0.9662346839904785,
                        -0.5267186760902405,
                        -0.7544158101081848,
                        -0.4522489011287689,
                        0.02015369012951851,
                        -0.5255318880081177,
                        -0.8839668035507202,
                        -0.6777113080024719,
                        -0.22814278304576874,
                        -0.5757423043251038,
                        -0.049613405019044876,
                        -0.32440775632858276,
                        -0.12891092896461487,
                        -0.14689864218235016
                    ]
                ]
            ],
            "states": [
                [
                    [
                        1.0,
                        150000.0,
                        0.0,
                        10000.0,
                        0.0,
                        0.0,
                        12056198.0,
                        0.0
                    ],
                    [
                        1.0,
                        150000.0,
                        0.0,
                        10000.0,
                        0.0,
                        0.0,
                        12057698.0,
                        0.0
                    ],
                    [
                        0.0,
                        0.0,
                        165338800.0,
                        50000.0,
                        18401284096.0,
                        0.0,
                        11758369.0,
                        126.0
                    ],
                    [
                        0.0,
                        0.0,
                        165338800.0,
                        50000.0,
                        18566623232.0,
                        0.0,
                        11759869.0,
                        126.0
                    ],
                    [
                        1.0,
                        150000.0,
                        0.0,
                        30000.0,
                        0.0,
                        0.0,
                        12059198.0,
                        0.0
                    ],
                    [
                        1.0,
                        150000.0,
                        0.0,
                        10000.0,
                        0.0,
                        0.0,
                        12057698.0,
                        0.0
                    ],
                    [
                        0.0,
                        0.0,
                        165338800.0,
                        50000.0,
                        18401284096.0,
                        0.0,
                        11758369.0,
                        126.0
                    ],
                    [
                        0.0,
                        0.0,
                        165338800.0,
                        50000.0,
                        18566623232.0,
                        0.0,
                        11759869.0,
                        126.0
                    ],
                    [
                        1.0,
                        150000.0,
                        0.0,
                        30000.0,
                        0.0,
                        0.0,
                        12059198.0,
                        0.0
                    ],
                    [
                        0.0,
                        0.0,
                        165338800.0,
                        80000.0,
                        18731962368.0,
                        0.0,
                        11761369.0,
                        126.0
                    ],
                    [
                        1.0,
                        90000.0,
                        1924791.0,
                        50000.0,
                        26927402.0,
                        0.0,
                        12159698.0,
                        0.0
                    ],
                    [
                        1.0,
                        90000.0,
                        1924791.0,
                        50000.0,
                        28852192.0,
                        0.0,
                        12161198.0,
                        0.0
                    ],
                    [
                        1.0,
                        90000.0,
                        1924791.0,
                        50000.0,
                        30776984.0,
                        0.0,
                        12162698.0,
                        0.0
                    ],
                    [
                        0.0,
                        0.0,
                        330426592.0,
                        110000.0,
                        17889918976.0,
                        0.0,
                        11804105.0,
                        127.0
                    ],
                    [
                        0.0,
                        0.0,
                        330426592.0,
                        110000.0,
                        18220347392.0,
                        0.0,
                        11804157.0,
                        127.0
                    ],
                    [
                        1.0,
                        90000.0,
                        1924791.0,
                        50000.0,
                        28852192.0,
                        0.0,
                        12161198.0,
                        0.0
                    ],
                    [
                        1.0,
                        90000.0,
                        1924791.0,
                        50000.0,
                        30776984.0,
                        0.0,
                        12162698.0,
                        0.0
                    ],
                    [
                        0.0,
                        0.0,
                        330426592.0,
                        110000.0,
                        17889918976.0,
                        0.0,
                        11804105.0,
                        127.0
                    ],
                    [
                        0.0,
                        0.0,
                        330426592.0,
                        110000.0,
                        18220347392.0,
                        0.0,
                        11804157.0,
                        127.0
                    ],
                    [
                        0.0,
                        0.0,
                        330426592.0,
                        110000.0,
                        18550773760.0,
                        0.0,
                        11804209.0,
                        127.0
                    ]
                ]
            ],
            "actions": [
                [
                    [
                        0.3333333432674408
                    ],
                    [
                        0.3333333432674408
                    ],
                    [
                        1.0
                    ],
                    [
                        1.0
                    ],
                    [
                        0.3333333432674408
                    ],
                    [
                        0.3333333432674408
                    ],
                    [
                        1.0
                    ],
                    [
                        1.0
                    ],
                    [
                        0.3333333432674408
                    ],
                    [
                        0.6666666865348816
                    ],
                    [
                        0.3333333432674408
                    ],
                    [
                        0.3333333432674408
                    ],
                    [
                        0.3333333432674408
                    ],
                    [
                        0.3333333432674408
                    ],
                    [
                        0.3333333432674408
                    ],
                    [
                        0.3333333432674408
                    ],
                    [
                        0.3333333432674408
                    ],
                    [
                        0.3333333432674408
                    ],
                    [
                        0.3333333432674408
                    ],
                    [
                        0.6666666865348816
                    ]
                ]
            ],
            "returns": [
                [
                    [
                        0.018666666001081467
                    ],
                    [
                        0.01862500049173832
                    ],
                    [
                        0.018583333119750023
                    ],
                    [
                        0.01837499998509884
                    ],
                    [
                        0.018166666850447655
                    ],
                    [
                        0.018041666597127914
                    ],
                    [
                        0.017999999225139618
                    ],
                    [
                        0.017791666090488434
                    ],
                    [
                        0.01758333295583725
                    ],
                    [
                        0.01745833270251751
                    ],
                    [
                        0.017124999314546585
                    ],
                    [
                        0.0169166661798954
                    ],
                    [
                        0.016708333045244217
                    ],
                    [
                        0.016499999910593033
                    ],
                    [
                        0.016041666269302368
                    ],
                    [
                        0.015583333559334278
                    ],
                    [
                        0.015375000424683094
                    ],
                    [
                        0.015166666358709335
                    ],
                    [
                        0.014708333648741245
                    ],
                    [
                        0.01425000000745058
                    ]
                ]
            ],
            "timesteps": [
                [
                    1360,
                    1361,
                    1362,
                    1363,
                    1364,
                    1365,
                    1366,
                    1367,
                    1368,
                    1369,
                    1370,
                    1371,
                    1372,
                    1373,
                    1374,
                    1375,
                    1376,
                    1377,
                    1378,
                    1379
                ]
            ],
            "labels": [
                [
                    0,
                    0,
                    2,
                    2,
                    0,
                    0,
                    2,
                    2,
                    0,
                    1,
                    0,
                    0,
                    0,
                    0,
                    0,
                    0,
                    0,
                    0,
                    0,
                    1
                ]
            ],
            "CPU Usage": 5.6,
            "RAM Usage": 17.4,
            "GPU Usage": 25.0,
            "VRAM Usage": 15400.0,
            "Disk Read Speed (MB/s)": 75057177.68652344,
            "Disk Write Speed (MB/s)": 506878243.89941406
        },
        {
            "step": 1,
            "train_loss": 0.0010735851246863604,
            "actions_pred1": [
                [
                    [
                        2.5649516582489014,
                        -0.27443134784698486,
                        -1.3232115507125854
                    ],
                    [
                        2.4108994007110596,
                        -0.2979084253311157,
                        -1.0133615732192993
                    ],
                    [
                        2.542788505554199,
                        -0.3941722810268402,
                        -1.6859396696090698
                    ],
                    [
                        3.197300672531128,
                        -0.1144016906619072,
                        -1.6896413564682007
                    ],
                    [
                        0.16439028084278107,
                        3.525784969329834,
                        -1.0043314695358276
                    ],
                    [
                        3.3951098918914795,
                        0.4116002917289734,
                        -1.8727976083755493
                    ],
                    [
                        3.6643688678741455,
                        0.4379021227359772,
                        -1.8578505516052246
                    ],
                    [
                        4.74625301361084,
                        0.2762773334980011,
                        -2.265789270401001
                    ],
                    [
                        4.530804634094238,
                        1.121519923210144,
                        -1.4432233572006226
                    ],
                    [
                        4.55099630355835,
                        -0.8079991340637207,
                        -2.05930495262146
                    ],
                    [
                        4.257610321044922,
                        0.3762233555316925,
                        -1.9027572870254517
                    ],
                    [
                        5.227553844451904,
                        -0.34107205271720886,
                        -1.678130030632019
                    ],
                    [
                        3.957612991333008,
                        0.6432563662528992,
                        -1.600696325302124
                    ],
                    [
                        4.364140510559082,
                        0.9264976382255554,
                        -1.4717861413955688
                    ],
                    [
                        -0.7847000360488892,
                        4.329044342041016,
                        -0.8251267671585083
                    ],
                    [
                        4.862210750579834,
                        0.33866575360298157,
                        -1.8714441061019897
                    ],
                    [
                        4.09035587310791,
                        -0.18384240567684174,
                        -1.9754085540771484
                    ],
                    [
                        4.26430082321167,
                        0.4357881247997284,
                        -1.892863154411316
                    ],
                    [
                        4.293503284454346,
                        0.9463310837745667,
                        -1.882165789604187
                    ],
                    [
                        4.785126209259033,
                        0.3114185631275177,
                        -2.34130597114563
                    ]
                ]
            ],
            "actions_pred": [
                [
                    [
                        2.5649516582489014,
                        2.4108994007110596,
                        2.542788505554199,
                        3.197300672531128,
                        0.16439028084278107,
                        3.3951098918914795,
                        3.6643688678741455,
                        4.74625301361084,
                        4.530804634094238,
                        4.55099630355835,
                        4.257610321044922,
                        5.227553844451904,
                        3.957612991333008,
                        4.364140510559082,
                        -0.7847000360488892,
                        4.862210750579834,
                        4.09035587310791,
                        4.26430082321167,
                        4.293503284454346,
                        4.785126209259033
                    ],
                    [
                        -0.27443134784698486,
                        -0.2979084253311157,
                        -0.3941722810268402,
                        -0.1144016906619072,
                        3.525784969329834,
                        0.4116002917289734,
                        0.4379021227359772,
                        0.2762773334980011,
                        1.121519923210144,
                        -0.8079991340637207,
                        0.3762233555316925,
                        -0.34107205271720886,
                        0.6432563662528992,
                        0.9264976382255554,
                        4.329044342041016,
                        0.33866575360298157,
                        -0.18384240567684174,
                        0.4357881247997284,
                        0.9463310837745667,
                        0.3114185631275177
                    ],
                    [
                        -1.3232115507125854,
                        -1.0133615732192993,
                        -1.6859396696090698,
                        -1.6896413564682007,
                        -1.0043314695358276,
                        -1.8727976083755493,
                        -1.8578505516052246,
                        -2.265789270401001,
                        -1.4432233572006226,
                        -2.05930495262146,
                        -1.9027572870254517,
                        -1.678130030632019,
                        -1.600696325302124,
                        -1.4717861413955688,
                        -0.8251267671585083,
                        -1.8714441061019897,
                        -1.9754085540771484,
                        -1.892863154411316,
                        -1.882165789604187,
                        -2.34130597114563
                    ]
                ]
            ],
            "states": [
                [
                    [
                        1.0,
                        150000.0,
                        0.0,
                        0.0,
                        0.0,
                        0.0,
                        6137146.0,
                        0.0
                    ],
                    [
                        1.0,
                        150000.0,
                        0.0,
                        0.0,
                        0.0,
                        0.0,
                        6138646.0,
                        0.0
                    ],
                    [
                        1.0,
                        150000.0,
                        0.0,
                        0.0,
                        0.0,
                        0.0,
                        6140146.0,
                        0.0
                    ],
                    [
                        0.0,
                        0.0,
                        504626496.0,
                        80000.0,
                        5510626304.0,
                        0.0,
                        6703585.0,
                        83.0
                    ],
                    [
                        0.0,
                        0.0,
                        504626496.0,
                        80000.0,
                        0.0,
                        0.0,
                        6703657.0,
                        83.0
                    ],
                    [
                        0.0,
                        0.0,
                        504626496.0,
                        90000.0,
                        7569397760.0,
                        0.0,
                        6713229.0,
                        84.0
                    ],
                    [
                        0.0,
                        0.0,
                        504626496.0,
                        90000.0,
                        8074023936.0,
                        0.0,
                        6713281.0,
                        84.0
                    ],
                    [
                        0.0,
                        0.0,
                        504626496.0,
                        90000.0,
                        8578650624.0,
                        0.0,
                        6714781.0,
                        84.0
                    ],
                    [
                        0.0,
                        0.0,
                        504626496.0,
                        90000.0,
                        9083277312.0,
                        0.0,
                        6714833.0,
                        84.0
                    ],
                    [
                        0.0,
                        0.0,
                        504626496.0,
                        90000.0,
                        9587903488.0,
                        0.0,
                        6716333.0,
                        84.0
                    ],
                    [
                        0.0,
                        0.0,
                        504626496.0,
                        90000.0,
                        8074023936.0,
                        0.0,
                        6713281.0,
                        84.0
                    ],
                    [
                        0.0,
                        0.0,
                        504626496.0,
                        90000.0,
                        8578650624.0,
                        0.0,
                        6714781.0,
                        84.0
                    ],
                    [
                        0.0,
                        0.0,
                        504626496.0,
                        90000.0,
                        9083277312.0,
                        0.0,
                        6714833.0,
                        84.0
                    ],
                    [
                        0.0,
                        0.0,
                        504626496.0,
                        90000.0,
                        9587903488.0,
                        0.0,
                        6716333.0,
                        84.0
                    ],
                    [
                        0.0,
                        0.0,
                        504626496.0,
                        100000.0,
                        0.0,
                        0.0,
                        6716385.0,
                        84.0
                    ],
                    [
                        0.0,
                        0.0,
                        310010816.0,
                        10000.0,
                        16863267840.0,
                        0.0,
                        6744513.0,
                        85.0
                    ],
                    [
                        0.0,
                        0.0,
                        310010816.0,
                        10000.0,
                        17173278720.0,
                        0.0,
                        6744565.0,
                        85.0
                    ],
                    [
                        0.0,
                        0.0,
                        310010816.0,
                        10000.0,
                        17483288576.0,
                        0.0,
                        6744645.0,
                        85.0
                    ],
                    [
                        0.0,
                        0.0,
                        310010816.0,
                        10000.0,
                        17793300480.0,
                        0.0,
                        6744697.0,
                        85.0
                    ],
                    [
                        0.0,
                        0.0,
                        310010816.0,
                        10000.0,
                        18103310336.0,
                        0.0,
                        6744777.0,
                        85.0
                    ]
                ]
            ],
            "actions": [
                [
                    [
                        0.3333333432674408
                    ],
                    [
                        0.3333333432674408
                    ],
                    [
                        0.3333333432674408
                    ],
                    [
                        0.3333333432674408
                    ],
                    [
                        0.6666666865348816
                    ],
                    [
                        0.3333333432674408
                    ],
                    [
                        0.3333333432674408
                    ],
                    [
                        0.3333333432674408
                    ],
                    [
                        0.3333333432674408
                    ],
                    [
                        0.3333333432674408
                    ],
                    [
                        0.3333333432674408
                    ],
                    [
                        0.3333333432674408
                    ],
                    [
                        0.3333333432674408
                    ],
                    [
                        0.3333333432674408
                    ],
                    [
                        0.6666666865348816
                    ],
                    [
                        0.3333333432674408
                    ],
                    [
                        0.3333333432674408
                    ],
                    [
                        0.3333333432674408
                    ],
                    [
                        0.3333333432674408
                    ],
                    [
                        0.3333333432674408
                    ]
                ]
            ],
            "returns": [
                [
                    [
                        0.19704166054725647
                    ],
                    [
                        0.19704166054725647
                    ],
                    [
                        0.19704166054725647
                    ],
                    [
                        0.19704166054725647
                    ],
                    [
                        0.1967083364725113
                    ],
                    [
                        0.19637499749660492
                    ],
                    [
                        0.19599999487400055
                    ],
                    [
                        0.19562500715255737
                    ],
                    [
                        0.195250004529953
                    ],
                    [
                        0.19487500190734863
                    ],
                    [
                        0.19449999928474426
                    ],
                    [
                        0.1941249966621399
                    ],
                    [
                        0.19374999403953552
                    ],
                    [
                        0.19337500631809235
                    ],
                    [
                        0.19300000369548798
                    ],
                    [
                        0.1925833374261856
                    ],
                    [
                        0.1925416737794876
                    ],
                    [
                        0.19249999523162842
                    ],
                    [
                        0.19245833158493042
                    ],
                    [
                        0.19241666793823242
                    ]
                ]
            ],
            "timesteps": [
                [
                    840,
                    841,
                    842,
                    843,
                    844,
                    845,
                    846,
                    847,
                    848,
                    849,
                    850,
                    851,
                    852,
                    853,
                    854,
                    855,
                    856,
                    857,
                    858,
                    859
                ]
            ],
            "labels": [
                [
                    0,
                    0,
                    0,
                    0,
                    1,
                    0,
                    0,
                    0,
                    0,
                    0,
                    0,
                    0,
                    0,
                    0,
                    1,
                    0,
                    0,
                    0,
                    0,
                    0
                ]
            ],
            "CPU Usage": 7.3,
            "RAM Usage": 17.4,
            "GPU Usage": 59.0,
            "VRAM Usage": 15400.0,
            "Disk Read Speed (MB/s)": 75057177.68652344,
            "Disk Write Speed (MB/s)": 506878243.89941406
        },
        {
            "step": 2,
            "train_loss": 0.00048330743447877467,
            "actions_pred1": [
                [
                    [
                        4.4101738929748535,
                        -2.363085985183716,
                        -2.2576987743377686
                    ],
                    [
                        3.7220942974090576,
                        -2.032651424407959,
                        -2.080793619155884
                    ],
                    [
                        3.1121599674224854,
                        -1.2579004764556885,
                        -2.2931339740753174
                    ],
                    [
                        2.8013126850128174,
                        -0.6577180027961731,
                        -1.8975374698638916
                    ],
                    [
                        -1.8284883499145508,
                        3.785494327545166,
                        -1.1699037551879883
                    ],
                    [
                        4.802185535430908,
                        -1.3667669296264648,
                        -2.4436638355255127
                    ],
                    [
                        4.670050621032715,
                        -1.7668466567993164,
                        -2.3366849422454834
                    ],
                    [
                        3.887397527694702,
                        -0.42577415704727173,
                        -1.3724738359451294
                    ],
                    [
                        5.167844772338867,
                        -1.7154663801193237,
                        -2.1400794982910156
                    ],
                    [
                        4.880418300628662,
                        -0.5261282920837402,
                        -1.5727201700210571
                    ],
                    [
                        3.884129047393799,
                        -0.4067501723766327,
                        -2.3889849185943604
                    ],
                    [
                        3.7696423530578613,
                        -0.8836281895637512,
                        -1.733080267906189
                    ],
                    [
                        4.360483169555664,
                        -1.9833059310913086,
                        -1.87114417552948
                    ],
                    [
                        4.240145683288574,
                        -0.9846755266189575,
                        -2.448634386062622
                    ],
                    [
                        -1.1659843921661377,
                        3.5455470085144043,
                        -0.2600441575050354
                    ],
                    [
                        3.9997620582580566,
                        -0.29174867272377014,
                        -1.7966856956481934
                    ],
                    [
                        3.567697048187256,
                        -0.7786612510681152,
                        -1.5441670417785645
                    ],
                    [
                        3.580143928527832,
                        0.5660951733589172,
                        -1.4983869791030884
                    ],
                    [
                        4.070528507232666,
                        -0.7916245460510254,
                        -1.404676079750061
                    ],
                    [
                        3.6301639080047607,
                        -0.10622284561395645,
                        -1.2789957523345947
                    ]
                ]
            ],
            "actions_pred": [
                [
                    [
                        4.4101738929748535,
                        3.7220942974090576,
                        3.1121599674224854,
                        2.8013126850128174,
                        -1.8284883499145508,
                        4.802185535430908,
                        4.670050621032715,
                        3.887397527694702,
                        5.167844772338867,
                        4.880418300628662,
                        3.884129047393799,
                        3.7696423530578613,
                        4.360483169555664,
                        4.240145683288574,
                        -1.1659843921661377,
                        3.9997620582580566,
                        3.567697048187256,
