{
    "steps": [
        {
            "step": 0,
            "train_loss": 0.0015074355760589242,
            "actions_pred1": [
                [
                    [
                        4.201665878295898,
                        -0.7725536227226257,
                        -2.1287450790405273
                    ],
                    [
                        2.981339693069458,
                        -0.17639613151550293,
                        -2.1605381965637207
                    ],
                    [
                        3.381457567214966,
                        0.015173166990280151,
                        -1.9611032009124756
                    ],
                    [
                        3.040147542953491,
                        -0.1677229106426239,
                        -1.8152707815170288
                    ],
                    [
                        -0.26304891705513,
                        2.540235996246338,
                        -1.5649741888046265
                    ],
                    [
                        3.0333802700042725,
                        0.7367616891860962,
                        -1.453355073928833
                    ],
                    [
                        3.011627197265625,
                        0.28770607709884644,
                        -1.4227880239486694
                    ],
                    [
                        3.5226216316223145,
                        0.1762823760509491,
                        -1.7649109363555908
                    ],
                    [
                        3.3732666969299316,
                        0.05602986365556717,
                        -1.413638710975647
                    ],
                    [
                        3.1405787467956543,
                        0.15050360560417175,
                        -1.3655892610549927
                    ],
                    [
                        4.154090881347656,
                        0.06635034829378128,
                        -1.958621859550476
                    ],
                    [
                        3.686274290084839,
                        -0.07072515040636063,
                        -1.4600292444229126
                    ],
                    [
                        3.5229313373565674,
                        -0.29121994972229004,
                        -1.6843287944793701
                    ],
                    [
                        3.475102424621582,
                        0.36092981696128845,
                        -2.1676113605499268
                    ],
                    [
                        -0.09343742579221725,
                        3.0848941802978516,
                        -1.115915060043335
                    ],
                    [
                        -0.290976345539093,
                        2.3283212184906006,
                        -1.5530216693878174
                    ],
                    [
                        3.8974692821502686,
                        0.34672811627388,
                        -2.293041944503784
                    ],
                    [
                        4.024162292480469,
                        0.36879128217697144,
                        -1.4353681802749634
                    ],
                    [
                        3.3672003746032715,
                        0.6664316058158875,
                        -2.0603363513946533
                    ],
                    [
                        3.828296661376953,
                        0.21229663491249084,
                        -1.6524971723556519
                    ]
                ]
            ],
            "actions_pred": [
                [
                    [
                        4.201665878295898,
                        2.981339693069458,
                        3.381457567214966,
                        3.040147542953491,
                        -0.26304891705513,
                        3.0333802700042725,
                        3.011627197265625,
                        3.5226216316223145,
                        3.3732666969299316,
                        3.1405787467956543,
                        4.154090881347656,
                        3.686274290084839,
                        3.5229313373565674,
                        3.475102424621582,
                        -0.09343742579221725,
                        -0.290976345539093,
                        3.8974692821502686,
                        4.024162292480469,
                        3.3672003746032715,
                        3.828296661376953
                    ],
                    [
                        -0.7725536227226257,
                        -0.17639613151550293,
                        0.015173166990280151,
                        -0.1677229106426239,
                        2.540235996246338,
                        0.7367616891860962,
                        0.28770607709884644,
                        0.1762823760509491,
                        0.05602986365556717,
                        0.15050360560417175,
                        0.06635034829378128,
                        -0.07072515040636063,
                        -0.29121994972229004,
                        0.36092981696128845,
                        3.0848941802978516,
                        2.3283212184906006,
                        0.34672811627388,
                        0.36879128217697144,
                        0.6664316058158875,
                        0.21229663491249084
                    ],
                    [
                        -2.1287450790405273,
                        -2.1605381965637207,
                        -1.9611032009124756,
                        -1.8152707815170288,
                        -1.5649741888046265,
                        -1.453355073928833,
                        -1.4227880239486694,
                        -1.7649109363555908,
                        -1.413638710975647,
                        -1.3655892610549927,
                        -1.958621859550476,
                        -1.4600292444229126,
                        -1.6843287944793701,
                        -2.1676113605499268,
                        -1.115915060043335,
                        -1.5530216693878174,
                        -2.293041944503784,
                        -1.4353681802749634,
                        -2.0603363513946533,
                        -1.6524971723556519
                    ]
                ]
            ],
            "states": [
                [
                    [
                        0.0,
                        0.0,
                        487849312.0,
                        170000.0,
                        6829890560.0,
                        0.0,
                        6279745.0,
                        51.0
                    ],
                    [
                        0.0,
                        0.0,
                        487849312.0,
                        170000.0,
                        7317739520.0,
                        0.0,
                        6281245.0,
                        51.0
                    ],
                    [
                        0.0,
                        0.0,
                        487849312.0,
                        170000.0,
                        7805588992.0,
                        0.0,
                        6282745.0,
                        51.0
                    ],
                    [
                        0.0,
                        0.0,
                        487849312.0,
                        170000.0,
                        8293438464.0,
                        0.0,
                        6284245.0,
                        51.0
                    ],
                    [
                        0.0,
                        0.0,
                        487849312.0,
                        170000.0,
                        0.0,
                        0.0,
                        6285745.0,
                        51.0
                    ],
                    [
                        0.0,
                        0.0,
                        487849312.0,
                        170000.0,
                        1463547904.0,
                        0.0,
                        6288797.0,
                        52.0
                    ],
                    [
                        0.0,
                        0.0,
                        487849312.0,
                        170000.0,
                        1951397248.0,
                        0.0,
                        6288861.0,
                        52.0
                    ],
                    [
                        0.0,
                        0.0,
                        487849312.0,
                        170000.0,
                        2439246592.0,
                        0.0,
                        6288913.0,
                        52.0
                    ],
                    [
                        0.0,
                        0.0,
                        487849312.0,
                        170000.0,
                        2927095808.0,
                        0.0,
                        6288977.0,
                        52.0
                    ],
                    [
                        0.0,
                        0.0,
                        487849312.0,
                        170000.0,
                        3414945280.0,
                        0.0,
                        6289029.0,
                        52.0
                    ],
                    [
                        0.0,
                        0.0,
                        487849312.0,
                        170000.0,
                        1951397248.0,
                        0.0,
                        6288861.0,
                        52.0
                    ],
                    [
                        0.0,
                        0.0,
                        487849312.0,
                        170000.0,
                        2439246592.0,
                        0.0,
                        6288913.0,
                        52.0
                    ],
                    [
                        0.0,
                        0.0,
                        487849312.0,
                        170000.0,
                        2927095808.0,
                        0.0,
                        6288977.0,
                        52.0
                    ],
                    [
                        0.0,
                        0.0,
                        487849312.0,
                        170000.0,
                        3414945280.0,
                        0.0,
                        6289029.0,
                        52.0
                    ],
                    [
                        0.0,
                        0.0,
                        487849312.0,
                        170000.0,
                        0.0,
                        0.0,
                        6289093.0,
                        52.0
                    ],
                    [
                        0.0,
                        0.0,
                        487849312.0,
                        170000.0,
                        0.0,
                        0.0,
                        6289093.0,
                        52.0
                    ],
                    [
                        0.0,
                        0.0,
                        487849312.0,
                        170000.0,
                        487849312.0,
                        0.0,
                        6289145.0,
                        53.0
                    ],
                    [
                        0.0,
                        0.0,
                        487849312.0,
                        170000.0,
                        975698624.0,
                        0.0,
                        6289209.0,
                        53.0
                    ],
                    [
                        0.0,
                        0.0,
                        487849312.0,
                        170000.0,
                        1463547904.0,
                        0.0,
                        6289261.0,
                        53.0
                    ],
                    [
                        0.0,
                        0.0,
                        487849312.0,
                        170000.0,
                        1951397248.0,
                        0.0,
                        6289325.0,
                        53.0
                    ]
                ]
            ],
            "actions": [
                [
                    [
                        0.3333333432674408
                    ],
                    [
                        0.3333333432674408
                    ],
                    [
                        0.3333333432674408
                    ],
                    [
                        0.3333333432674408
                    ],
                    [
                        0.6666666865348816
                    ],
                    [
                        0.3333333432674408
                    ],
                    [
                        0.3333333432674408
                    ],
                    [
                        0.3333333432674408
                    ],
                    [
                        0.3333333432674408
                    ],
                    [
                        0.3333333432674408
                    ],
                    [
                        0.3333333432674408
                    ],
                    [
                        0.3333333432674408
                    ],
                    [
                        0.3333333432674408
                    ],
                    [
                        0.3333333432674408
                    ],
                    [
                        0.6666666865348816
                    ],
                    [
                        0.6666666865348816
                    ],
                    [
                        0.3333333432674408
                    ],
                    [
                        0.3333333432674408
                    ],
                    [
                        0.3333333432674408
                    ],
                    [
                        0.3333333432674408
                    ]
                ]
            ],
            "returns": [
                [
                    [
                        0.34933334589004517
                    ],
                    [
                        0.3486250042915344
                    ],
                    [
                        0.3479166626930237
                    ],
                    [
                        0.34720832109451294
                    ],
                    [
                        0.3465000092983246
                    ],
                    [
                        0.34579166769981384
                    ],
                    [
                        0.3450833261013031
                    ],
                    [
                        0.34437501430511475
                    ],
                    [
                        0.343666672706604
                    ],
                    [
                        0.34295833110809326
                    ],
                    [
                        0.3422499895095825
                    ],
                    [
                        0.34154167771339417
                    ],
                    [
                        0.3408333361148834
                    ],
                    [
                        0.3401249945163727
                    ],
                    [
                        0.33941665291786194
                    ],
                    [
                        0.3387083411216736
                    ],
                    [
                        0.33799999952316284
                    ],
                    [
                        0.3372916579246521
                    ],
                    [
                        0.33658334612846375
                    ],
                    [
                        0.335875004529953
                    ]
                ]
            ],
            "timesteps": [
                [
                    520,
                    521,
                    522,
                    523,
                    524,
                    525,
                    526,
                    527,
                    528,
                    529,
                    530,
                    531,
                    532,
                    533,
                    534,
                    535,
                    536,
                    537,
                    538,
                    539
                ]
            ],
            "labels": [
                [
                    0,
                    0,
                    0,
                    0,
                    1,
                    0,
                    0,
                    0,
                    0,
                    0,
                    0,
                    0,
                    0,
                    0,
                    1,
                    1,
                    0,
                    0,
                    0,
                    0
                ]
            ],
            "CPU Usage": 4.2,
            "RAM Usage": 17.4,
            "GPU Usage": 37.0,
            "VRAM Usage": 15400.0,
            "Disk Read Speed (MB/s)": 75057177.68652344,
            "Disk Write Speed (MB/s)": 506878196.03222656
        },
        {
            "step": 1,
            "train_loss": 0.0008068484021350741,
            "actions_pred1": [
                [
                    [
                        5.198239803314209,
                        -0.7269431352615356,
                        -2.6732609272003174
                    ],
                    [
                        4.9231977462768555,
                        0.44324085116386414,
                        -2.72823166847229
                    ],
                    [
                        4.549911022186279,
                        -0.2196127474308014,
                        -2.2235560417175293
                    ],
                    [
                        3.709268093109131,
                        0.2913804054260254,
                        -2.589571714401245
                    ],
                    [
                        0.1856146603822708,
                        3.0151681900024414,
                        -1.9825749397277832
                    ],
                    [
                        4.257316589355469,
                        -0.14485546946525574,
                        -2.2528369426727295
                    ],
                    [
                        3.8432254791259766,
                        -0.03637121617794037,
                        -2.0781052112579346
                    ],
                    [
                        4.077043056488037,
                        -0.4616617262363434,
                        -1.9725229740142822
                    ],
                    [
                        4.750353813171387,
                        -0.7526906728744507,
                        -2.181164503097534
                    ],
                    [
                        3.9109644889831543,
                        -0.312025249004364,
                        -1.6470882892608643
                    ],
                    [
                        3.894989252090454,
                        -0.3338223993778229,
                        -1.976314663887024
                    ],
                    [
                        3.5455124378204346,
                        0.270965039730072,
                        -1.9473063945770264
                    ],
                    [
                        3.695160388946533,
                        0.015107966959476471,
                        -1.2415218353271484
                    ],
                    [
                        3.4216959476470947,
                        0.24328744411468506,
                        -1.7766696214675903
                    ],
                    [
                        -0.23145096004009247,
                        3.5380959510803223,
                        -1.160008430480957
                    ],
                    [
                        3.580275535583496,
                        0.201983243227005,
                        -1.229579210281372
                    ],
                    [
                        3.1800739765167236,
                        0.03081706538796425,
                        -2.2207987308502197
                    ],
                    [
                        3.909571647644043,
                        -0.3516453802585602,
                        -2.173694610595703
                    ],
                    [
                        3.7928929328918457,
                        -0.052959196269512177,
                        -1.8046467304229736
                    ],
                    [
                        4.117517948150635,
                        0.26212990283966064,
                        -1.4988001585006714
                    ]
                ]
            ],
            "actions_pred": [
                [
                    [
                        5.198239803314209,
                        4.9231977462768555,
                        4.549911022186279,
                        3.709268093109131,
                        0.1856146603822708,
                        4.257316589355469,
                        3.8432254791259766,
                        4.077043056488037,
                        4.750353813171387,
                        3.9109644889831543,
                        3.894989252090454,
                        3.5455124378204346,
                        3.695160388946533,
                        3.4216959476470947,
                        -0.23145096004009247,
                        3.580275535583496,
                        3.1800739765167236,
                        3.909571647644043,
                        3.7928929328918457,
                        4.117517948150635
                    ],
                    [
                        -0.7269431352615356,
                        0.44324085116386414,
                        -0.2196127474308014,
                        0.2913804054260254,
                        3.0151681900024414,
                        -0.14485546946525574,
                        -0.03637121617794037,
                        -0.4616617262363434,
                        -0.7526906728744507,
                        -0.312025249004364,
                        -0.3338223993778229,
                        0.270965039730072,
                        0.015107966959476471,
                        0.24328744411468506,
                        3.5380959510803223,
                        0.201983243227005,
                        0.03081706538796425,
                        -0.3516453802585602,
                        -0.052959196269512177,
                        0.26212990283966064
                    ],
                    [
                        -2.6732609272003174,
                        -2.72823166847229,
                        -2.2235560417175293,
                        -2.589571714401245,
                        -1.9825749397277832,
                        -2.2528369426727295,
                        -2.0781052112579346,
                        -1.9725229740142822,
                        -2.181164503097534,
                        -1.6470882892608643,
                        -1.976314663887024,
                        -1.9473063945770264,
                        -1.2415218353271484,
                        -1.7766696214675903,
                        -1.160008430480957,
                        -1.229579210281372,
                        -2.2207987308502197,
                        -2.173694610595703,
                        -1.8046467304229736,
                        -1.4988001585006714
                    ]
                ]
            ],
            "states": [
                [
                    [
                        0.0,
                        0.0,
                        277798560.0,
                        160000.0,
                        10248473600.0,
                        0.0,
                        6056817.0,
                        39.0
                    ],
                    [
                        0.0,
                        0.0,
                        277798560.0,
                        160000.0,
                        10526271488.0,
                        0.0,
                        6056869.0,
                        39.0
                    ],
                    [
                        0.0,
                        0.0,
                        277798560.0,
                        160000.0,
                        10804070400.0,
                        0.0,
                        6056921.0,
                        39.0
                    ],
                    [
                        0.0,
                        0.0,
                        277798560.0,
                        160000.0,
                        11081869312.0,
                        0.0,
                        6056973.0,
                        39.0
                    ],
                    [
                        0.0,
                        0.0,
                        277798560.0,
                        160000.0,
                        0.0,
                        0.0,
                        6057025.0,
                        39.0
                    ],
                    [
                        0.0,
                        0.0,
                        244244144.0,
                        90000.0,
                        3175173888.0,
                        0.0,
                        6064941.0,
                        40.0
                    ],
                    [
                        0.0,
                        0.0,
                        244244144.0,
                        90000.0,
                        3419418112.0,
                        0.0,
                        6066441.0,
                        40.0
                    ],
                    [
                        0.0,
                        0.0,
                        244244144.0,
                        90000.0,
                        3663662080.0,
                        0.0,
                        6066493.0,
                        40.0
                    ],
                    [
                        0.0,
                        0.0,
                        244244144.0,
                        90000.0,
                        3907906304.0,
                        0.0,
                        6066545.0,
                        40.0
                    ],
                    [
                        0.0,
                        0.0,
                        244244144.0,
                        90000.0,
                        4152150528.0,
                        0.0,
                        6068045.0,
                        40.0
                    ],
                    [
                        0.0,
                        0.0,
                        244244144.0,
                        90000.0,
                        3419418112.0,
                        0.0,
                        6066441.0,
                        40.0
                    ],
                    [
                        0.0,
                        0.0,
                        244244144.0,
                        90000.0,
                        3663662080.0,
                        0.0,
                        6066493.0,
                        40.0
                    ],
                    [
                        0.0,
                        0.0,
                        244244144.0,
                        90000.0,
                        3907906304.0,
                        0.0,
                        6066545.0,
                        40.0
                    ],
                    [
                        0.0,
                        0.0,
                        244244144.0,
                        90000.0,
                        4152150528.0,
                        0.0,
                        6068045.0,
                        40.0
                    ],
                    [
                        0.0,
                        0.0,
                        244244144.0,
                        90000.0,
                        0.0,
                        0.0,
                        6069545.0,
                        40.0
                    ],
                    [
                        0.0,
                        0.0,
                        244244144.0,
                        100000.0,
                        8304301056.0,
                        0.0,
                        6108961.0,
                        41.0
                    ],
                    [
                        0.0,
                        0.0,
                        244244144.0,
                        100000.0,
                        8548545024.0,
                        0.0,
                        6110461.0,
                        41.0
                    ],
                    [
                        0.0,
                        0.0,
                        244244144.0,
                        100000.0,
                        8792788992.0,
                        0.0,
                        6111961.0,
                        41.0
                    ],
                    [
                        0.0,
                        0.0,
                        244244144.0,
                        100000.0,
                        9037033472.0,
                        0.0,
                        6113461.0,
                        41.0
                    ],
                    [
                        0.0,
                        0.0,
                        244244144.0,
                        100000.0,
                        9281277952.0,
                        0.0,
                        6114961.0,
                        41.0
                    ]
                ]
            ],
            "actions": [
                [
                    [
                        0.3333333432674408
                    ],
                    [
                        0.3333333432674408
                    ],
                    [
                        0.3333333432674408
                    ],
                    [
                        0.3333333432674408
                    ],
                    [
                        0.6666666865348816
                    ],
                    [
                        0.3333333432674408
                    ],
                    [
                        0.3333333432674408
                    ],
                    [
                        0.3333333432674408
                    ],
                    [
                        0.3333333432674408
                    ],
                    [
                        0.3333333432674408
                    ],
                    [
                        0.3333333432674408
                    ],
                    [
                        0.3333333432674408
                    ],
                    [
                        0.3333333432674408
                    ],
                    [
                        0.3333333432674408
                    ],
                    [
                        0.6666666865348816
                    ],
                    [
                        0.3333333432674408
                    ],
                    [
                        0.3333333432674408
                    ],
                    [
                        0.3333333432674408
                    ],
                    [
                        0.3333333432674408
                    ],
                    [
                        0.3333333432674408
                    ]
                ]
            ],
            "returns": [
                [
                    [
                        0.40837499499320984
                    ],
                    [
                        0.4077083468437195
                    ],
                    [
                        0.40704166889190674
                    ],
                    [
                        0.406374990940094
                    ],
                    [
                        0.40570834279060364
                    ],
                    [
                        0.4050416648387909
                    ],
                    [
                        0.4046666622161865
                    ],
                    [
                        0.40429165959358215
                    ],
                    [
                        0.4039166569709778
                    ],
                    [
                        0.4035416543483734
                    ],
                    [
                        0.40316668152809143
                    ],
                    [
                        0.40279167890548706
                    ],
                    [
                        0.4024166762828827
                    ],
                    [
                        0.4020416736602783
                    ],
                    [
                        0.40166667103767395
                    ],
                    [
                        0.4012916684150696
                    ],
                    [
                        0.4008750021457672
                    ],
                    [
                        0.40045833587646484
                    ],
                    [
                        0.4000416696071625
                    ],
                    [
                        0.3996250033378601
                    ]
                ]
            ],
            "timesteps": [
                [
                    400,
                    401,
                    402,
                    403,
                    404,
                    405,
                    406,
                    407,
                    408,
                    409,
                    410,
                    411,
                    412,
                    413,
                    414,
                    415,
                    416,
                    417,
                    418,
                    419
                ]
            ],
            "labels": [
                [
                    0,
                    0,
                    0,
                    0,
                    1,
                    0,
                    0,
                    0,
                    0,
                    0,
                    0,
                    0,
                    0,
                    0,
                    1,
                    0,
                    0,
                    0,
                    0,
                    0
                ]
            ],
            "CPU Usage": 3.5,
            "RAM Usage": 17.4,
            "GPU Usage": 76.0,
            "VRAM Usage": 15400.0,
            "Disk Read Speed (MB/s)": 75057177.68652344,
            "Disk Write Speed (MB/s)": 506878196.03222656
        },
        {
            "step": 2,
            "train_loss": 0.001403282629325986,
            "actions_pred1": [
                [
                    [
                        4.339478015899658,
                        -1.3083605766296387,
                        -2.8255560398101807
                    ],
                    [
                        4.372918605804443,
                        -1.813860297203064,
                        -2.549745798110962
                    ],
                    [
                        3.763636350631714,
                        -1.3009892702102661,
                        -2.648149251937866
                    ],
                    [
                        3.795041799545288,
                        -1.1537214517593384,
                        -2.4428694248199463
                    ],
                    [
                        0.6494033336639404,
                        1.090437650680542,
                        -1.4927856922149658
                    ],
                    [
                        3.6374971866607666,
                        -1.295148491859436,
                        -1.752234935760498
                    ],
                    [
                        4.142602443695068,
                        -1.2129428386688232,
                        -1.9006836414337158
                    ],
                    [
                        3.2291336059570312,
                        -0.352832555770874,
                        -2.0667660236358643
                    ],
                    [
                        3.4852077960968018,
                        -0.02999798208475113,
                        -1.7675840854644775
                    ],
                    [
                        3.485239028930664,
                        -0.5207307934761047,
                        -2.197671890258789
                    ],
                    [
                        3.8934075832366943,
                        -0.6254895925521851,
                        -2.461484432220459
                    ],
                    [
                        3.5604407787323,
                        -0.2850733697414398,
                        -1.3732428550720215
                    ],
                    [
                        3.5409979820251465,
                        -0.40169501304626465,
                        -2.569526433944702
                    ],
                    [
                        3.7125437259674072,
                        -0.835318922996521,
                        -1.7975327968597412
                    ],
                    [
                        0.08161277323961258,
                        3.1739110946655273,
                        -1.8004800081253052
                    ],
                    [
                        3.6992788314819336,
                        -1.1115305423736572,
                        -1.4595295190811157
                    ],
                    [
                        3.5529990196228027,
                        -0.2930043935775757,
                        -1.5362708568572998
                    ],
                    [
                        3.943089485168457,
                        -0.7826811075210571,
                        -1.8021503686904907
                    ],
                    [
                        4.095335006713867,
                        -0.2180352807044983,
                        -1.8210675716400146
                    ],
                    [
                        3.4093353748321533,
                        -0.2797508239746094,
                        -2.059945583343506
                    ]
                ]
            ],
            "actions_pred": [
                [
                    [
                        4.339478015899658,
                        4.372918605804443,
                        3.763636350631714,
                        3.795041799545288,
                        0.6494033336639404,
                        3.6374971866607666,
                        4.142602443695068,
                        3.2291336059570312,
                        3.4852077960968018,
                        3.485239028930664,
                        3.8934075832366943,
                        3.5604407787323,
                        3.5409979820251465,
                        3.7125437259674072,
                        0.08161277323961258,
