{
    "steps": [
        {
            "step": 0,
            "train_loss": 0.00037418401916511357,
            "actions_pred1": [
                [
                    [
                        4.724809646606445,
                        -2.878206729888916,
                        -1.8566452264785767
                    ],
                    [
                        3.6552305221557617,
                        -1.8025484085083008,
                        -2.0000553131103516
                    ],
                    [
                        3.7797043323516846,
                        -0.9014804363250732,
                        -1.8388597965240479
                    ],
                    [
                        3.82718563079834,
                        -1.1863905191421509,
                        -1.6364251375198364
                    ],
                    [
                        -1.2281603813171387,
                        2.161947250366211,
                        -1.084997296333313
                    ],
                    [
                        4.2616190910339355,
                        -0.6219397783279419,
                        -1.439043641090393
                    ],
                    [
                        4.704172611236572,
                        -1.0881277322769165,
                        -1.6697338819503784
                    ],
                    [
                        5.376101493835449,
                        -1.2470282316207886,
                        -1.6368037462234497
                    ],
                    [
                        4.416762351989746,
                        -1.844947099685669,
                        -1.536702275276184
                    ],
                    [
                        4.200475692749023,
                        -1.2217563390731812,
                        -1.4501150846481323
                    ],
                    [
                        5.133452415466309,
                        -0.6882237195968628,
                        -1.8323304653167725
                    ],
                    [
                        4.646124362945557,
                        -1.0699101686477661,
                        -1.5581064224243164
                    ],
                    [
                        4.680331707000732,
                        -0.5424010157585144,
                        -1.53597891330719
                    ],
                    [
                        4.021643161773682,
                        -0.30665284395217896,
                        -1.6386905908584595
                    ],
                    [
                        -0.8312461376190186,
                        4.1021199226379395,
                        -1.0626707077026367
                    ],
                    [
                        4.155943393707275,
                        -0.8292751312255859,
                        -1.467767357826233
                    ],
                    [
                        3.7342307567596436,
                        -0.024865027517080307,
                        -1.75666081905365
                    ],
                    [
                        4.803253650665283,
                        -0.34417134523391724,
                        -2.159055233001709
                    ],
                    [
                        4.375444412231445,
                        -0.9408377408981323,
                        -1.8779220581054688
                    ],
                    [
                        4.349611759185791,
                        -0.5939536094665527,
                        -1.9202147722244263
                    ]
                ]
            ],
            "actions_pred": [
                [
                    [
                        4.724809646606445,
                        3.6552305221557617,
                        3.7797043323516846,
                        3.82718563079834,
                        -1.2281603813171387,
                        4.2616190910339355,
                        4.704172611236572,
                        5.376101493835449,
                        4.416762351989746,
                        4.200475692749023,
                        5.133452415466309,
                        4.646124362945557,
                        4.680331707000732,
                        4.021643161773682,
                        -0.8312461376190186,
                        4.155943393707275,
                        3.7342307567596436,
                        4.803253650665283,
                        4.375444412231445,
                        4.349611759185791
                    ],
                    [
                        -2.878206729888916,
                        -1.8025484085083008,
                        -0.9014804363250732,
                        -1.1863905191421509,
                        2.161947250366211,
                        -0.6219397783279419,
                        -1.0881277322769165,
                        -1.2470282316207886,
                        -1.844947099685669,
                        -1.2217563390731812,
                        -0.6882237195968628,
                        -1.0699101686477661,
                        -0.5424010157585144,
                        -0.30665284395217896,
                        4.1021199226379395,
                        -0.8292751312255859,
                        -0.024865027517080307,
                        -0.34417134523391724,
                        -0.9408377408981323,
                        -0.5939536094665527
                    ],
                    [
                        -1.8566452264785767,
                        -2.0000553131103516,
                        -1.8388597965240479,
                        -1.6364251375198364,
                        -1.084997296333313,
                        -1.439043641090393,
                        -1.6697338819503784,
                        -1.6368037462234497,
                        -1.536702275276184,
                        -1.4501150846481323,
                        -1.8323304653167725,
                        -1.5581064224243164,
                        -1.53597891330719,
                        -1.6386905908584595,
                        -1.0626707077026367,
                        -1.467767357826233,
                        -1.75666081905365,
                        -2.159055233001709,
                        -1.8779220581054688,
                        -1.9202147722244263
                    ]
                ]
            ],
            "states": [
                [
                    [
                        0.0,
                        0.0,
                        557837824.0,
                        220000.0,
                        12485837824.0,
                        0.0,
                        3122993.0,
                        9.0
                    ],
                    [
                        0.0,
                        0.0,
                        557837824.0,
                        220000.0,
                        13043676160.0,
                        0.0,
                        3123045.0,
                        9.0
                    ],
                    [
                        0.0,
                        0.0,
                        557837824.0,
                        230000.0,
                        13601513472.0,
                        0.0,
                        3123097.0,
                        9.0
                    ],
                    [
                        0.0,
                        0.0,
                        557837824.0,
                        230000.0,
                        14159351808.0,
                        0.0,
                        3123149.0,
                        9.0
                    ],
                    [
                        0.0,
                        0.0,
                        557837824.0,
                        230000.0,
                        0.0,
                        0.0,
                        3123201.0,
                        9.0
                    ],
                    [
                        0.0,
                        0.0,
                        557837824.0,
                        230000.0,
                        1673513472.0,
                        0.0,
                        3123357.0,
                        10.0
                    ],
                    [
                        0.0,
                        0.0,
                        557837824.0,
                        230000.0,
                        2231351296.0,
                        0.0,
                        3123409.0,
                        10.0
                    ],
                    [
                        0.0,
                        0.0,
                        557837824.0,
                        230000.0,
                        2789189120.0,
                        0.0,
                        3123461.0,
                        10.0
                    ],
                    [
                        0.0,
                        0.0,
                        557837824.0,
                        230000.0,
                        3347026944.0,
                        0.0,
                        3123513.0,
                        10.0
                    ],
                    [
                        0.0,
                        0.0,
                        557837824.0,
                        230000.0,
                        3904864768.0,
                        0.0,
                        3123565.0,
                        10.0
                    ],
                    [
                        0.0,
                        0.0,
                        557837824.0,
                        230000.0,
                        2231351296.0,
                        0.0,
                        3123409.0,
                        10.0
                    ],
                    [
                        0.0,
                        0.0,
                        557837824.0,
                        230000.0,
                        2789189120.0,
                        0.0,
                        3123461.0,
                        10.0
                    ],
                    [
                        0.0,
                        0.0,
                        557837824.0,
                        230000.0,
                        3347026944.0,
                        0.0,
                        3123513.0,
                        10.0
                    ],
                    [
                        0.0,
                        0.0,
                        557837824.0,
                        230000.0,
                        3904864768.0,
                        0.0,
                        3123565.0,
                        10.0
                    ],
                    [
                        0.0,
                        0.0,
                        557837824.0,
                        230000.0,
                        0.0,
                        0.0,
                        3123617.0,
                        10.0
                    ],
                    [
                        0.0,
                        0.0,
                        643737152.0,
                        190000.0,
                        4978098688.0,
                        0.0,
                        3124057.0,
                        11.0
                    ],
                    [
                        0.0,
                        0.0,
                        643737152.0,
                        190000.0,
                        5621835776.0,
                        0.0,
                        3124121.0,
                        11.0
                    ],
                    [
                        0.0,
                        0.0,
                        643737152.0,
                        190000.0,
                        6265572864.0,
                        0.0,
                        3124173.0,
                        11.0
                    ],
                    [
                        0.0,
                        0.0,
                        643737152.0,
                        190000.0,
                        6909309952.0,
                        0.0,
                        3124237.0,
                        11.0
                    ],
                    [
                        0.0,
                        0.0,
                        643737152.0,
                        190000.0,
                        7553047552.0,
                        0.0,
                        3124301.0,
                        11.0
                    ]
                ]
            ],
            "actions": [
                [
                    [
                        0.3333333432674408
                    ],
                    [
                        0.3333333432674408
                    ],
                    [
                        0.3333333432674408
                    ],
                    [
                        0.3333333432674408
                    ],
                    [
                        0.6666666865348816
                    ],
                    [
                        0.3333333432674408
                    ],
                    [
                        0.3333333432674408
                    ],
                    [
                        0.3333333432674408
                    ],
                    [
                        0.3333333432674408
                    ],
                    [
                        0.3333333432674408
                    ],
                    [
                        0.3333333432674408
                    ],
                    [
                        0.3333333432674408
                    ],
                    [
                        0.3333333432674408
                    ],
                    [
                        0.3333333432674408
                    ],
                    [
                        0.6666666865348816
                    ],
                    [
                        0.3333333432674408
                    ],
                    [
                        0.3333333432674408
                    ],
                    [
                        0.3333333432674408
                    ],
                    [
                        0.3333333432674408
                    ],
                    [
                        0.3333333432674408
                    ]
                ]
            ],
            "returns": [
                [
                    [
                        0.5730833411216736
                    ],
                    [
                        0.5721666812896729
                    ],
                    [
                        0.5712500214576721
                    ],
                    [
                        0.5702916383743286
                    ],
                    [
                        0.5693333148956299
                    ],
                    [
                        0.5683749914169312
                    ],
                    [
                        0.5674166679382324
                    ],
                    [
                        0.5664583444595337
                    ],
                    [
                        0.565500020980835
                    ],
                    [
                        0.5645416378974915
                    ],
                    [
                        0.5635833144187927
                    ],
                    [
                        0.562624990940094
                    ],
                    [
                        0.5616666674613953
                    ],
                    [
                        0.5607083439826965
                    ],
                    [
                        0.5597500205039978
                    ],
                    [
                        0.5587916374206543
                    ],
                    [
                        0.5580000281333923
                    ],
                    [
                        0.5572083592414856
                    ],
                    [
                        0.5564166903495789
                    ],
                    [
                        0.5556250214576721
                    ]
                ]
            ],
            "timesteps": [
                [
                    100,
                    101,
                    102,
                    103,
                    104,
                    105,
                    106,
                    107,
                    108,
                    109,
                    110,
                    111,
                    112,
                    113,
                    114,
                    115,
                    116,
                    117,
                    118,
                    119
                ]
            ],
            "labels": [
                [
                    0,
                    0,
                    0,
                    0,
                    1,
                    0,
                    0,
                    0,
                    0,
                    0,
                    0,
                    0,
                    0,
                    0,
                    1,
                    0,
                    0,
                    0,
                    0,
                    0
                ]
            ],
            "CPU Usage": 10.7,
            "RAM Usage": 17.5,
            "GPU Usage": 42.0,
            "VRAM Usage": 15400.0,
            "Disk Read Speed (MB/s)": 75057177.68652344,
            "Disk Write Speed (MB/s)": 506878215.6533203
        },
        {
            "step": 1,
            "train_loss": 0.002024098765105009,
            "actions_pred1": [
                [
                    [
                        -0.38286659121513367,
                        0.37698495388031006,
                        -1.378759503364563
                    ],
                    [
                        2.4607791900634766,
                        -1.4184331893920898,
                        -1.3308179378509521
                    ],
                    [
                        2.9516818523406982,
                        -1.3297700881958008,
                        -1.1317076683044434
                    ],
                    [
                        2.9542620182037354,
                        -1.0405994653701782,
                        -1.4450749158859253
                    ],
                    [
                        -0.7914783954620361,
                        2.1566920280456543,
                        -0.8556928038597107
                    ],
                    [
                        2.369924306869507,
                        -0.7008426189422607,
                        -1.1116899251937866
                    ],
                    [
                        2.489062786102295,
                        -0.5066353678703308,
                        -0.9600046277046204
                    ],
                    [
                        3.0726373195648193,
                        -0.36427924036979675,
                        -1.2232664823532104
                    ],
                    [
                        2.5896060466766357,
                        -0.24250036478042603,
                        -1.2955342531204224
                    ],
                    [
                        3.0876049995422363,
                        -1.1376389265060425,
                        -1.7244203090667725
                    ],
                    [
                        3.2109227180480957,
                        -0.9946318864822388,
                        -1.4950071573257446
                    ],
                    [
                        2.9939284324645996,
                        -0.16552042961120605,
                        -1.459631323814392
                    ],
                    [
                        3.4811015129089355,
                        -0.392327219247818,
                        -1.159376859664917
                    ],
                    [
                        3.5632848739624023,
                        -0.4634788930416107,
                        -2.1993463039398193
                    ],
                    [
                        -0.5966327786445618,
                        3.084282636642456,
                        -1.0952112674713135
                    ],
                    [
                        3.467133045196533,
                        -0.9708927869796753,
                        -1.2445515394210815
                    ],
                    [
                        3.8968629837036133,
                        -0.602867066860199,
                        -1.102954387664795
                    ],
                    [
                        3.0179383754730225,
                        -0.3844871520996094,
                        -0.8113160729408264
                    ],
                    [
                        3.6490261554718018,
                        -0.4293312728404999,
                        -1.4766374826431274
                    ],
                    [
                        3.9282140731811523,
                        -0.09686997532844543,
                        -1.2940833568572998
                    ]
                ]
            ],
            "actions_pred": [
                [
                    [
                        -0.38286659121513367,
                        2.4607791900634766,
                        2.9516818523406982,
                        2.9542620182037354,
                        -0.7914783954620361,
                        2.369924306869507,
                        2.489062786102295,
                        3.0726373195648193,
                        2.5896060466766357,
                        3.0876049995422363,
                        3.2109227180480957,
                        2.9939284324645996,
                        3.4811015129089355,
                        3.5632848739624023,
                        -0.5966327786445618,
                        3.467133045196533,
                        3.8968629837036133,
                        3.0179383754730225,
                        3.6490261554718018,
                        3.9282140731811523
                    ],
                    [
                        0.37698495388031006,
                        -1.4184331893920898,
                        -1.3297700881958008,
                        -1.0405994653701782,
                        2.1566920280456543,
                        -0.7008426189422607,
                        -0.5066353678703308,
                        -0.36427924036979675,
                        -0.24250036478042603,
                        -1.1376389265060425,
                        -0.9946318864822388,
                        -0.16552042961120605,
                        -0.392327219247818,
                        -0.4634788930416107,
                        3.084282636642456,
                        -0.9708927869796753,
                        -0.602867066860199,
                        -0.3844871520996094,
                        -0.4293312728404999,
                        -0.09686997532844543
                    ],
                    [
                        -1.378759503364563,
                        -1.3308179378509521,
                        -1.1317076683044434,
                        -1.4450749158859253,
                        -0.8556928038597107,
                        -1.1116899251937866,
                        -0.9600046277046204,
                        -1.2232664823532104,
                        -1.2955342531204224,
                        -1.7244203090667725,
                        -1.4950071573257446,
                        -1.459631323814392,
                        -1.159376859664917,
                        -2.1993463039398193,
                        -1.0952112674713135,
                        -1.2445515394210815,
                        -1.102954387664795,
                        -0.8113160729408264,
                        -1.4766374826431274,
                        -1.2940833568572998
                    ]
                ]
            ],
            "states": [
                [
                    [
                        0.0,
                        0.0,
                        658976896.0,
                        230000.0,
                        0.0,
                        0.0,
                        6529585.0,
                        66.0
                    ],
                    [
                        0.0,
                        0.0,
                        658976896.0,
                        230000.0,
                        658976896.0,
                        0.0,
                        6529637.0,
                        67.0
                    ],
                    [
                        0.0,
                        0.0,
                        658976896.0,
                        230000.0,
                        1317953792.0,
                        0.0,
                        6531137.0,
                        67.0
                    ],
                    [
                        0.0,
                        0.0,
                        658976896.0,
                        230000.0,
                        1976930688.0,
                        0.0,
                        6532637.0,
                        67.0
                    ],
                    [
                        0.0,
                        0.0,
                        701926592.0,
                        230000.0,
                        0.0,
                        0.0,
                        6532689.0,
                        67.0
                    ],
                    [
                        0.0,
                        0.0,
                        701926592.0,
                        90000.0,
                        5615412736.0,
                        0.0,
                        6533241.0,
                        68.0
                    ],
                    [
                        0.0,
                        0.0,
                        701926592.0,
                        90000.0,
                        6317339136.0,
                        0.0,
                        6533305.0,
                        68.0
                    ],
                    [
                        0.0,
                        0.0,
                        701926592.0,
                        90000.0,
                        7019265536.0,
                        0.0,
                        6533369.0,
                        68.0
                    ],
                    [
                        0.0,
                        0.0,
                        701926592.0,
                        90000.0,
                        7721192448.0,
                        0.0,
                        6533441.0,
                        68.0
                    ],
                    [
                        0.0,
                        0.0,
                        701926592.0,
                        90000.0,
                        8423118848.0,
                        0.0,
                        6533513.0,
                        68.0
                    ],
                    [
                        0.0,
                        0.0,
                        701926592.0,
                        90000.0,
                        6317339136.0,
                        0.0,
                        6533305.0,
                        68.0
                    ],
                    [
                        0.0,
                        0.0,
                        701926592.0,
                        90000.0,
                        7019265536.0,
                        0.0,
                        6533369.0,
                        68.0
                    ],
                    [
                        0.0,
                        0.0,
                        701926592.0,
                        90000.0,
                        7721192448.0,
                        0.0,
                        6533441.0,
                        68.0
                    ],
                    [
                        0.0,
                        0.0,
                        701926592.0,
                        90000.0,
                        8423118848.0,
                        0.0,
                        6533513.0,
                        68.0
                    ],
                    [
                        0.0,
                        0.0,
                        701926592.0,
                        90000.0,
                        0.0,
                        0.0,
                        6533585.0,
                        68.0
                    ],
                    [
                        0.0,
                        0.0,
                        701926592.0,
                        50000.0,
                        7721192448.0,
                        0.0,
                        6538673.0,
                        69.0
                    ],
                    [
                        0.0,
                        0.0,
                        701926592.0,
                        50000.0,
                        8423118848.0,
                        0.0,
                        6538745.0,
                        69.0
                    ],
                    [
                        0.0,
                        0.0,
                        701926592.0,
                        50000.0,
                        9125045248.0,
                        0.0,
                        6538817.0,
                        69.0
                    ],
                    [
                        0.0,
                        0.0,
                        701926592.0,
                        50000.0,
                        9826971648.0,
                        0.0,
                        6538889.0,
                        69.0
                    ],
                    [
                        0.0,
                        0.0,
                        701926592.0,
                        50000.0,
                        10528899072.0,
                        0.0,
                        6538961.0,
                        69.0
                    ]
                ]
            ],
            "actions": [
                [
                    [
                        0.6666666865348816
                    ],
                    [
                        0.3333333432674408
                    ],
                    [
                        0.3333333432674408
                    ],
                    [
                        0.3333333432674408
                    ],
                    [
                        0.6666666865348816
                    ],
                    [
                        0.3333333432674408
                    ],
                    [
                        0.3333333432674408
                    ],
                    [
                        0.3333333432674408
                    ],
                    [
                        0.3333333432674408
                    ],
                    [
                        0.3333333432674408
                    ],
                    [
                        0.3333333432674408
                    ],
                    [
                        0.3333333432674408
                    ],
                    [
                        0.3333333432674408
                    ],
                    [
                        0.3333333432674408
                    ],
                    [
                        0.6666666865348816
                    ],
                    [
                        0.3333333432674408
                    ],
                    [
                        0.3333333432674408
                    ],
                    [
                        0.3333333432674408
                    ],
                    [
                        0.3333333432674408
                    ],
                    [
                        0.3333333432674408
                    ]
                ]
            ],
            "returns": [
                [
                    [
                        0.2524999976158142
                    ],
                    [
                        0.2515416741371155
                    ],
                    [
                        0.25058332085609436
                    ],
                    [
                        0.24962499737739563
                    ],
                    [
                        0.2486666738986969
                    ],
                    [
                        0.24770833551883698
                    ],
                    [
                        0.2473333328962326
                    ],
                    [
                        0.24695833027362823
                    ],
                    [
                        0.24658332765102386
                    ],
                    [
                        0.2462083399295807
                    ],
                    [
                        0.24583333730697632
                    ],
                    [
                        0.24545833468437195
                    ],
                    [
                        0.24508333206176758
                    ],
                    [
                        0.2447083294391632
                    ],
                    [
                        0.24433332681655884
                    ],
                    [
                        0.24395833909511566
                    ],
                    [
                        0.24375000596046448
                    ],
                    [
                        0.2435416728258133
                    ],
                    [
                        0.2433333396911621
                    ],
                    [
                        0.24312500655651093
                    ]
                ]
            ],
            "timesteps": [
                [
                    680,
                    681,
                    682,
                    683,
                    684,
                    685,
                    686,
                    687,
                    688,
                    689,
                    690,
                    691,
                    692,
                    693,
                    694,
                    695,
                    696,
                    697,
                    698,
                    699
                ]
            ],
            "labels": [
                [
                    1,
                    0,
                    0,
                    0,
                    1,
                    0,
                    0,
                    0,
                    0,
                    0,
                    0,
                    0,
                    0,
                    0,
                    1,
                    0,
                    0,
                    0,
                    0,
                    0
                ]
            ],
            "CPU Usage": 8.9,
            "RAM Usage": 17.5,
            "GPU Usage": 44.0,
            "VRAM Usage": 15400.0,
            "Disk Read Speed (MB/s)": 75057177.68652344,
            "Disk Write Speed (MB/s)": 506878215.6533203
        },
        {
            "step": 2,
            "train_loss": 0.00039623695192858577,
            "actions_pred1": [
                [
                    [
                        5.708179473876953,
                        -2.00100040435791,
                        -1.8909865617752075
                    ],
                    [
                        5.504336357116699,
                        -1.689182996749878,
                        -1.8563759326934814
                    ],
                    [
                        4.552391529083252,
                        -1.4275412559509277,
                        -2.1392264366149902
                    ],
                    [
                        5.0225629806518555,
                        -1.043176293373108,
                        -1.878252387046814
                    ],
                    [
                        1.0845965147018433,
                        3.2300262451171875,
                        -0.19699598848819733
                    ],
                    [
                        4.426938533782959,
                        -0.5578427910804749,
                        -2.164961099624634
                    ],
                    [
                        7.290484428405762,
                        -1.0765573978424072,
                        -2.3664159774780273
                    ],
                    [
                        6.994328022003174,
                        -1.9772552251815796,
                        -2.4433722496032715
                    ],
                    [
                        6.780233383178711,
                        -1.9147266149520874,
                        -1.4427932500839233
                    ],
                    [
                        5.2532057762146,
                        -1.571571946144104,
                        -1.3804599046707153
                    ],
                    [
                        5.17026424407959,
                        -1.3054834604263306,
                        -2.2918522357940674
                    ],
                    [
                        6.068933963775635,
                        -2.29280161857605,
                        -2.5134835243225098
                    ],
                    [
                        6.892810821533203,
                        -1.9856806993484497,
                        -1.117386817932129
                    ],
                    [
                        5.222960948944092,
                        -1.326770305633545,
                        -1.2035026550292969
                    ],
                    [
                        0.005515299737453461,
                        3.5604875087738037,
                        0.2608298361301422
                    ],
                    [
                        4.825891971588135,
                        -0.6119062304496765,
                        -0.9612603783607483
                    ],
                    [
                        5.207202911376953,
                        -1.1248416900634766,
                        -1.52730393409729
                    ],
                    [
                        5.022261619567871,
                        -2.193950653076172,
                        -0.5093699097633362
                    ],
                    [
                        5.218216896057129,
                        -0.78409743309021,
                        -1.067933201789856
                    ],
                    [
                        5.245659351348877,
                        -1.0532636642456055,
                        -0.6819688677787781
                    ]
                ]
            ],
            "actions_pred": [
                [
                    [
                        5.708179473876953,
                        5.504336357116699,
                        4.552391529083252,
                        5.0225629806518555,
                        1.0845965147018433,
                        4.426938533782959,
                        7.290484428405762,
                        6.994328022003174,
                        6.780233383178711,
                        5.2532057762146,
                        5.17026424407959,
                        6.068933963775635,
                        6.892810821533203,
                        5.222960948944092,
                        0.005515299737453461,
