{
    "steps": [
        {
            "step": 0,
            "train_loss": 0.005682997405529022,
            "actions_pred1": [
                [
                    [
                        2.9548325538635254,
                        -1.0789248943328857,
                        -2.2510735988616943
                    ],
                    [
                        3.7629899978637695,
                        -0.2194724678993225,
                        -2.216834306716919
                    ],
                    [
                        3.1908085346221924,
                        0.2898223400115967,
                        -2.3598380088806152
                    ],
                    [
                        3.319991111755371,
                        0.00833671260625124,
                        -2.235994815826416
                    ],
                    [
                        1.4635179042816162,
                        1.2925060987472534,
                        -1.8358142375946045
                    ],
                    [
                        3.3220248222351074,
                        0.03845294192433357,
                        -1.802701473236084
                    ],
                    [
                        3.226680040359497,
                        0.1549026221036911,
                        -2.1892452239990234
                    ],
                    [
                        2.8529882431030273,
                        0.2966279089450836,
                        -2.247617483139038
                    ],
                    [
                        3.083946466445923,
                        0.009196748025715351,
                        -2.219491958618164
                    ],
                    [
                        2.780545234680176,
                        0.3931744694709778,
                        -2.5299072265625
                    ],
                    [
                        3.025242328643799,
                        0.47218409180641174,
                        -2.3838999271392822
                    ],
                    [
                        2.9174535274505615,
                        0.2692309319972992,
                        -2.396918296813965
                    ],
                    [
                        2.5780513286590576,
                        0.1383291631937027,
                        -2.314183473587036
                    ],
                    [
                        2.9504129886627197,
                        0.042186517268419266,
                        -2.502845048904419
                    ],
                    [
                        0.9752912521362305,
                        1.624733805656433,
                        -1.7628709077835083
                    ],
                    [
                        3.3744261264801025,
                        -0.08819719403982162,
                        -2.2614495754241943
                    ],
                    [
                        1.7838385105133057,
                        0.9090386033058167,
                        -2.1298763751983643
                    ],
                    [
                        1.7830506563186646,
                        0.8812502026557922,
                        -1.5152411460876465
                    ],
                    [
                        1.4130349159240723,
                        0.8063420057296753,
                        -1.7865257263183594
                    ],
                    [
                        1.760149359703064,
                        1.0365639925003052,
                        -1.8676162958145142
                    ]
                ]
            ],
            "actions_pred": [
                [
                    [
                        2.9548325538635254,
                        3.7629899978637695,
                        3.1908085346221924,
                        3.319991111755371,
                        1.4635179042816162,
                        3.3220248222351074,
                        3.226680040359497,
                        2.8529882431030273,
                        3.083946466445923,
                        2.780545234680176,
                        3.025242328643799,
                        2.9174535274505615,
                        2.5780513286590576,
                        2.9504129886627197,
                        0.9752912521362305,
                        3.3744261264801025,
                        1.7838385105133057,
                        1.7830506563186646,
                        1.4130349159240723,
                        1.760149359703064
                    ],
                    [
                        -1.0789248943328857,
                        -0.2194724678993225,
                        0.2898223400115967,
                        0.00833671260625124,
                        1.2925060987472534,
                        0.03845294192433357,
                        0.1549026221036911,
                        0.2966279089450836,
                        0.009196748025715351,
                        0.3931744694709778,
                        0.47218409180641174,
                        0.2692309319972992,
                        0.1383291631937027,
                        0.042186517268419266,
                        1.624733805656433,
                        -0.08819719403982162,
                        0.9090386033058167,
                        0.8812502026557922,
                        0.8063420057296753,
                        1.0365639925003052
                    ],
                    [
                        -2.2510735988616943,
                        -2.216834306716919,
                        -2.3598380088806152,
                        -2.235994815826416,
                        -1.8358142375946045,
                        -1.802701473236084,
                        -2.1892452239990234,
                        -2.247617483139038,
                        -2.219491958618164,
                        -2.5299072265625,
                        -2.3838999271392822,
                        -2.396918296813965,
                        -2.314183473587036,
                        -2.502845048904419,
                        -1.7628709077835083,
                        -2.2614495754241943,
                        -2.1298763751983643,
                        -1.5152411460876465,
                        -1.7865257263183594,
                        -1.8676162958145142
                    ]
                ]
            ],
            "states": [
                [
                    [
                        0.0,
                        0.0,
                        701926592.0,
                        50000.0,
                        8423118848.0,
                        0.0,
                        6538745.0,
                        69.0
                    ],
                    [
                        0.0,
                        0.0,
                        701926592.0,
                        50000.0,
                        9125045248.0,
                        0.0,
                        6538817.0,
                        69.0
                    ],
                    [
                        0.0,
                        0.0,
                        701926592.0,
                        50000.0,
                        9826971648.0,
                        0.0,
                        6538889.0,
                        69.0
                    ],
                    [
                        0.0,
                        0.0,
                        701926592.0,
                        50000.0,
                        10528899072.0,
                        0.0,
                        6538961.0,
                        69.0
                    ],
                    [
                        0.0,
                        0.0,
                        701926592.0,
                        50000.0,
                        0.0,
                        0.0,
                        6539025.0,
                        69.0
                    ],
                    [
                        0.0,
                        0.0,
                        701926592.0,
                        50000.0,
                        2807706368.0,
                        0.0,
                        6539265.0,
                        70.0
                    ],
                    [
                        0.0,
                        0.0,
                        701926592.0,
                        50000.0,
                        3509632768.0,
                        0.0,
                        6539337.0,
                        70.0
                    ],
                    [
                        0.0,
                        0.0,
                        701926592.0,
                        50000.0,
                        4211559424.0,
                        0.0,
                        6539401.0,
                        70.0
                    ],
                    [
                        0.0,
                        0.0,
                        701926592.0,
                        50000.0,
                        4913485824.0,
                        0.0,
                        6539465.0,
                        70.0
                    ],
                    [
                        0.0,
                        0.0,
                        701926592.0,
                        50000.0,
                        5615412736.0,
                        0.0,
                        6539529.0,
                        70.0
                    ],
                    [
                        0.0,
                        0.0,
                        701926592.0,
                        50000.0,
                        3509632768.0,
                        0.0,
                        6539337.0,
                        70.0
                    ],
                    [
                        0.0,
                        0.0,
                        701926592.0,
                        50000.0,
                        4211559424.0,
                        0.0,
                        6539401.0,
                        70.0
                    ],
                    [
                        0.0,
                        0.0,
                        701926592.0,
                        50000.0,
                        4913485824.0,
                        0.0,
                        6539465.0,
                        70.0
                    ],
                    [
                        0.0,
                        0.0,
                        701926592.0,
                        50000.0,
                        5615412736.0,
                        0.0,
                        6539529.0,
                        70.0
                    ],
                    [
                        0.0,
                        0.0,
                        701926592.0,
                        50000.0,
                        0.0,
                        0.0,
                        6539593.0,
                        70.0
                    ],
                    [
                        0.0,
                        0.0,
                        228138000.0,
                        50000.0,
                        6738590208.0,
                        0.0,
                        6549173.0,
                        71.0
                    ],
                    [
                        1.0,
                        150000.0,
                        0.0,
                        10000.0,
                        0.0,
                        0.0,
                        5939146.0,
                        0.0
                    ],
                    [
                        1.0,
                        150000.0,
                        0.0,
                        10000.0,
                        0.0,
                        0.0,
                        5940646.0,
                        0.0
                    ],
                    [
                        1.0,
                        150000.0,
                        0.0,
                        10000.0,
                        0.0,
                        0.0,
                        5942146.0,
                        0.0
                    ],
                    [
                        1.0,
                        150000.0,
                        0.0,
                        10000.0,
                        0.0,
                        0.0,
                        5943646.0,
                        0.0
                    ]
                ]
            ],
            "actions": [
                [
                    [
                        0.3333333432674408
                    ],
                    [
                        0.3333333432674408
                    ],
                    [
                        0.3333333432674408
                    ],
                    [
                        0.3333333432674408
                    ],
                    [
                        0.6666666865348816
                    ],
                    [
                        0.3333333432674408
                    ],
                    [
                        0.3333333432674408
                    ],
                    [
                        0.3333333432674408
                    ],
                    [
                        0.3333333432674408
                    ],
                    [
                        0.3333333432674408
                    ],
                    [
                        0.3333333432674408
                    ],
                    [
                        0.3333333432674408
                    ],
                    [
                        0.3333333432674408
                    ],
                    [
                        0.3333333432674408
                    ],
                    [
                        0.6666666865348816
                    ],
                    [
                        0.3333333432674408
                    ],
                    [
                        0.3333333432674408
                    ],
                    [
                        0.3333333432674408
                    ],
                    [
                        0.3333333432674408
                    ],
                    [
                        0.3333333432674408
                    ]
                ]
            ],
            "returns": [
                [
                    [
                        0.24291667342185974
                    ],
                    [
                        0.24270834028720856
                    ],
                    [
                        0.24250000715255737
                    ],
                    [
                        0.2422916740179062
                    ],
                    [
                        0.2420833259820938
                    ],
                    [
                        0.24187499284744263
                    ],
                    [
                        0.24166665971279144
                    ],
                    [
                        0.24145832657814026
                    ],
                    [
                        0.24124999344348907
                    ],
                    [
                        0.2410416603088379
                    ],
                    [
                        0.2408333271741867
                    ],
                    [
                        0.24062499403953552
                    ],
                    [
                        0.24041666090488434
                    ],
                    [
                        0.24020832777023315
                    ],
                    [
                        0.23999999463558197
                    ],
                    [
                        0.2397916615009308
                    ],
                    [
                        0.2395833283662796
                    ],
                    [
                        0.2395416647195816
                    ],
                    [
                        0.2395000010728836
                    ],
                    [
                        0.2394583374261856
                    ]
                ]
            ],
            "timesteps": [
                [
                    700,
                    701,
                    702,
                    703,
                    704,
                    705,
                    706,
                    707,
                    708,
                    709,
                    710,
                    711,
                    712,
                    713,
                    714,
                    715,
                    716,
                    717,
                    718,
                    719
                ]
            ],
            "labels": [
                [
                    0,
                    0,
                    0,
                    0,
                    1,
                    0,
                    0,
                    0,
                    0,
                    0,
                    0,
                    0,
                    0,
                    0,
                    1,
                    0,
                    0,
                    0,
                    0,
                    0
                ]
            ],
            "CPU Usage": 5.6,
            "RAM Usage": 17.4,
            "GPU Usage": 42.0,
            "VRAM Usage": 15400.0,
            "Disk Read Speed (MB/s)": 75057177.68652344,
            "Disk Write Speed (MB/s)": 506878150.1533203
        },
        {
            "step": 1,
            "train_loss": 0.009717159904539585,
            "actions_pred1": [
                [
                    [
                        2.9688315391540527,
                        -0.2011636346578598,
                        -2.681368827819824
                    ],
                    [
                        3.0587825775146484,
                        -0.025131653994321823,
                        -2.963355779647827
                    ],
                    [
                        3.3975095748901367,
                        -0.07071661204099655,
                        -3.3404996395111084
                    ],
                    [
                        2.9613707065582275,
                        0.16239817440509796,
                        -2.96148943901062
                    ],
                    [
                        3.7212657928466797,
                        -0.2166546881198883,
                        -2.771819829940796
                    ],
                    [
                        3.7868590354919434,
                        -0.3133847415447235,
                        -2.690943717956543
                    ],
                    [
                        3.79099702835083,
                        -0.2693749666213989,
                        -2.963931083679199
                    ],
                    [
                        3.5806467533111572,
                        -0.09476254135370255,
                        -3.213118076324463
                    ],
                    [
                        4.000791549682617,
                        -0.48556020855903625,
                        -3.3869550228118896
                    ],
                    [
                        3.9433796405792236,
                        -0.40755316615104675,
                        -2.7484726905822754
                    ],
                    [
                        4.36162805557251,
                        -0.4906392991542816,
                        -3.0342857837677
                    ],
                    [
                        4.486552715301514,
                        -0.360746830701828,
                        -2.8890540599823
                    ],
                    [
                        4.254639625549316,
                        -0.46108952164649963,
                        -3.3976261615753174
                    ],
                    [
                        4.50120210647583,
                        -0.11183027178049088,
                        -3.5362846851348877
                    ],
                    [
                        1.463773488998413,
                        1.4688529968261719,
                        -1.917256236076355
                    ],
                    [
                        1.7879198789596558,
                        0.5532678961753845,
                        -2.241100549697876
                    ],
                    [
                        1.3415226936340332,
                        0.6028398275375366,
                        -2.4534504413604736
                    ],
                    [
                        1.5511693954467773,
                        0.37060731649398804,
                        -2.342489242553711
                    ],
                    [
                        1.7358659505844116,
                        0.501939058303833,
                        -2.706815004348755
                    ],
                    [
                        3.7728145122528076,
                        -0.18164192140102386,
                        -2.5841569900512695
                    ]
                ]
            ],
            "actions_pred": [
                [
                    [
                        2.9688315391540527,
                        3.0587825775146484,
                        3.3975095748901367,
                        2.9613707065582275,
                        3.7212657928466797,
                        3.7868590354919434,
                        3.79099702835083,
                        3.5806467533111572,
                        4.000791549682617,
                        3.9433796405792236,
                        4.36162805557251,
                        4.486552715301514,
                        4.254639625549316,
                        4.50120210647583,
                        1.463773488998413,
                        1.7879198789596558,
                        1.3415226936340332,
                        1.5511693954467773,
                        1.7358659505844116,
                        3.7728145122528076
                    ],
                    [
                        -0.2011636346578598,
                        -0.025131653994321823,
                        -0.07071661204099655,
                        0.16239817440509796,
                        -0.2166546881198883,
                        -0.3133847415447235,
                        -0.2693749666213989,
                        -0.09476254135370255,
                        -0.48556020855903625,
                        -0.40755316615104675,
                        -0.4906392991542816,
                        -0.360746830701828,
                        -0.46108952164649963,
                        -0.11183027178049088,
                        1.4688529968261719,
                        0.5532678961753845,
                        0.6028398275375366,
                        0.37060731649398804,
                        0.501939058303833,
                        -0.18164192140102386
                    ],
                    [
                        -2.681368827819824,
                        -2.963355779647827,
                        -3.3404996395111084,
                        -2.96148943901062,
                        -2.771819829940796,
                        -2.690943717956543,
                        -2.963931083679199,
                        -3.213118076324463,
                        -3.3869550228118896,
                        -2.7484726905822754,
                        -3.0342857837677,
                        -2.8890540599823,
                        -3.3976261615753174,
                        -3.5362846851348877,
                        -1.917256236076355,
                        -2.241100549697876,
                        -2.4534504413604736,
                        -2.342489242553711,
                        -2.706815004348755,
                        -2.5841569900512695
                    ]
                ]
            ],
            "states": [
                [
                    [
                        0.0,
                        0.0,
                        601263296.0,
                        140000.0,
                        16133444608.0,
                        0.0,
                        6698357.0,
                        81.0
                    ],
                    [
                        0.0,
                        0.0,
                        601263296.0,
                        140000.0,
                        16734708736.0,
                        0.0,
                        6698409.0,
                        81.0
                    ],
                    [
                        0.0,
                        0.0,
                        601263296.0,
                        140000.0,
                        17335971840.0,
                        0.0,
                        6698461.0,
                        81.0
                    ],
                    [
                        0.0,
                        0.0,
                        601263296.0,
                        140000.0,
                        17937233920.0,
                        0.0,
                        6698541.0,
                        81.0
                    ],
                    [
                        0.0,
                        0.0,
                        601263296.0,
                        140000.0,
                        18538498048.0,
                        0.0,
                        6698593.0,
                        81.0
                    ],
                    [
                        0.0,
                        0.0,
                        634817728.0,
                        110000.0,
                        9488710656.0,
                        0.0,
                        6702449.0,
                        82.0
                    ],
                    [
                        0.0,
                        0.0,
                        634817728.0,
                        110000.0,
                        10123529216.0,
                        0.0,
                        6702501.0,
                        82.0
                    ],
                    [
                        0.0,
                        0.0,
                        634817728.0,
                        70000.0,
                        10758346752.0,
                        0.0,
                        6702581.0,
                        82.0
                    ],
                    [
                        0.0,
                        0.0,
                        634817728.0,
                        70000.0,
                        11393164288.0,
                        0.0,
                        6702661.0,
                        82.0
                    ],
                    [
                        0.0,
                        0.0,
                        634817728.0,
                        70000.0,
                        12027981824.0,
                        0.0,
                        6702733.0,
                        82.0
                    ],
                    [
                        0.0,
                        0.0,
                        634817728.0,
                        110000.0,
                        10123529216.0,
                        0.0,
                        6702501.0,
                        82.0
                    ],
                    [
                        0.0,
                        0.0,
                        634817728.0,
                        70000.0,
                        10758346752.0,
                        0.0,
                        6702581.0,
                        82.0
                    ],
                    [
                        0.0,
                        0.0,
                        634817728.0,
                        70000.0,
                        11393164288.0,
                        0.0,
                        6702661.0,
                        82.0
                    ],
                    [
                        0.0,
                        0.0,
                        634817728.0,
                        70000.0,
                        12027981824.0,
                        0.0,
                        6702733.0,
                        82.0
                    ],
                    [
                        0.0,
                        0.0,
                        634817728.0,
                        70000.0,
                        0.0,
                        0.0,
                        6702813.0,
                        82.0
                    ],
                    [
                        1.0,
                        150000.0,
                        0.0,
                        0.0,
                        0.0,
                        0.0,
                        6135646.0,
                        0.0
                    ],
                    [
                        1.0,
                        150000.0,
                        0.0,
                        0.0,
                        0.0,
                        0.0,
                        6137146.0,
                        0.0
                    ],
                    [
                        1.0,
                        150000.0,
                        0.0,
                        0.0,
                        0.0,
                        0.0,
                        6138646.0,
                        0.0
                    ],
                    [
                        1.0,
                        150000.0,
                        0.0,
                        0.0,
                        0.0,
                        0.0,
                        6140146.0,
                        0.0
                    ],
                    [
                        0.0,
                        0.0,
                        504626496.0,
                        80000.0,
                        5510626304.0,
                        0.0,
                        6703585.0,
                        83.0
                    ]
                ]
            ],
            "actions": [
                [
                    [
                        0.3333333432674408
                    ],
                    [
                        0.3333333432674408
                    ],
                    [
                        0.3333333432674408
                    ],
                    [
                        0.3333333432674408
                    ],
                    [
                        0.6666666865348816
                    ],
                    [
                        0.3333333432674408
                    ],
                    [
                        0.3333333432674408
                    ],
                    [
                        0.3333333432674408
                    ],
                    [
                        0.3333333432674408
                    ],
                    [
                        0.3333333432674408
                    ],
                    [
                        0.3333333432674408
                    ],
                    [
                        0.3333333432674408
                    ],
                    [
                        0.3333333432674408
                    ],
                    [
                        0.3333333432674408
                    ],
                    [
                        0.6666666865348816
                    ],
                    [
                        0.3333333432674408
                    ],
                    [
                        0.3333333432674408
                    ],
                    [
                        0.3333333432674408
                    ],
                    [
                        0.3333333432674408
                    ],
                    [
                        0.3333333432674408
                    ]
                ]
            ],
            "returns": [
                [
                    [
                        0.20370833575725555
                    ],
                    [
                        0.203125
                    ],
                    [
                        0.20254166424274445
                    ],
                    [
                        0.2019583284854889
                    ],
                    [
                        0.20137499272823334
                    ],
                    [
                        0.20079167187213898
                    ],
                    [
                        0.20033332705497742
                    ],
                    [
                        0.19987499713897705
                    ],
                    [
                        0.19958333671092987
                    ],
                    [
                        0.1992916613817215
                    ],
                    [
                        0.19900000095367432
                    ],
                    [
                        0.19854167103767395
                    ],
                    [
                        0.19824999570846558
                    ],
                    [
                        0.1979583352804184
                    ],
                    [
                        0.19766665995121002
                    ],
                    [
                        0.19737499952316284
                    ],
                    [
                        0.19737499952316284
                    ],
                    [
                        0.19737499952316284
                    ],
                    [
                        0.19737499952316284
                    ],
                    [
                        0.19737499952316284
                    ]
                ]
            ],
            "timesteps": [
                [
                    820,
                    821,
                    822,
                    823,
                    824,
                    825,
                    826,
                    827,
                    828,
                    829,
                    830,
                    831,
                    832,
                    833,
                    834,
                    835,
                    836,
                    837,
                    838,
                    839
                ]
            ],
            "labels": [
                [
                    0,
                    0,
                    0,
                    0,
                    1,
                    0,
                    0,
                    0,
                    0,
                    0,
                    0,
                    0,
                    0,
                    0,
                    1,
                    0,
                    0,
                    0,
                    0,
                    0
                ]
            ],
            "CPU Usage": 4.6,
            "RAM Usage": 17.4,
            "GPU Usage": 63.0,
            "VRAM Usage": 15400.0,
            "Disk Read Speed (MB/s)": 75057177.68652344,
            "Disk Write Speed (MB/s)": 506878150.1533203
        },
        {
            "step": 2,
            "train_loss": 0.008650069124996662,
            "actions_pred1": [
                [
                    [
                        1.980816125869751,
                        -0.10210573673248291,
                        -1.555822730064392
                    ],
                    [
                        2.724940776824951,
                        -0.16372786462306976,
                        -2.453432321548462
                    ],
                    [
                        2.464136838912964,
                        -0.3147888481616974,
                        -2.1228444576263428
                    ],
                    [
                        3.104843854904175,
                        -0.23915068805217743,
                        -2.045469284057617
                    ],
                    [
                        2.7126569747924805,
                        -0.49712786078453064,
                        -2.551764488220215
                    ],
                    [
                        2.7215397357940674,
                        -0.10576600581407547,
                        -2.384650945663452
                    ],
                    [
                        3.1255455017089844,
                        -0.31712010502815247,
                        -2.4386909008026123
                    ],
                    [
                        2.8813390731811523,
                        -0.2297912836074829,
                        -2.6138627529144287
                    ],
                    [
                        2.404046058654785,
                        0.21720543503761292,
                        -1.9606541395187378
                    ],
                    [
                        2.536027193069458,
                        -0.5871012210845947,
                        -2.6779701709747314
                    ],
                    [
                        2.0253055095672607,
                        -0.2050950825214386,
                        -2.7058491706848145
                    ],
                    [
                        1.2712384462356567,
                        0.29707542061805725,
                        -2.5818440914154053
                    ],
                    [
                        2.6743884086608887,
                        -0.5714695453643799,
                        -2.938060760498047
                    ],
                    [
                        2.9890477657318115,
                        -0.5108614563941956,
                        -2.4481842517852783
                    ],
                    [
                        3.3877363204956055,
                        -0.28644701838493347,
                        -3.307046413421631
                    ],
                    [
                        1.5897117853164673,
                        0.15889371931552887,
                        -2.3872179985046387
                    ],
                    [
                        3.236253499984741,
                        -0.2879137098789215,
                        -2.654130697250366
                    ],
                    [
                        3.3465075492858887,
                        -0.3505428731441498,
                        -2.865880250930786
                    ],
                    [
                        3.3366599082946777,
                        -0.5682962536811829,
                        -2.8918731212615967
                    ],
                    [
                        1.5593557357788086,
                        1.234125018119812,
                        -1.9030512571334839
                    ]
                ]
            ],
            "actions_pred": [
                [
                    [
                        1.980816125869751,
                        2.724940776824951,
                        2.464136838912964,
                        3.104843854904175,
                        2.7126569747924805,
                        2.7215397357940674,
                        3.1255455017089844,
                        2.8813390731811523,
                        2.404046058654785,
                        2.536027193069458,
                        2.0253055095672607,
                        1.2712384462356567,
                        2.6743884086608887,
                        2.9890477657318115,
                        3.3877363204956055,
                        1.5897117853164673,
                        3.236253499984741,
                        3.3465075492858887,
