{
    "steps": [
        {
            "step": 0,
            "train_loss": 0.0179593563079834,
            "actions_pred1": [
                [
                    [
                        0.5636242032051086,
                        0.5636865496635437,
                        -0.7767806649208069
                    ],
                    [
                        0.8316344618797302,
                        0.7012300491333008,
                        -0.5303055644035339
                    ],
                    [
                        0.879650354385376,
                        0.3841261565685272,
                        -0.21551576256752014
                    ],
                    [
                        0.45158547163009644,
                        0.273904025554657,
                        -0.6605125665664673
                    ],
                    [
                        0.7747125625610352,
                        0.25740477442741394,
                        -0.6479658484458923
                    ],
                    [
                        0.661195695400238,
                        0.3296521008014679,
                        -1.0913472175598145
                    ],
                    [
                        0.934284508228302,
                        0.08437551558017731,
                        -0.7451608777046204
                    ],
                    [
                        0.8724218606948853,
                        0.16810357570648193,
                        -0.45467230677604675
                    ],
                    [
                        0.9794442653656006,
                        0.17203804850578308,
                        -0.5141454935073853
                    ],
                    [
                        1.32112455368042,
                        0.13930992782115936,
                        -0.3185396194458008
                    ],
                    [
                        1.4425604343414307,
                        0.07341834902763367,
                        -0.3103119432926178
                    ],
                    [
                        1.4300830364227295,
                        0.12085983157157898,
                        -0.47104766964912415
                    ],
                    [
                        0.965252161026001,
                        -0.018046705052256584,
                        -0.47205546498298645
                    ],
                    [
                        1.5216985940933228,
                        -0.09434390068054199,
                        -0.26114240288734436
                    ],
                    [
                        1.2080968618392944,
                        -0.07821795344352722,
                        -0.4671911895275116
                    ],
                    [
                        1.4381505250930786,
                        -0.09745335578918457,
                        -0.40549591183662415
                    ],
                    [
                        1.5231395959854126,
                        -0.11481627821922302,
                        -0.17506925761699677
                    ],
                    [
                        1.6594078540802002,
                        -0.07119908928871155,
                        -0.0008818181231617928
                    ],
                    [
                        1.4814965724945068,
                        -0.013991830870509148,
                        -0.0842333510518074
                    ],
                    [
                        1.6295688152313232,
                        -0.11226314306259155,
                        -0.2527824938297272
                    ]
                ]
            ],
            "actions_pred": [
                [
                    [
                        0.5636242032051086,
                        0.8316344618797302,
                        0.879650354385376,
                        0.45158547163009644,
                        0.7747125625610352,
                        0.661195695400238,
                        0.934284508228302,
                        0.8724218606948853,
                        0.9794442653656006,
                        1.32112455368042,
                        1.4425604343414307,
                        1.4300830364227295,
                        0.965252161026001,
                        1.5216985940933228,
                        1.2080968618392944,
                        1.4381505250930786,
                        1.5231395959854126,
                        1.6594078540802002,
                        1.4814965724945068,
                        1.6295688152313232
                    ],
                    [
                        0.5636865496635437,
                        0.7012300491333008,
                        0.3841261565685272,
                        0.273904025554657,
                        0.25740477442741394,
                        0.3296521008014679,
                        0.08437551558017731,
                        0.16810357570648193,
                        0.17203804850578308,
                        0.13930992782115936,
                        0.07341834902763367,
                        0.12085983157157898,
                        -0.018046705052256584,
                        -0.09434390068054199,
                        -0.07821795344352722,
                        -0.09745335578918457,
                        -0.11481627821922302,
                        -0.07119908928871155,
                        -0.013991830870509148,
                        -0.11226314306259155
                    ],
                    [
                        -0.7767806649208069,
                        -0.5303055644035339,
                        -0.21551576256752014,
                        -0.6605125665664673,
                        -0.6479658484458923,
                        -1.0913472175598145,
                        -0.7451608777046204,
                        -0.45467230677604675,
                        -0.5141454935073853,
                        -0.3185396194458008,
                        -0.3103119432926178,
                        -0.47104766964912415,
                        -0.47205546498298645,
                        -0.26114240288734436,
                        -0.4671911895275116,
                        -0.40549591183662415,
                        -0.17506925761699677,
                        -0.0008818181231617928,
                        -0.0842333510518074,
                        -0.2527824938297272
                    ]
                ]
            ],
            "states": [
                [
                    [
                        0.0,
                        0.0,
                        508653056.0,
                        140000.0,
                        508653056.0,
                        0.0,
                        6651421.0,
                        79.0
                    ],
                    [
                        0.0,
                        0.0,
                        551602688.0,
                        140000.0,
                        1060255744.0,
                        0.0,
                        6651473.0,
                        79.0
                    ],
                    [
                        0.0,
                        0.0,
                        551602688.0,
                        140000.0,
                        1611858432.0,
                        0.0,
                        6651525.0,
                        79.0
                    ],
                    [
                        0.0,
                        0.0,
                        551602688.0,
                        140000.0,
                        2163461120.0,
                        0.0,
                        6651577.0,
                        79.0
                    ],
                    [
                        0.0,
                        0.0,
                        551602688.0,
                        140000.0,
                        0.0,
                        0.0,
                        6651649.0,
                        79.0
                    ],
                    [
                        0.0,
                        0.0,
                        594552384.0,
                        150000.0,
                        15279820800.0,
                        0.0,
                        6667637.0,
                        80.0
                    ],
                    [
                        0.0,
                        0.0,
                        594552384.0,
                        150000.0,
                        15874372608.0,
                        0.0,
                        6669137.0,
                        80.0
                    ],
                    [
                        0.0,
                        0.0,
                        594552384.0,
                        150000.0,
                        16468925440.0,
                        0.0,
                        6670637.0,
                        80.0
                    ],
                    [
                        0.0,
                        0.0,
                        594552384.0,
                        150000.0,
                        17063477248.0,
                        0.0,
                        6670689.0,
                        80.0
                    ],
                    [
                        0.0,
                        0.0,
                        594552384.0,
                        150000.0,
                        17658030080.0,
                        0.0,
                        6672189.0,
                        80.0
                    ],
                    [
                        0.0,
                        0.0,
                        594552384.0,
                        150000.0,
                        15874372608.0,
                        0.0,
                        6669137.0,
                        80.0
                    ],
                    [
                        0.0,
                        0.0,
                        594552384.0,
                        150000.0,
                        16468925440.0,
                        0.0,
                        6670637.0,
                        80.0
                    ],
                    [
                        0.0,
                        0.0,
                        594552384.0,
                        150000.0,
                        17063477248.0,
                        0.0,
                        6670689.0,
                        80.0
                    ],
                    [
                        0.0,
                        0.0,
                        594552384.0,
                        150000.0,
                        17658030080.0,
                        0.0,
                        6672189.0,
                        80.0
                    ],
                    [
                        0.0,
                        0.0,
                        594552384.0,
                        150000.0,
                        0.0,
                        0.0,
                        6673689.0,
                        80.0
                    ],
                    [
                        0.0,
                        0.0,
                        601263296.0,
                        140000.0,
                        15532181504.0,
                        0.0,
                        6698277.0,
                        81.0
                    ],
                    [
                        0.0,
                        0.0,
                        601263296.0,
                        140000.0,
                        16133444608.0,
                        0.0,
                        6698357.0,
                        81.0
                    ],
                    [
                        0.0,
                        0.0,
                        601263296.0,
                        140000.0,
                        16734708736.0,
                        0.0,
                        6698409.0,
                        81.0
                    ],
                    [
                        0.0,
                        0.0,
                        601263296.0,
                        140000.0,
                        17335971840.0,
                        0.0,
                        6698461.0,
                        81.0
                    ],
                    [
                        0.0,
                        0.0,
                        601263296.0,
                        140000.0,
                        17937233920.0,
                        0.0,
                        6698541.0,
                        81.0
                    ]
                ]
            ],
            "actions": [
                [
                    [
                        0.3333333432674408
                    ],
                    [
                        0.3333333432674408
                    ],
                    [
                        0.3333333432674408
                    ],
                    [
                        0.3333333432674408
                    ],
                    [
                        0.6666666865348816
                    ],
                    [
                        0.3333333432674408
                    ],
                    [
                        0.3333333432674408
                    ],
                    [
                        0.3333333432674408
                    ],
                    [
                        0.3333333432674408
                    ],
                    [
                        0.3333333432674408
                    ],
                    [
                        0.3333333432674408
                    ],
                    [
                        0.3333333432674408
                    ],
                    [
                        0.3333333432674408
                    ],
                    [
                        0.3333333432674408
                    ],
                    [
                        0.6666666865348816
                    ],
                    [
                        0.3333333432674408
                    ],
                    [
                        0.3333333432674408
                    ],
                    [
                        0.3333333432674408
                    ],
                    [
                        0.3333333432674408
                    ],
                    [
                        0.3333333432674408
                    ]
                ]
            ],
            "returns": [
                [
                    [
                        0.21579167246818542
                    ],
                    [
                        0.21520833671092987
                    ],
                    [
                        0.21462500095367432
                    ],
                    [
                        0.21404166519641876
                    ],
                    [
                        0.2134583294391632
                    ],
                    [
                        0.21287499368190765
                    ],
                    [
                        0.2122499942779541
                    ],
                    [
                        0.21162499487400055
                    ],
                    [
                        0.210999995470047
                    ],
                    [
                        0.21037499606609344
                    ],
                    [
                        0.2097499966621399
                    ],
                    [
                        0.20912499725818634
                    ],
                    [
                        0.2084999978542328
                    ],
                    [
                        0.20787499845027924
                    ],
                    [
                        0.20724999904632568
                    ],
                    [
                        0.20662499964237213
                    ],
                    [
                        0.20604166388511658
                    ],
                    [
                        0.20545832812786102
                    ],
                    [
                        0.20487500727176666
                    ],
                    [
                        0.2042916715145111
                    ]
                ]
            ],
            "timesteps": [
                [
                    800,
                    801,
                    802,
                    803,
                    804,
                    805,
                    806,
                    807,
                    808,
                    809,
                    810,
                    811,
                    812,
                    813,
                    814,
                    815,
                    816,
                    817,
                    818,
                    819
                ]
            ],
            "labels": [
                [
                    0,
                    0,
                    0,
                    0,
                    1,
                    0,
                    0,
                    0,
                    0,
                    0,
                    0,
                    0,
                    0,
                    0,
                    1,
                    0,
                    0,
                    0,
                    0,
                    0
                ]
            ],
            "CPU Usage": 7.0,
            "RAM Usage": 17.4,
            "GPU Usage": 42.0,
            "VRAM Usage": 15400.0,
            "Disk Read Speed (MB/s)": 75057177.68652344,
            "Disk Write Speed (MB/s)": 506877995.34472656
        },
        {
            "step": 1,
            "train_loss": 0.016627883538603783,
            "actions_pred1": [
                [
                    [
                        0.8206682205200195,
                        -0.27927836775779724,
                        -0.6172334551811218
                    ],
                    [
                        0.6029535531997681,
                        -0.2602085471153259,
                        -0.4058089554309845
                    ],
                    [
                        0.7691254615783691,
                        -0.23241934180259705,
                        -0.45007964968681335
                    ],
                    [
                        1.0975345373153687,
                        -0.34969592094421387,
                        -0.37036752700805664
                    ],
                    [
                        1.0534058809280396,
                        -0.15058347582817078,
                        -0.3988990783691406
                    ],
                    [
                        1.0664937496185303,
                        0.03502437472343445,
                        -0.4693227708339691
                    ],
                    [
                        1.1005175113677979,
                        -0.0894710123538971,
                        -0.2749895751476288
                    ],
                    [
                        1.3387396335601807,
                        -0.2152746319770813,
                        -0.16020086407661438
                    ],
                    [
                        1.4001296758651733,
                        -0.4150921106338501,
                        -0.3601115047931671
                    ],
                    [
                        1.4703395366668701,
                        -0.2060316503047943,
                        -0.11153095960617065
                    ],
                    [
                        1.1620928049087524,
                        -0.22168311476707458,
                        -0.3152557909488678
                    ],
                    [
                        1.1826469898223877,
                        0.03840628266334534,
                        -0.20510956645011902
                    ],
                    [
                        1.435335636138916,
                        -0.13321244716644287,
                        -0.15084049105644226
                    ],
                    [
                        1.1951571702957153,
                        -0.23470759391784668,
                        -0.23124921321868896
                    ],
                    [
                        1.1310282945632935,
                        -0.15659406781196594,
                        -0.17775782942771912
                    ],
                    [
                        1.4619413614273071,
                        -0.13793236017227173,
                        -0.10450143367052078
                    ],
                    [
                        1.2964330911636353,
                        -0.020316867157816887,
                        -0.16976994276046753
                    ],
                    [
                        1.312148928642273,
                        -0.08368003368377686,
                        0.027131859213113785
                    ],
                    [
                        1.4463996887207031,
                        -0.08118218183517456,
                        -0.11679765582084656
                    ],
                    [
                        1.3699312210083008,
                        0.00832727737724781,
                        -0.1797962486743927
                    ]
                ]
            ],
            "actions_pred": [
                [
                    [
                        0.8206682205200195,
                        0.6029535531997681,
                        0.7691254615783691,
                        1.0975345373153687,
                        1.0534058809280396,
                        1.0664937496185303,
                        1.1005175113677979,
                        1.3387396335601807,
                        1.4001296758651733,
                        1.4703395366668701,
                        1.1620928049087524,
                        1.1826469898223877,
                        1.435335636138916,
                        1.1951571702957153,
                        1.1310282945632935,
                        1.4619413614273071,
                        1.2964330911636353,
                        1.312148928642273,
                        1.4463996887207031,
                        1.3699312210083008
                    ],
                    [
                        -0.27927836775779724,
                        -0.2602085471153259,
                        -0.23241934180259705,
                        -0.34969592094421387,
                        -0.15058347582817078,
                        0.03502437472343445,
                        -0.0894710123538971,
                        -0.2152746319770813,
                        -0.4150921106338501,
                        -0.2060316503047943,
                        -0.22168311476707458,
                        0.03840628266334534,
                        -0.13321244716644287,
                        -0.23470759391784668,
                        -0.15659406781196594,
                        -0.13793236017227173,
                        -0.020316867157816887,
                        -0.08368003368377686,
                        -0.08118218183517456,
                        0.00832727737724781
                    ],
                    [
                        -0.6172334551811218,
                        -0.4058089554309845,
                        -0.45007964968681335,
                        -0.37036752700805664,
                        -0.3988990783691406,
                        -0.4693227708339691,
                        -0.2749895751476288,
                        -0.16020086407661438,
                        -0.3601115047931671,
                        -0.11153095960617065,
                        -0.3152557909488678,
                        -0.20510956645011902,
                        -0.15084049105644226,
                        -0.23124921321868896,
                        -0.17775782942771912,
                        -0.10450143367052078,
                        -0.16976994276046753,
                        0.027131859213113785,
                        -0.11679765582084656,
                        -0.1797962486743927
                    ]
                ]
            ],
            "states": [
                [
                    [
                        0.0,
                        0.0,
                        281349312.0,
                        150000.0,
                        12706203648.0,
                        0.0,
                        2993073.0,
                        5.0
                    ],
                    [
                        0.0,
                        0.0,
                        281349312.0,
                        150000.0,
                        12987552768.0,
                        0.0,
                        2993125.0,
                        5.0
                    ],
                    [
                        0.0,
                        0.0,
                        281349312.0,
                        150000.0,
                        13268901888.0,
                        0.0,
                        2993177.0,
                        5.0
                    ],
                    [
                        0.0,
                        0.0,
                        281349312.0,
                        150000.0,
                        13550251008.0,
                        0.0,
                        2994677.0,
                        5.0
                    ],
                    [
                        0.0,
                        0.0,
                        281349312.0,
                        150000.0,
                        0.0,
                        0.0,
                        2994729.0,
                        5.0
                    ],
                    [
                        0.0,
                        0.0,
                        410198336.0,
                        190000.0,
                        16363096064.0,
                        0.0,
                        3060989.0,
                        6.0
                    ],
                    [
                        0.0,
                        0.0,
                        410198336.0,
                        190000.0,
                        16773295104.0,
                        0.0,
                        3062489.0,
                        6.0
                    ],
                    [
                        0.0,
                        0.0,
                        410198336.0,
                        190000.0,
                        17183494144.0,
                        0.0,
                        3063989.0,
                        6.0
                    ],
                    [
                        0.0,
                        0.0,
                        410198336.0,
                        190000.0,
                        17593692160.0,
                        0.0,
                        3065489.0,
                        6.0
                    ],
                    [
                        0.0,
                        0.0,
                        410198336.0,
                        190000.0,
                        18003890176.0,
                        0.0,
                        3066989.0,
                        6.0
                    ],
                    [
                        0.0,
                        0.0,
                        410198336.0,
                        190000.0,
                        16773295104.0,
                        0.0,
                        3062489.0,
                        6.0
                    ],
                    [
                        0.0,
                        0.0,
                        410198336.0,
                        190000.0,
                        17183494144.0,
                        0.0,
                        3063989.0,
                        6.0
                    ],
                    [
                        0.0,
                        0.0,
                        410198336.0,
                        190000.0,
                        17593692160.0,
                        0.0,
                        3065489.0,
                        6.0
                    ],
                    [
                        0.0,
                        0.0,
                        410198336.0,
                        190000.0,
                        18003890176.0,
                        0.0,
                        3066989.0,
                        6.0
                    ],
                    [
                        0.0,
                        0.0,
                        410198336.0,
                        190000.0,
                        18414088192.0,
                        0.0,
                        3068489.0,
                        6.0
                    ],
                    [
                        0.0,
                        0.0,
                        410198336.0,
                        190000.0,
                        10254958592.0,
                        0.0,
                        3095877.0,
                        7.0
                    ],
                    [
                        0.0,
                        0.0,
                        410198336.0,
                        190000.0,
                        10665156608.0,
                        0.0,
                        3095929.0,
                        7.0
                    ],
                    [
                        0.0,
                        0.0,
                        410198336.0,
                        190000.0,
                        11075354624.0,
                        0.0,
                        3095993.0,
                        7.0
                    ],
                    [
                        0.0,
                        0.0,
                        410198336.0,
                        190000.0,
                        11485552640.0,
                        0.0,
                        3096057.0,
                        7.0
                    ],
                    [
                        0.0,
                        0.0,
                        410198336.0,
                        190000.0,
                        11895751680.0,
                        0.0,
                        3096121.0,
                        7.0
                    ]
                ]
            ],
            "actions": [
                [
                    [
                        0.3333333432674408
                    ],
                    [
                        0.3333333432674408
                    ],
                    [
                        0.3333333432674408
                    ],
                    [
                        0.3333333432674408
                    ],
                    [
                        0.6666666865348816
                    ],
                    [
                        0.3333333432674408
                    ],
                    [
                        0.3333333432674408
                    ],
                    [
                        0.3333333432674408
                    ],
                    [
                        0.3333333432674408
                    ],
                    [
                        0.3333333432674408
                    ],
                    [
                        0.3333333432674408
                    ],
                    [
                        0.3333333432674408
                    ],
                    [
                        0.3333333432674408
                    ],
                    [
                        0.3333333432674408
                    ],
                    [
                        0.6666666865348816
                    ],
                    [
                        0.3333333432674408
                    ],
                    [
                        0.3333333432674408
                    ],
                    [
                        0.3333333432674408
                    ],
                    [
                        0.3333333432674408
                    ],
                    [
                        0.3333333432674408
                    ]
                ]
            ],
            "returns": [
                [
                    [
                        0.6014583110809326
                    ],
                    [
                        0.6008333563804626
                    ],
                    [
                        0.6002083420753479
                    ],
                    [
                        0.5995833277702332
                    ],
                    [
                        0.5989583134651184
                    ],
                    [
                        0.5983333587646484
                    ],
                    [
                        0.5975416898727417
                    ],
                    [
                        0.596750020980835
                    ],
                    [
                        0.5959583520889282
                    ],
                    [
                        0.5951666831970215
                    ],
                    [
                        0.5943750143051147
                    ],
                    [
                        0.593583345413208
                    ],
                    [
                        0.5927916765213013
                    ],
                    [
                        0.5920000076293945
                    ],
                    [
                        0.5912083387374878
                    ],
                    [
                        0.590416669845581
                    ],
                    [
                        0.5896250009536743
                    ],
                    [
                        0.5888333320617676
                    ],
                    [
                        0.5880416631698608
                    ],
                    [
                        0.5872499942779541
                    ]
                ]
            ],
            "timesteps": [
                [
                    60,
                    61,
                    62,
                    63,
                    64,
                    65,
                    66,
                    67,
                    68,
                    69,
                    70,
                    71,
                    72,
                    73,
                    74,
                    75,
                    76,
                    77,
                    78,
                    79
                ]
            ],
            "labels": [
                [
                    0,
                    0,
                    0,
                    0,
                    1,
                    0,
                    0,
                    0,
                    0,
                    0,
                    0,
                    0,
                    0,
                    0,
                    1,
                    0,
                    0,
                    0,
                    0,
                    0
                ]
            ],
            "CPU Usage": 4.6,
            "RAM Usage": 17.4,
            "GPU Usage": 80.0,
            "VRAM Usage": 15400.0,
            "Disk Read Speed (MB/s)": 75057177.68652344,
            "Disk Write Speed (MB/s)": 506877995.34472656
        },
        {
            "step": 2,
            "train_loss": 0.017685653641819954,
            "actions_pred1": [
                [
                    [
                        0.46722856163978577,
                        0.30075716972351074,
                        -0.5075764656066895
                    ],
                    [
                        0.4035770297050476,
                        0.13881787657737732,
                        -0.50397127866745
                    ],
                    [
                        0.8033163547515869,
                        0.11477357149124146,
                        -0.33117082715034485
                    ],
                    [
                        1.0149078369140625,
                        -0.03638002276420593,
                        -0.06037398800253868
                    ],
                    [
                        1.2227035760879517,
                        -0.15522262454032898,
                        -0.3369283378124237
                    ],
                    [
                        1.215410590171814,
                        0.10966500639915466,
                        -0.1514381766319275
                    ],
                    [
                        1.110705018043518,
                        0.04045391082763672,
                        -0.28253355622291565
                    ],
                    [
                        1.5745818614959717,
                        -0.03121223859488964,
                        0.02144116535782814
                    ],
                    [
                        1.3797028064727783,
                        -0.04445075988769531,
                        -0.3075573146343231
                    ],
                    [
                        1.1616456508636475,
                        -0.02928757481276989,
                        -0.19167956709861755
                    ],
                    [
                        1.4644362926483154,
                        -0.0650586187839508,
                        -0.21965619921684265
                    ],
                    [
                        1.359455943107605,
                        -0.06629469990730286,
                        -0.27543196082115173
                    ],
                    [
                        1.467788815498352,
                        -0.11943873763084412,
                        -0.2724185883998871
                    ],
                    [
                        1.3498289585113525,
                        -0.22311317920684814,
                        -0.31465205550193787
                    ],
                    [
                        1.3216029405593872,
                        -0.2535240650177002,
                        -0.2657887637615204
                    ],
                    [
                        1.159597396850586,
                        -0.09545639157295227,
                        -0.7236774563789368
                    ],
                    [
                        0.9868841767311096,
                        0.029478373005986214,
                        -0.4721873700618744
                    ],
                    [
                        1.3477669954299927,
                        -0.15489989519119263,
                        -0.49222686886787415
                    ],
                    [
                        1.4034113883972168,
                        -0.1241520345211029,
                        -0.4406062662601471
                    ],
                    [
                        1.338326334953308,
                        -0.11063170433044434,
                        -0.4173413813114166
                    ]
                ]
            ],
            "actions_pred": [
                [
                    [
                        0.46722856163978577,
                        0.4035770297050476,
                        0.8033163547515869,
                        1.0149078369140625,
                        1.2227035760879517,
                        1.215410590171814,
                        1.110705018043518,
                        1.5745818614959717,
                        1.3797028064727783,
                        1.1616456508636475,
                        1.4644362926483154,
