{
    "steps": [
        {
            "step": 0,
            "train_loss": 0.003915219102054834,
            "actions_pred1": [
                [
                    [
                        2.955193281173706,
                        -2.450979232788086,
                        -1.3765568733215332
                    ],
                    [
                        4.16093635559082,
                        -1.0596318244934082,
                        -1.5508264303207397
                    ],
                    [
                        3.898308038711548,
                        -1.134894847869873,
                        -2.1006364822387695
                    ],
                    [
                        3.6595535278320312,
                        -0.7766047120094299,
                        -1.5471247434616089
                    ],
                    [
                        2.4740664958953857,
                        0.5217156410217285,
                        -1.9079127311706543
                    ],
                    [
                        3.1320154666900635,
                        0.61883145570755,
                        -1.7665290832519531
                    ],
                    [
                        4.190156936645508,
                        0.9751726388931274,
                        -1.9052150249481201
                    ],
                    [
                        4.0057244300842285,
                        0.030508778989315033,
                        -2.0636396408081055
                    ],
                    [
                        4.4312744140625,
                        -0.22248660027980804,
                        -1.8491499423980713
                    ],
                    [
                        4.34360408782959,
                        -0.5192882418632507,
                        -1.9471734762191772
                    ],
                    [
                        4.520761489868164,
                        0.3960534334182739,
                        -2.530604362487793
                    ],
                    [
                        3.7360801696777344,
                        -0.22661395370960236,
                        -2.820739269256592
                    ],
                    [
                        4.372893333435059,
                        -0.43650031089782715,
                        -1.9534530639648438
                    ],
                    [
                        4.452158451080322,
                        -0.514820396900177,
                        -2.6131398677825928
                    ],
                    [
                        -0.5622169971466064,
                        3.342851400375366,
                        -1.562760829925537
                    ],
                    [
                        3.5396721363067627,
                        0.6354802846908569,
                        -1.7111213207244873
                    ],
                    [
                        5.477243900299072,
                        -0.3340080976486206,
                        -3.1509997844696045
                    ],
                    [
                        5.814563274383545,
                        -0.5559817552566528,
                        -2.7700724601745605
                    ],
                    [
                        3.8575997352600098,
                        0.3419538736343384,
                        -2.0939321517944336
                    ],
                    [
                        4.51414155960083,
                        0.005516424775123596,
                        -2.0923361778259277
                    ]
                ]
            ],
            "actions_pred": [
                [
                    [
                        2.955193281173706,
                        4.16093635559082,
                        3.898308038711548,
                        3.6595535278320312,
                        2.4740664958953857,
                        3.1320154666900635,
                        4.190156936645508,
                        4.0057244300842285,
                        4.4312744140625,
                        4.34360408782959,
                        4.520761489868164,
                        3.7360801696777344,
                        4.372893333435059,
                        4.452158451080322,
                        -0.5622169971466064,
                        3.5396721363067627,
                        5.477243900299072,
                        5.814563274383545,
                        3.8575997352600098,
                        4.51414155960083
                    ],
                    [
                        -2.450979232788086,
                        -1.0596318244934082,
                        -1.134894847869873,
                        -0.7766047120094299,
                        0.5217156410217285,
                        0.61883145570755,
                        0.9751726388931274,
                        0.030508778989315033,
                        -0.22248660027980804,
                        -0.5192882418632507,
                        0.3960534334182739,
                        -0.22661395370960236,
                        -0.43650031089782715,
                        -0.514820396900177,
                        3.342851400375366,
                        0.6354802846908569,
                        -0.3340080976486206,
                        -0.5559817552566528,
                        0.3419538736343384,
                        0.005516424775123596
                    ],
                    [
                        -1.3765568733215332,
                        -1.5508264303207397,
                        -2.1006364822387695,
                        -1.5471247434616089,
                        -1.9079127311706543,
                        -1.7665290832519531,
                        -1.9052150249481201,
                        -2.0636396408081055,
                        -1.8491499423980713,
                        -1.9471734762191772,
                        -2.530604362487793,
                        -2.820739269256592,
                        -1.9534530639648438,
                        -2.6131398677825928,
                        -1.562760829925537,
                        -1.7111213207244873,
                        -3.1509997844696045,
                        -2.7700724601745605,
                        -2.0939321517944336,
                        -2.0923361778259277
                    ]
                ]
            ],
            "states": [
                [
                    [
                        0.0,
                        0.0,
                        202160848.0,
                        60000.0,
                        17433825280.0,
                        0.0,
                        3186341.0,
                        17.0
                    ],
                    [
                        0.0,
                        0.0,
                        202160848.0,
                        60000.0,
                        17635985408.0,
                        0.0,
                        3186393.0,
                        17.0
                    ],
                    [
                        0.0,
                        0.0,
                        248465952.0,
                        60000.0,
                        17884450816.0,
                        0.0,
                        3186445.0,
                        17.0
                    ],
                    [
                        0.0,
                        0.0,
                        248465952.0,
                        60000.0,
                        18132916224.0,
                        0.0,
                        3187945.0,
                        17.0
                    ],
                    [
                        0.0,
                        0.0,
                        248465952.0,
                        60000.0,
                        18381383680.0,
                        0.0,
                        3187997.0,
                        17.0
                    ],
                    [
                        0.0,
                        0.0,
                        333023136.0,
                        110000.0,
                        5726307328.0,
                        0.0,
                        3205061.0,
                        18.0
                    ],
                    [
                        0.0,
                        0.0,
                        333023136.0,
                        110000.0,
                        6059330048.0,
                        0.0,
                        3206561.0,
                        18.0
                    ],
                    [
                        0.0,
                        0.0,
                        333023136.0,
                        110000.0,
                        6392353280.0,
                        0.0,
                        3206641.0,
                        18.0
                    ],
                    [
                        0.0,
                        0.0,
                        333023136.0,
                        110000.0,
                        6725376512.0,
                        0.0,
                        3208141.0,
                        18.0
                    ],
                    [
                        0.0,
                        0.0,
                        333023136.0,
                        110000.0,
                        7058399744.0,
                        0.0,
                        3208193.0,
                        18.0
                    ],
                    [
                        0.0,
                        0.0,
                        333023136.0,
                        110000.0,
                        6059330048.0,
                        0.0,
                        3206561.0,
                        18.0
                    ],
                    [
                        0.0,
                        0.0,
                        333023136.0,
                        110000.0,
                        6392353280.0,
                        0.0,
                        3206641.0,
                        18.0
                    ],
                    [
                        0.0,
                        0.0,
                        333023136.0,
                        110000.0,
                        6725376512.0,
                        0.0,
                        3208141.0,
                        18.0
                    ],
                    [
                        0.0,
                        0.0,
                        333023136.0,
                        110000.0,
                        7058399744.0,
                        0.0,
                        3208193.0,
                        18.0
                    ],
                    [
                        0.0,
                        0.0,
                        333023136.0,
                        110000.0,
                        0.0,
                        0.0,
                        3208245.0,
                        18.0
                    ],
                    [
                        1.0,
                        150000.0,
                        0.0,
                        10000.0,
                        0.0,
                        0.0,
                        2357146.0,
                        0.0
                    ],
                    [
                        1.0,
                        150000.0,
                        0.0,
                        10000.0,
                        0.0,
                        0.0,
                        2358646.0,
                        0.0
                    ],
                    [
                        1.0,
                        150000.0,
                        0.0,
                        10000.0,
                        0.0,
                        0.0,
                        2360146.0,
                        0.0
                    ],
                    [
                        0.0,
                        0.0,
                        375972800.0,
                        110000.0,
                        8303776768.0,
                        0.0,
                        3231205.0,
                        19.0
                    ],
                    [
                        0.0,
                        0.0,
                        375972800.0,
                        110000.0,
                        8679749632.0,
                        0.0,
                        3232705.0,
                        19.0
                    ]
                ]
            ],
            "actions": [
                [
                    [
                        0.3333333432674408
                    ],
                    [
                        0.3333333432674408
                    ],
                    [
                        0.3333333432674408
                    ],
                    [
                        0.3333333432674408
                    ],
                    [
                        0.6666666865348816
                    ],
                    [
                        0.3333333432674408
                    ],
                    [
                        0.3333333432674408
                    ],
                    [
                        0.3333333432674408
                    ],
                    [
                        0.3333333432674408
                    ],
                    [
                        0.3333333432674408
                    ],
                    [
                        0.3333333432674408
                    ],
                    [
                        0.3333333432674408
                    ],
                    [
                        0.3333333432674408
                    ],
                    [
                        0.3333333432674408
                    ],
                    [
                        0.6666666865348816
                    ],
                    [
                        0.3333333432674408
                    ],
                    [
                        0.3333333432674408
                    ],
                    [
                        0.3333333432674408
                    ],
                    [
                        0.3333333432674408
                    ],
                    [
                        0.3333333432674408
                    ]
                ]
            ],
            "returns": [
                [
                    [
                        0.5047500133514404
                    ],
                    [
                        0.5044999718666077
                    ],
                    [
                        0.5042499899864197
                    ],
                    [
                        0.5040000081062317
                    ],
                    [
                        0.5037500262260437
                    ],
                    [
                        0.5034999847412109
                    ],
                    [
                        0.503041684627533
                    ],
                    [
                        0.5025833249092102
                    ],
                    [
                        0.5021250247955322
                    ],
                    [
                        0.5016666650772095
                    ],
                    [
                        0.5012083053588867
                    ],
                    [
                        0.5007500052452087
                    ],
                    [
                        0.500291645526886
                    ],
                    [
                        0.499833345413208
                    ],
                    [
                        0.49937498569488525
                    ],
                    [
                        0.4989166557788849
                    ],
                    [
                        0.4988749921321869
                    ],
                    [
                        0.4988333284854889
                    ],
                    [
                        0.4987916648387909
                    ],
                    [
                        0.4983333349227905
                    ]
                ]
            ],
            "timesteps": [
                [
                    180,
                    181,
                    182,
                    183,
                    184,
                    185,
                    186,
                    187,
                    188,
                    189,
                    190,
                    191,
                    192,
                    193,
                    194,
                    195,
                    196,
                    197,
                    198,
                    199
                ]
            ],
            "labels": [
                [
                    0,
                    0,
                    0,
                    0,
                    1,
                    0,
                    0,
                    0,
                    0,
                    0,
                    0,
                    0,
                    0,
                    0,
                    1,
                    0,
                    0,
                    0,
                    0,
                    0
                ]
            ],
            "CPU Usage": 5.2,
            "RAM Usage": 17.5,
            "GPU Usage": 41.0,
            "VRAM Usage": 15400.0,
            "Disk Read Speed (MB/s)": 75057177.68652344,
            "Disk Write Speed (MB/s)": 506878253.2314453
        },
        {
            "step": 1,
            "train_loss": 0.00017900201783049852,
            "actions_pred1": [
                [
                    [
                        6.369212627410889,
                        -2.5363903045654297,
                        -2.5161497592926025
                    ],
                    [
                        4.257806301116943,
                        -1.3766651153564453,
                        -2.734720468521118
                    ],
                    [
                        6.150892734527588,
                        -1.7085826396942139,
                        -2.372912883758545
                    ],
                    [
                        6.187094211578369,
                        -1.9170924425125122,
                        -2.712860584259033
                    ],
                    [
                        -0.4116014540195465,
                        3.5894296169281006,
                        -1.2010250091552734
                    ],
                    [
                        6.088158130645752,
                        -1.4058611392974854,
                        -3.3176512718200684
                    ],
                    [
                        4.890017986297607,
                        -1.1892154216766357,
                        -2.017479419708252
                    ],
                    [
                        5.805210113525391,
                        -2.5302884578704834,
                        -3.197885274887085
                    ],
                    [
                        5.700178146362305,
                        -1.9574148654937744,
                        -2.02693772315979
                    ],
                    [
                        6.420045852661133,
                        -1.0973355770111084,
                        -2.1844215393066406
                    ],
                    [
                        5.225826740264893,
                        -1.5605435371398926,
                        -2.5788493156433105
                    ],
                    [
                        6.22731351852417,
                        -2.8358395099639893,
                        -2.2244133949279785
                    ],
                    [
                        4.922027111053467,
                        -1.26435387134552,
                        -1.0179040431976318
                    ],
                    [
                        5.118724822998047,
                        -2.4694550037384033,
                        -2.8371963500976562
                    ],
                    [
                        -0.8097362518310547,
                        3.4706737995147705,
                        -0.3622416853904724
                    ],
                    [
                        4.840537071228027,
                        -1.017320990562439,
                        -1.7781262397766113
                    ],
                    [
                        4.076614856719971,
                        -2.073179006576538,
                        -1.7183820009231567
                    ],
                    [
                        3.8657937049865723,
                        -0.2670089602470398,
                        -2.0167598724365234
                    ],
                    [
                        5.024223804473877,
                        -1.0734843015670776,
                        -1.767894983291626
                    ],
                    [
                        4.889443874359131,
                        -1.3141942024230957,
                        -2.0686633586883545
                    ]
                ]
            ],
            "actions_pred": [
                [
                    [
                        6.369212627410889,
                        4.257806301116943,
                        6.150892734527588,
                        6.187094211578369,
                        -0.4116014540195465,
                        6.088158130645752,
                        4.890017986297607,
                        5.805210113525391,
                        5.700178146362305,
                        6.420045852661133,
                        5.225826740264893,
                        6.22731351852417,
                        4.922027111053467,
                        5.118724822998047,
                        -0.8097362518310547,
                        4.840537071228027,
                        4.076614856719971,
                        3.8657937049865723,
                        5.024223804473877,
                        4.889443874359131
                    ],
                    [
                        -2.5363903045654297,
                        -1.3766651153564453,
                        -1.7085826396942139,
                        -1.9170924425125122,
                        3.5894296169281006,
                        -1.4058611392974854,
                        -1.1892154216766357,
                        -2.5302884578704834,
                        -1.9574148654937744,
                        -1.0973355770111084,
                        -1.5605435371398926,
                        -2.8358395099639893,
                        -1.26435387134552,
                        -2.4694550037384033,
                        3.4706737995147705,
                        -1.017320990562439,
                        -2.073179006576538,
                        -0.2670089602470398,
                        -1.0734843015670776,
                        -1.3141942024230957
                    ],
                    [
                        -2.5161497592926025,
                        -2.734720468521118,
                        -2.372912883758545,
                        -2.712860584259033,
                        -1.2010250091552734,
                        -3.3176512718200684,
                        -2.017479419708252,
                        -3.197885274887085,
                        -2.02693772315979,
                        -2.1844215393066406,
                        -2.5788493156433105,
                        -2.2244133949279785,
                        -1.0179040431976318,
                        -2.8371963500976562,
                        -0.3622416853904724,
                        -1.7781262397766113,
                        -1.7183820009231567,
                        -2.0167598724365234,
                        -1.767894983291626,
                        -2.0686633586883545
                    ]
                ]
            ],
            "states": [
                [
                    [
                        1.0,
                        45000.0,
                        43909.0,
                        60000.0,
                        63414504.0,
                        0.0,
                        5879146.0,
                        0.0
                    ],
                    [
                        0.0,
                        0.0,
                        582472832.0,
                        190000.0,
                        6106553344.0,
                        0.0,
                        6499065.0,
                        63.0
                    ],
                    [
                        1.0,
                        45000.0,
                        43909.0,
                        60000.0,
                        63458412.0,
                        0.0,
                        5880646.0,
                        0.0
                    ],
                    [
                        1.0,
                        45000.0,
                        43909.0,
                        60000.0,
                        63502320.0,
                        0.0,
                        5882146.0,
                        0.0
                    ],
                    [
                        0.0,
                        0.0,
                        582472832.0,
                        190000.0,
                        0.0,
                        0.0,
                        6500565.0,
                        63.0
                    ],
                    [
                        1.0,
                        15000.0,
                        0.0,
                        20000.0,
                        0.0,
                        0.0,
                        5900146.0,
                        0.0
                    ],
                    [
                        0.0,
                        0.0,
                        616027264.0,
                        180000.0,
                        4736286720.0,
                        0.0,
                        6509669.0,
                        64.0
                    ],
                    [
                        1.0,
                        15000.0,
                        0.0,
                        20000.0,
                        0.0,
                        0.0,
                        5901646.0,
                        0.0
                    ],
                    [
                        0.0,
                        0.0,
                        616027264.0,
                        180000.0,
                        5352313856.0,
                        0.0,
                        6511169.0,
                        64.0
                    ],
                    [
                        1.0,
                        15000.0,
                        0.0,
                        40000.0,
                        0.0,
                        0.0,
                        5903146.0,
                        0.0
                    ],
                    [
                        0.0,
                        0.0,
                        616027264.0,
                        180000.0,
                        4736286720.0,
                        0.0,
                        6509669.0,
                        64.0
                    ],
                    [
                        1.0,
                        15000.0,
                        0.0,
                        20000.0,
                        0.0,
                        0.0,
                        5901646.0,
                        0.0
                    ],
                    [
                        0.0,
                        0.0,
                        616027264.0,
                        180000.0,
                        5352313856.0,
                        0.0,
                        6511169.0,
                        64.0
                    ],
                    [
                        1.0,
                        15000.0,
                        0.0,
                        40000.0,
                        0.0,
                        0.0,
                        5903146.0,
                        0.0
                    ],
                    [
                        0.0,
                        0.0,
                        616027264.0,
                        220000.0,
                        0.0,
                        0.0,
                        6511221.0,
                        64.0
                    ],
                    [
                        0.0,
                        0.0,
                        658976896.0,
                        230000.0,
                        6503869952.0,
                        0.0,
                        6521877.0,
                        65.0
                    ],
                    [
                        0.0,
                        0.0,
                        658976896.0,
                        230000.0,
                        7162846720.0,
                        0.0,
                        6521929.0,
                        65.0
                    ],
                    [
                        0.0,
                        0.0,
                        658976896.0,
                        230000.0,
                        7821823488.0,
                        0.0,
                        6521981.0,
                        65.0
                    ],
                    [
                        0.0,
                        0.0,
                        658976896.0,
                        230000.0,
                        8480800256.0,
                        0.0,
                        6523481.0,
                        65.0
                    ],
                    [
                        0.0,
                        0.0,
                        658976896.0,
                        230000.0,
                        9139777536.0,
                        0.0,
                        6523533.0,
                        65.0
                    ]
                ]
            ],
            "actions": [
                [
                    [
                        0.3333333432674408
                    ],
                    [
                        0.3333333432674408
                    ],
                    [
                        0.3333333432674408
                    ],
                    [
                        0.3333333432674408
                    ],
                    [
                        0.6666666865348816
                    ],
                    [
                        0.3333333432674408
                    ],
                    [
                        0.3333333432674408
                    ],
                    [
                        0.3333333432674408
                    ],
                    [
                        0.3333333432674408
                    ],
                    [
                        0.3333333432674408
                    ],
                    [
                        0.3333333432674408
                    ],
                    [
                        0.3333333432674408
                    ],
                    [
                        0.3333333432674408
                    ],
                    [
                        0.3333333432674408
                    ],
                    [
                        0.6666666865348816
                    ],
                    [
                        0.3333333432674408
                    ],
                    [
                        0.3333333432674408
                    ],
                    [
                        0.3333333432674408
                    ],
                    [
                        0.3333333432674408
                    ],
                    [
                        0.3333333432674408
                    ]
                ]
            ],
            "returns": [
                [
                    [
                        0.28329166769981384
                    ],
                    [
                        0.28304165601730347
                    ],
                    [
                        0.28224998712539673
                    ],
                    [
                        0.28200000524520874
                    ],
                    [
                        0.28174999356269836
                    ],
                    [
                        0.2809583246707916
                    ],
                    [
                        0.28087499737739563
                    ],
                    [
                        0.2801249921321869
                    ],
                    [
                        0.2800416648387909
                    ],
                    [
                        0.27929165959358215
                    ],
                    [
                        0.27912500500679016
                    ],
                    [
                        0.2783749997615814
                    ],
                    [
                        0.2782916724681854
                    ],
                    [
                        0.2775416672229767
                    ],
                    [
                        0.2773750126361847
                    ],
                    [
                        0.2764583230018616
                    ],
                    [
                        0.27549999952316284
                    ],
                    [
                        0.2745416760444641
                    ],
                    [
                        0.273583322763443
                    ],
                    [
                        0.27262499928474426
                    ]
                ]
            ],
            "timesteps": [
                [
                    640,
                    641,
                    642,
                    643,
                    644,
                    645,
                    646,
                    647,
                    648,
                    649,
                    650,
                    651,
                    652,
                    653,
                    654,
                    655,
                    656,
                    657,
                    658,
                    659
                ]
            ],
            "labels": [
                [
                    0,
                    0,
                    0,
                    0,
                    1,
                    0,
                    0,
                    0,
                    0,
                    0,
                    0,
                    0,
                    0,
                    0,
                    1,
                    0,
                    0,
                    0,
                    0,
                    0
                ]
            ],
            "CPU Usage": 6.4,
            "RAM Usage": 17.5,
            "GPU Usage": 66.0,
            "VRAM Usage": 15400.0,
            "Disk Read Speed (MB/s)": 75057177.68652344,
            "Disk Write Speed (MB/s)": 506878253.2314453
        },
        {
            "step": 2,
            "train_loss": 0.00044927149428986013,
            "actions_pred1": [
                [
                    [
                        4.895688056945801,
                        -2.7356600761413574,
                        -2.2514514923095703
                    ],
                    [
                        4.338079929351807,
                        -1.9366257190704346,
                        -1.4494479894638062
                    ],
                    [
                        4.235622882843018,
                        -2.5638020038604736,
                        -2.0699312686920166
                    ],
                    [
                        2.8626272678375244,
                        -1.448899269104004,
                        -1.947402834892273
                    ],
                    [
                        -2.0408763885498047,
                        3.1757094860076904,
                        -1.2332273721694946
                    ],
                    [
                        -1.9012322425842285,
                        3.0526163578033447,
                        -0.553127646446228
                    ],
                    [
                        4.370014667510986,
                        -1.0262624025344849,
                        -1.3433213233947754
                    ],
                    [
                        3.24288272857666,
                        -0.4429647922515869,
                        -1.9298533201217651
                    ],
                    [
                        3.7456727027893066,
                        -1.016431212425232,
                        -1.466404914855957
                    ],
                    [
                        3.91070556640625,
                        -1.6977266073226929,
                        -2.126042366027832
                    ],
                    [
                        3.25817608833313,
                        -1.4485334157943726,
                        -2.4627180099487305
                    ],
                    [
                        3.661311388015747,
                        -0.47461122274398804,
                        -1.0985230207443237
                    ],
                    [
                        3.570533037185669,
                        -0.9636538624763489,
                        -1.3525376319885254
                    ],
                    [
                        4.078413009643555,
                        -1.0629312992095947,
                        -1.320051908493042
                    ],
                    [
                        -0.5540874004364014,
                        4.2673468589782715,
                        -1.2314767837524414
                    ],
                    [
                        3.881868362426758,
                        -0.5821660161018372,
                        -1.042582392692566
                    ],
                    [
                        4.061359882354736,
                        -1.197068214416504,
                        -1.81979238986969
                    ],
                    [
                        4.468832969665527,
                        0.3864349126815796,
                        -1.6088626384735107
                    ],
                    [
                        4.012585163116455,
                        0.022146075963974,
                        -2.552779197692871
                    ],
                    [
                        4.546543121337891,
                        -1.021229863166809,
                        -1.5983355045318604
                    ]
                ]
            ],
            "actions_pred": [
                [
                    [
                        4.895688056945801,
                        4.338079929351807,
                        4.235622882843018,
                        2.8626272678375244,
                        -2.0408763885498047,
                        -1.9012322425842285,
                        4.370014667510986,
                        3.24288272857666,
                        3.7456727027893066,
                        3.91070556640625,
                        3.25817608833313,
                        3.661311388015747,
                        3.570533037185669,
                        4.078413009643555,
                        -0.5540874004364014,
                        3.881868362426758,
                        4.061359882354736,
                        4.468832969665527,
                        4.012585163116455,
