{
    "steps": [
        {
            "step": 0,
            "train_loss": 0.01065046526491642,
            "actions_pred1": [
                [
                    [
                        1.7885940074920654,
                        -0.2470773160457611,
                        -1.3507386445999146
                    ],
                    [
                        2.1219637393951416,
                        -0.2973775863647461,
                        -1.3167636394500732
                    ],
                    [
                        2.0433008670806885,
                        -0.7936825752258301,
                        -1.502044916152954
                    ],
                    [
                        1.8685294389724731,
                        -0.5167014598846436,
                        -1.3564434051513672
                    ],
                    [
                        1.5674582719802856,
                        -0.6514209508895874,
                        -1.1076233386993408
                    ],
                    [
                        1.8552489280700684,
                        -0.5444074869155884,
                        -1.2944707870483398
                    ],
                    [
                        1.97429621219635,
                        -0.44818684458732605,
                        -1.202175498008728
                    ],
                    [
                        2.2017600536346436,
                        -0.45816048979759216,
                        -1.3541643619537354
                    ],
                    [
                        2.142514705657959,
                        -0.17354819178581238,
                        -1.3799418210983276
                    ],
                    [
                        2.0301570892333984,
                        -0.26612362265586853,
                        -1.3689651489257812
                    ],
                    [
                        2.3634960651397705,
                        -0.40300610661506653,
                        -1.490836501121521
                    ],
                    [
                        2.265446186065674,
                        -0.29128798842430115,
                        -1.1076804399490356
                    ],
                    [
                        2.046415328979492,
                        -0.3691437244415283,
                        -1.3133659362792969
                    ],
                    [
                        1.9959532022476196,
                        -0.5131150484085083,
                        -1.3415888547897339
                    ],
                    [
                        2.007172107696533,
                        -0.35627642273902893,
                        -1.364152193069458
                    ],
                    [
                        2.2408339977264404,
                        -0.4522855281829834,
                        -1.3553040027618408
                    ],
                    [
                        2.3030972480773926,
                        -0.5127425193786621,
                        -1.382540225982666
                    ],
                    [
                        2.4226670265197754,
                        -0.4540175199508667,
                        -1.283481478691101
                    ],
                    [
                        2.3695297241210938,
                        -0.30097973346710205,
                        -1.138009786605835
                    ],
                    [
                        2.0686511993408203,
                        -0.3103846609592438,
                        -1.2871809005737305
                    ]
                ]
            ],
            "actions_pred": [
                [
                    [
                        1.7885940074920654,
                        2.1219637393951416,
                        2.0433008670806885,
                        1.8685294389724731,
                        1.5674582719802856,
                        1.8552489280700684,
                        1.97429621219635,
                        2.2017600536346436,
                        2.142514705657959,
                        2.0301570892333984,
                        2.3634960651397705,
                        2.265446186065674,
                        2.046415328979492,
                        1.9959532022476196,
                        2.007172107696533,
                        2.2408339977264404,
                        2.3030972480773926,
                        2.4226670265197754,
                        2.3695297241210938,
                        2.0686511993408203
                    ],
                    [
                        -0.2470773160457611,
                        -0.2973775863647461,
                        -0.7936825752258301,
                        -0.5167014598846436,
                        -0.6514209508895874,
                        -0.5444074869155884,
                        -0.44818684458732605,
                        -0.45816048979759216,
                        -0.17354819178581238,
                        -0.26612362265586853,
                        -0.40300610661506653,
                        -0.29128798842430115,
                        -0.3691437244415283,
                        -0.5131150484085083,
                        -0.35627642273902893,
                        -0.4522855281829834,
                        -0.5127425193786621,
                        -0.4540175199508667,
                        -0.30097973346710205,
                        -0.3103846609592438
                    ],
                    [
                        -1.3507386445999146,
                        -1.3167636394500732,
                        -1.502044916152954,
                        -1.3564434051513672,
                        -1.1076233386993408,
                        -1.2944707870483398,
                        -1.202175498008728,
                        -1.3541643619537354,
                        -1.3799418210983276,
                        -1.3689651489257812,
                        -1.490836501121521,
                        -1.1076804399490356,
                        -1.3133659362792969,
                        -1.3415888547897339,
                        -1.364152193069458,
                        -1.3553040027618408,
                        -1.382540225982666,
                        -1.283481478691101,
                        -1.138009786605835,
                        -1.2871809005737305
                    ]
                ]
            ],
            "states": [
                [
                    [
                        0.0,
                        0.0,
                        305313216.0,
                        120000.0,
                        4102586112.0,
                        0.0,
                        6181853.0,
                        43.0
                    ],
                    [
                        0.0,
                        0.0,
                        348262880.0,
                        130000.0,
                        4450849280.0,
                        0.0,
                        6181905.0,
                        43.0
                    ],
                    [
                        1.0,
                        75000.0,
                        0.0,
                        20000.0,
                        0.0,
                        0.0,
                        5532646.0,
                        0.0
                    ],
                    [
                        1.0,
                        75000.0,
                        0.0,
                        20000.0,
                        0.0,
                        0.0,
                        5534146.0,
                        0.0
                    ],
                    [
                        0.0,
                        0.0,
                        391212544.0,
                        130000.0,
                        0.0,
                        0.0,
                        6183405.0,
                        43.0
                    ],
                    [
                        0.0,
                        0.0,
                        391212544.0,
                        160000.0,
                        782425088.0,
                        0.0,
                        6184957.0,
                        44.0
                    ],
                    [
                        0.0,
                        0.0,
                        391212544.0,
                        160000.0,
                        1173637632.0,
                        0.0,
                        6186457.0,
                        44.0
                    ],
                    [
                        0.0,
                        0.0,
                        391212544.0,
                        160000.0,
                        1564850176.0,
                        0.0,
                        6187957.0,
                        44.0
                    ],
                    [
                        0.0,
                        0.0,
                        391212544.0,
                        160000.0,
                        1956062720.0,
                        0.0,
                        6188009.0,
                        44.0
                    ],
                    [
                        0.0,
                        0.0,
                        434162208.0,
                        170000.0,
                        2390224896.0,
                        0.0,
                        6188061.0,
                        44.0
                    ],
                    [
                        0.0,
                        0.0,
                        391212544.0,
                        160000.0,
                        1173637632.0,
                        0.0,
                        6186457.0,
                        44.0
                    ],
                    [
                        0.0,
                        0.0,
                        391212544.0,
                        160000.0,
                        1564850176.0,
                        0.0,
                        6187957.0,
                        44.0
                    ],
                    [
                        0.0,
                        0.0,
                        391212544.0,
                        160000.0,
                        1956062720.0,
                        0.0,
                        6188009.0,
                        44.0
                    ],
                    [
                        0.0,
                        0.0,
                        434162208.0,
                        170000.0,
                        2390224896.0,
                        0.0,
                        6188061.0,
                        44.0
                    ],
                    [
                        0.0,
                        0.0,
                        434162208.0,
                        170000.0,
                        0.0,
                        0.0,
                        6189561.0,
                        44.0
                    ],
                    [
                        0.0,
                        0.0,
                        434162208.0,
                        170000.0,
                        868324416.0,
                        0.0,
                        6191113.0,
                        45.0
                    ],
                    [
                        0.0,
                        0.0,
                        434162208.0,
                        170000.0,
                        1302486656.0,
                        0.0,
                        6191165.0,
                        45.0
                    ],
                    [
                        0.0,
                        0.0,
                        434162208.0,
                        170000.0,
                        1736648832.0,
                        0.0,
                        6192665.0,
                        45.0
                    ],
                    [
                        0.0,
                        0.0,
                        434162208.0,
                        170000.0,
                        2170811136.0,
                        0.0,
                        6194165.0,
                        45.0
                    ],
                    [
                        0.0,
                        0.0,
                        434162208.0,
                        170000.0,
                        2604973312.0,
                        0.0,
                        6194217.0,
                        45.0
                    ]
                ]
            ],
            "actions": [
                [
                    [
                        0.3333333432674408
                    ],
                    [
                        0.3333333432674408
                    ],
                    [
                        0.3333333432674408
                    ],
                    [
                        0.3333333432674408
                    ],
                    [
                        0.6666666865348816
                    ],
                    [
                        0.3333333432674408
                    ],
                    [
                        0.3333333432674408
                    ],
                    [
                        0.3333333432674408
                    ],
                    [
                        0.3333333432674408
                    ],
                    [
                        0.3333333432674408
                    ],
                    [
                        0.3333333432674408
                    ],
                    [
                        0.3333333432674408
                    ],
                    [
                        0.3333333432674408
                    ],
                    [
                        0.3333333432674408
                    ],
                    [
                        0.6666666865348816
                    ],
                    [
                        0.3333333432674408
                    ],
                    [
                        0.3333333432674408
                    ],
                    [
                        0.3333333432674408
                    ],
                    [
                        0.3333333432674408
                    ],
                    [
                        0.3333333432674408
                    ]
                ]
            ],
            "returns": [
                [
                    [
                        0.3921250104904175
                    ],
                    [
                        0.39162498712539673
                    ],
                    [
                        0.39108332991600037
                    ],
                    [
                        0.39100000262260437
                    ],
                    [
                        0.3909166753292084
                    ],
                    [
                        0.3903749883174896
                    ],
                    [
                        0.38970834016799927
                    ],
                    [
                        0.3890416622161865
                    ],
                    [
                        0.38837501406669617
                    ],
                    [
                        0.3877083361148834
                    ],
                    [
                        0.3869999945163727
                    ],
                    [
                        0.3863333463668823
                    ],
                    [
                        0.3856666684150696
                    ],
                    [
                        0.38499999046325684
                    ],
                    [
                        0.3842916786670685
                    ],
                    [
                        0.38358333706855774
                    ],
                    [
                        0.382874995470047
                    ],
                    [
                        0.38216665387153625
                    ],
                    [
                        0.3814583420753479
                    ],
                    [
                        0.38075000047683716
                    ]
                ]
            ],
            "timesteps": [
                [
                    440,
                    441,
                    442,
                    443,
                    444,
                    445,
                    446,
                    447,
                    448,
                    449,
                    450,
                    451,
                    452,
                    453,
                    454,
                    455,
                    456,
                    457,
                    458,
                    459
                ]
            ],
            "labels": [
                [
                    0,
                    0,
                    0,
                    0,
                    1,
                    0,
                    0,
                    0,
                    0,
                    0,
                    0,
                    0,
                    0,
                    0,
                    1,
                    0,
                    0,
                    0,
                    0,
                    0
                ]
            ],
            "CPU Usage": 5.4,
            "RAM Usage": 17.4,
            "GPU Usage": 42.0,
            "VRAM Usage": 15400.0,
            "Disk Read Speed (MB/s)": 75057177.68652344,
            "Disk Write Speed (MB/s)": 506878056.5205078
        },
        {
            "step": 1,
            "train_loss": 0.029268288984894753,
            "actions_pred1": [
                [
                    [
                        0.8275867104530334,
                        -1.374559760093689,
                        -1.5531914234161377
                    ],
                    [
                        0.6122071743011475,
                        -1.2952927350997925,
                        -1.4744802713394165
                    ],
                    [
                        1.3196831941604614,
                        -0.7774128317832947,
                        -1.2170060873031616
                    ],
                    [
                        1.7178431749343872,
                        -0.8323165774345398,
                        -1.049541711807251
                    ],
                    [
                        1.5822994709014893,
                        -0.49553999304771423,
                        -1.3784689903259277
                    ],
                    [
                        1.5171583890914917,
                        -0.6722015142440796,
                        -1.6591540575027466
                    ],
                    [
                        1.961229920387268,
                        -0.4147396683692932,
                        -1.5642355680465698
                    ],
                    [
                        2.086543321609497,
                        -0.5981935262680054,
                        -1.565330982208252
                    ],
                    [
                        2.0025081634521484,
                        -0.48025500774383545,
                        -1.1161810159683228
                    ],
                    [
                        2.3468892574310303,
                        -0.5289208292961121,
                        -1.3085815906524658
                    ],
                    [
                        1.8274869918823242,
                        -0.6236717700958252,
                        -1.6199114322662354
                    ],
                    [
                        2.2272284030914307,
                        -0.509243905544281,
                        -1.4568133354187012
                    ],
                    [
                        2.0195021629333496,
                        -0.46069177985191345,
                        -1.2065479755401611
                    ],
                    [
                        2.3100435733795166,
                        -0.4790750741958618,
                        -1.4503660202026367
                    ],
                    [
                        2.0672497749328613,
                        -0.49694210290908813,
                        -1.2134414911270142
                    ],
                    [
                        2.1720056533813477,
                        -0.4716242551803589,
                        -1.174760103225708
                    ],
                    [
                        2.3480896949768066,
                        -0.5219461917877197,
                        -1.223813772201538
                    ],
                    [
                        2.2410483360290527,
                        -0.5726749300956726,
                        -1.2110755443572998
                    ],
                    [
                        2.1880061626434326,
                        -0.2761473059654236,
                        -1.422768473625183
                    ],
                    [
                        2.4745984077453613,
                        -0.4277922213077545,
                        -1.327082872390747
                    ]
                ]
            ],
            "actions_pred": [
                [
                    [
                        0.8275867104530334,
                        0.6122071743011475,
                        1.3196831941604614,
                        1.7178431749343872,
                        1.5822994709014893,
                        1.5171583890914917,
                        1.961229920387268,
                        2.086543321609497,
                        2.0025081634521484,
                        2.3468892574310303,
                        1.8274869918823242,
                        2.2272284030914307,
                        2.0195021629333496,
                        2.3100435733795166,
                        2.0672497749328613,
                        2.1720056533813477,
                        2.3480896949768066,
                        2.2410483360290527,
                        2.1880061626434326,
                        2.4745984077453613
                    ],
                    [
                        -1.374559760093689,
                        -1.2952927350997925,
                        -0.7774128317832947,
                        -0.8323165774345398,
                        -0.49553999304771423,
                        -0.6722015142440796,
                        -0.4147396683692932,
                        -0.5981935262680054,
                        -0.48025500774383545,
                        -0.5289208292961121,
                        -0.6236717700958252,
                        -0.509243905544281,
                        -0.46069177985191345,
                        -0.4790750741958618,
                        -0.49694210290908813,
                        -0.4716242551803589,
                        -0.5219461917877197,
                        -0.5726749300956726,
                        -0.2761473059654236,
                        -0.4277922213077545
                    ],
                    [
                        -1.5531914234161377,
                        -1.4744802713394165,
                        -1.2170060873031616,
                        -1.049541711807251,
                        -1.3784689903259277,
                        -1.6591540575027466,
                        -1.5642355680465698,
                        -1.565330982208252,
                        -1.1161810159683228,
                        -1.3085815906524658,
                        -1.6199114322662354,
                        -1.4568133354187012,
                        -1.2065479755401611,
                        -1.4503660202026367,
                        -1.2134414911270142,
                        -1.174760103225708,
                        -1.223813772201538,
                        -1.2110755443572998,
                        -1.422768473625183,
                        -1.327082872390747
                    ]
                ]
            ],
            "states": [
                [
                    [
                        0.0,
                        0.0,
                        124402392.0,
                        30000.0,
                        17722372096.0,
                        0.0,
                        11536797.0,
                        123.0
                    ],
                    [
                        0.0,
                        0.0,
                        124402392.0,
                        30000.0,
                        17846773760.0,
                        0.0,
                        11538297.0,
                        123.0
                    ],
                    [
                        0.0,
                        0.0,
                        124402392.0,
                        30000.0,
                        17971177472.0,
                        0.0,
                        11538349.0,
                        123.0
                    ],
                    [
                        0.0,
                        0.0,
                        124402392.0,
                        30000.0,
                        18095579136.0,
                        0.0,
                        11539849.0,
                        123.0
                    ],
                    [
                        0.0,
                        0.0,
                        124402392.0,
                        30000.0,
                        18219982848.0,
                        0.0,
                        11541349.0,
                        123.0
                    ],
                    [
                        0.0,
                        0.0,
                        124402392.0,
                        30000.0,
                        17971177472.0,
                        0.0,
                        11538349.0,
                        123.0
                    ],
                    [
                        0.0,
                        0.0,
                        124402392.0,
                        30000.0,
                        18095579136.0,
                        0.0,
                        11539849.0,
                        123.0
                    ],
                    [
                        0.0,
                        0.0,
                        124402392.0,
                        30000.0,
                        18219982848.0,
                        0.0,
                        11541349.0,
                        123.0
                    ],
                    [
                        0.0,
                        0.0,
                        59306792.0,
                        40000.0,
                        18279288832.0,
                        0.0,
                        11541401.0,
                        123.0
                    ],
                    [
                        0.0,
                        0.0,
                        59306792.0,
                        40000.0,
                        18338594816.0,
                        0.0,
                        11542901.0,
                        123.0
                    ],
                    [
                        0.0,
                        0.0,
                        124402392.0,
                        30000.0,
                        18095579136.0,
                        0.0,
                        11539849.0,
                        123.0
                    ],
                    [
                        0.0,
                        0.0,
                        124402392.0,
                        30000.0,
                        18219982848.0,
                        0.0,
                        11541349.0,
                        123.0
                    ],
                    [
                        0.0,
                        0.0,
                        59306792.0,
                        40000.0,
                        18279288832.0,
                        0.0,
                        11541401.0,
                        123.0
                    ],
                    [
                        0.0,
                        0.0,
                        59306792.0,
                        40000.0,
                        18338594816.0,
                        0.0,
                        11542901.0,
                        123.0
                    ],
                    [
                        0.0,
                        0.0,
                        59306792.0,
                        40000.0,
                        18397902848.0,
                        0.0,
                        11544401.0,
                        123.0
                    ],
                    [
                        0.0,
                        0.0,
                        64675500.0,
                        60000.0,
                        2851843840.0,
                        0.0,
                        11564221.0,
                        124.0
                    ],
                    [
                        0.0,
                        0.0,
                        64675500.0,
                        60000.0,
                        2916519168.0,
                        0.0,
                        11564273.0,
                        124.0
                    ],
                    [
                        1.0,
                        105000.0,
                        739899.0,
                        70000.0,
                        1466009.0,
                        0.0,
                        11969198.0,
                        0.0
                    ],
                    [
                        1.0,
                        105000.0,
                        739899.0,
                        70000.0,
                        2205908.0,
                        0.0,
                        11970698.0,
                        0.0
                    ],
                    [
                        1.0,
                        105000.0,
                        739899.0,
                        70000.0,
                        2945807.0,
                        0.0,
                        11972198.0,
                        0.0
                    ]
                ]
            ],
            "actions": [
                [
                    [
                        0.3333333432674408
                    ],
                    [
                        0.3333333432674408
                    ],
                    [
                        0.3333333432674408
                    ],
                    [
                        0.3333333432674408
                    ],
                    [
                        0.3333333432674408
                    ],
                    [
                        0.3333333432674408
                    ],
                    [
                        0.3333333432674408
                    ],
                    [
                        0.3333333432674408
                    ],
                    [
                        1.0
                    ],
                    [
                        1.0
                    ],
                    [
                        0.3333333432674408
                    ],
                    [
                        0.3333333432674408
                    ],
                    [
                        1.0
                    ],
                    [
                        1.0
                    ],
                    [
                        0.6666666865348816
                    ],
                    [
                        0.3333333432674408
                    ],
                    [
                        0.3333333432674408
                    ],
                    [
                        0.3333333432674408
                    ],
                    [
                        0.3333333432674408
                    ],
                    [
                        0.3333333432674408
                    ]
                ]
            ],
            "returns": [
                [
                    [
                        0.03312499821186066
                    ],
                    [
                        0.032999999821186066
                    ],
                    [
                        0.032875001430511475
                    ],
                    [
                        0.032749999314546585
                    ],
                    [
                        0.032625000923871994
                    ],
                    [
                        0.032499998807907104
                    ],
                    [
                        0.03237500041723251
                    ],
                    [
                        0.032249998301267624
                    ],
                    [
                        0.03212499991059303
                    ],
                    [
                        0.031958334147930145
                    ],
                    [
                        0.03179166838526726
                    ],
                    [
                        0.03166666626930237
                    ],
                    [
                        0.03154166787862778
                    ],
                    [
                        0.03137499839067459
                    ],
                    [
                        0.031208332628011703
                    ],
                    [
                        0.031041666865348816
                    ],
                    [
                        0.030791666358709335
                    ],
                    [
                        0.030541665852069855
                    ],
                    [
                        0.030249999836087227
                    ],
                    [
                        0.0299583338201046
                    ]
                ]
            ],
            "timesteps": [
                [
                    1300,
                    1301,
                    1302,
                    1303,
                    1304,
                    1305,
                    1306,
                    1307,
                    1308,
                    1309,
                    1310,
                    1311,
                    1312,
                    1313,
                    1314,
                    1315,
                    1316,
                    1317,
                    1318,
                    1319
                ]
            ],
            "labels": [
                [
                    0,
                    0,
                    0,
                    0,
                    0,
                    0,
                    0,
                    0,
                    2,
                    2,
                    0,
                    0,
                    2,
                    2,
                    1,
                    0,
                    0,
                    0,
                    0,
                    0
                ]
            ],
            "CPU Usage": 4.7,
            "RAM Usage": 17.4,
            "GPU Usage": 46.0,
            "VRAM Usage": 15400.0,
            "Disk Read Speed (MB/s)": 75057177.68652344,
            "Disk Write Speed (MB/s)": 506878056.5205078
        },
        {
            "step": 2,
            "train_loss": 0.010784422978758812,
            "actions_pred1": [
                [
                    [
                        1.793041467666626,
                        -0.22170168161392212,
                        -1.2518094778060913
                    ],
                    [
                        1.9455054998397827,
                        -0.2300756275653839,
                        -1.1722114086151123
                    ],
                    [
                        1.94968843460083,
                        -0.3669772148132324,
                        -1.3035228252410889
                    ],
                    [
                        2.3194448947906494,
                        -0.30616775155067444,
                        -1.0290303230285645
                    ],
                    [
                        2.1336121559143066,
                        -0.27055877447128296,
                        -0.9729946851730347
                    ],
                    [
                        2.146756172180176,
                        -0.3396971523761749,
                        -1.156306505203247
                    ],
                    [
                        2.4054999351501465,
                        -0.3833070397377014,
                        -1.0053809881210327
                    ],
                    [
                        2.470897674560547,
                        -0.3464279770851135,
                        -1.0651991367340088
                    ],
                    [
                        2.3711044788360596,
                        -0.3123547434806824,
                        -0.9198455214500427
                    ],
                    [
                        2.468790054321289,
                        -0.35515567660331726,
                        -1.008692741394043
                    ],
                    [
                        2.4706928730010986,
                        -0.3575816750526428,
                        -1.0714154243469238
                    ],
                    [
                        2.2514586448669434,
                        -0.27163511514663696,
                        -1.086625099182129
                    ],
                    [
                        2.345160722732544,
                        -0.44183075428009033,
                        -1.1940079927444458
                    ],
                    [
                        2.374824047088623,
                        -0.4548327624797821,
                        -1.2768874168395996
                    ],
                    [
                        2.3283538818359375,
                        -0.17135384678840637,
                        -0.8435232043266296
                    ],
                    [
                        2.5253288745880127,
                        -0.4534027874469757,
                        -1.135986328125
                    ],
                    [
                        2.5332019329071045,
                        -0.470886766910553,
                        -1.2440592050552368
                    ],
                    [
                        2.369579792022705,
                        -0.4638955891132355,
                        -1.038723349571228
                    ],
                    [
                        2.479013681411743,
                        -0.4852064549922943,
                        -1.421048879623413
                    ],
                    [
                        2.574882745742798,
                        -0.46439483761787415,
                        -1.0397181510925293
                    ]
                ]
            ],
            "actions_pred": [
                [
                    [
                        1.793041467666626,
                        1.9455054998397827,
                        1.94968843460083,
                        2.3194448947906494,
                        2.1336121559143066,
                        2.146756172180176,
                        2.4054999351501465,
                        2.470897674560547,
                        2.3711044788360596,
                        2.468790054321289,
                        2.4706928730010986,
                        2.2514586448669434,
                        2.345160722732544,
                        2.374824047088623,
