{
    "steps": [
        {
            "step": 0,
            "train_loss": 0.027552317827939987,
            "actions_pred1": [
                [
                    [
                        0.2713969349861145,
                        0.3062804937362671,
                        -0.22927172482013702
                    ],
                    [
                        0.49785929918289185,
                        0.49981561303138733,
                        0.021845219656825066
                    ],
                    [
                        0.4700290858745575,
                        0.5273308753967285,
                        -0.14655232429504395
                    ],
                    [
                        0.8323871493339539,
                        0.26223188638687134,
                        0.04055169224739075
                    ],
                    [
                        0.586652934551239,
                        0.22302909195423126,
                        0.06372952461242676
                    ],
                    [
                        0.6013012528419495,
                        0.337730348110199,
                        0.1319979727268219
                    ],
                    [
                        0.5902018547058105,
                        0.24065850675106049,
                        0.04216514527797699
                    ],
                    [
                        0.6351664662361145,
                        0.2864533066749573,
                        -0.23739303648471832
                    ],
                    [
                        0.6402141451835632,
                        0.15772448480129242,
                        -0.15204478800296783
                    ],
                    [
                        0.6518279910087585,
                        0.22113411128520966,
                        0.06298507004976273
                    ],
                    [
                        0.84245365858078,
                        0.10020337998867035,
                        0.18836989998817444
                    ],
                    [
                        0.7295854091644287,
                        0.07253013551235199,
                        0.3434872031211853
                    ],
                    [
                        0.49857097864151,
                        0.022930337116122246,
                        0.2706459164619446
                    ],
                    [
                        0.7045084238052368,
                        0.1576152741909027,
                        0.14696334302425385
                    ],
                    [
                        0.620949923992157,
                        0.047531262040138245,
                        0.4314197301864624
                    ],
                    [
                        0.8506948351860046,
                        0.15014342963695526,
                        0.3347196578979492
                    ],
                    [
                        0.6532504558563232,
                        0.050186023116111755,
                        0.40660974383354187
                    ],
                    [
                        0.46334779262542725,
                        0.15249553322792053,
                        0.28975629806518555
                    ],
                    [
                        0.43173059821128845,
                        -0.08483962714672089,
                        0.026174021884799004
                    ],
                    [
                        0.6844488382339478,
                        0.09592927992343903,
                        0.28884997963905334
                    ]
                ]
            ],
            "actions_pred": [
                [
                    [
                        0.2713969349861145,
                        0.49785929918289185,
                        0.4700290858745575,
                        0.8323871493339539,
                        0.586652934551239,
                        0.6013012528419495,
                        0.5902018547058105,
                        0.6351664662361145,
                        0.6402141451835632,
                        0.6518279910087585,
                        0.84245365858078,
                        0.7295854091644287,
                        0.49857097864151,
                        0.7045084238052368,
                        0.620949923992157,
                        0.8506948351860046,
                        0.6532504558563232,
                        0.46334779262542725,
                        0.43173059821128845,
                        0.6844488382339478
                    ],
                    [
                        0.3062804937362671,
                        0.49981561303138733,
                        0.5273308753967285,
                        0.26223188638687134,
                        0.22302909195423126,
                        0.337730348110199,
                        0.24065850675106049,
                        0.2864533066749573,
                        0.15772448480129242,
                        0.22113411128520966,
                        0.10020337998867035,
                        0.07253013551235199,
                        0.022930337116122246,
                        0.1576152741909027,
                        0.047531262040138245,
                        0.15014342963695526,
                        0.050186023116111755,
                        0.15249553322792053,
                        -0.08483962714672089,
                        0.09592927992343903
                    ],
                    [
                        -0.22927172482013702,
                        0.021845219656825066,
                        -0.14655232429504395,
                        0.04055169224739075,
                        0.06372952461242676,
                        0.1319979727268219,
                        0.04216514527797699,
                        -0.23739303648471832,
                        -0.15204478800296783,
                        0.06298507004976273,
                        0.18836989998817444,
                        0.3434872031211853,
                        0.2706459164619446,
                        0.14696334302425385,
                        0.4314197301864624,
                        0.3347196578979492,
                        0.40660974383354187,
                        0.28975629806518555,
                        0.026174021884799004,
                        0.28884997963905334
                    ]
                ]
            ],
            "states": [
                [
                    [
                        0.0,
                        0.0,
                        59637.0,
                        80000.0,
                        596370.0,
                        0.0,
                        9018581.0,
                        111.0
                    ],
                    [
                        1.0,
                        0.0,
                        96695088.0,
                        30000.0,
                        2042501376.0,
                        0.0,
                        10121146.0,
                        0.0
                    ],
                    [
                        1.0,
                        0.0,
                        96695088.0,
                        30000.0,
                        2139196544.0,
                        0.0,
                        10122646.0,
                        0.0
                    ],
                    [
                        0.0,
                        0.0,
                        59637.0,
                        80000.0,
                        656007.0,
                        0.0,
                        9020081.0,
                        111.0
                    ],
                    [
                        1.0,
                        0.0,
                        96695088.0,
                        30000.0,
                        0.0,
                        0.0,
                        10124146.0,
                        0.0
                    ],
                    [
                        1.0,
                        150000.0,
                        0.0,
                        50000.0,
                        0.0,
                        0.0,
                        10460146.0,
                        0.0
                    ],
                    [
                        1.0,
                        150000.0,
                        0.0,
                        50000.0,
                        0.0,
                        0.0,
                        10461646.0,
                        0.0
                    ],
                    [
                        1.0,
                        150000.0,
                        0.0,
                        50000.0,
                        0.0,
                        0.0,
                        10463146.0,
                        0.0
                    ],
                    [
                        1.0,
                        150000.0,
                        0.0,
                        50000.0,
                        0.0,
                        0.0,
                        10464646.0,
                        0.0
                    ],
                    [
                        0.0,
                        0.0,
                        248163200.0,
                        160000.0,
                        18218156032.0,
                        0.0,
                        9271085.0,
                        111.0
                    ],
                    [
                        1.0,
                        150000.0,
                        0.0,
                        50000.0,
                        0.0,
                        0.0,
                        10461646.0,
                        0.0
                    ],
                    [
                        1.0,
                        150000.0,
                        0.0,
                        50000.0,
                        0.0,
                        0.0,
                        10463146.0,
                        0.0
                    ],
                    [
                        1.0,
                        150000.0,
                        0.0,
                        50000.0,
                        0.0,
                        0.0,
                        10464646.0,
                        0.0
                    ],
                    [
                        0.0,
                        0.0,
                        248163200.0,
                        160000.0,
                        18218156032.0,
                        0.0,
                        9271085.0,
                        111.0
                    ],
                    [
                        0.0,
                        0.0,
                        248163200.0,
                        160000.0,
                        18466320384.0,
                        0.0,
                        9271137.0,
                        111.0
                    ],
                    [
                        1.0,
                        120000.0,
                        37354.0,
                        70000.0,
                        0.0,
                        0.0,
                        10478146.0,
                        0.0
                    ],
                    [
                        1.0,
                        150000.0,
                        0.0,
                        70000.0,
                        0.0,
                        0.0,
                        10479646.0,
                        0.0
                    ],
                    [
                        1.0,
                        150000.0,
                        0.0,
                        70000.0,
                        0.0,
                        0.0,
                        10481146.0,
                        0.0
                    ],
                    [
                        1.0,
                        150000.0,
                        0.0,
                        70000.0,
                        0.0,
                        0.0,
                        10482646.0,
                        0.0
                    ],
                    [
                        1.0,
                        150000.0,
                        0.0,
                        70000.0,
                        0.0,
                        0.0,
                        10484146.0,
                        0.0
                    ]
                ]
            ],
            "actions": [
                [
                    [
                        0.3333333432674408
                    ],
                    [
                        0.3333333432674408
                    ],
                    [
                        0.3333333432674408
                    ],
                    [
                        0.3333333432674408
                    ],
                    [
                        1.0
                    ],
                    [
                        0.3333333432674408
                    ],
                    [
                        0.3333333432674408
                    ],
                    [
                        0.3333333432674408
                    ],
                    [
                        0.3333333432674408
                    ],
                    [
                        0.3333333432674408
                    ],
                    [
                        0.3333333432674408
                    ],
                    [
                        0.3333333432674408
                    ],
                    [
                        0.3333333432674408
                    ],
                    [
                        0.3333333432674408
                    ],
                    [
                        0.6666666865348816
                    ],
                    [
                        0.3333333432674408
                    ],
                    [
                        0.3333333432674408
                    ],
                    [
                        0.3333333432674408
                    ],
                    [
                        0.3333333432674408
                    ],
                    [
                        0.3333333432674408
                    ]
                ]
            ],
            "returns": [
                [
                    [
                        0.0871666669845581
                    ],
                    [
                        0.08683333545923233
                    ],
                    [
                        0.08670832961797714
                    ],
                    [
                        0.08658333122730255
                    ],
                    [
                        0.08624999970197678
                    ],
                    [
                        0.08612500131130219
                    ],
                    [
                        0.085916668176651
                    ],
                    [
                        0.08570833504199982
                    ],
                    [
                        0.08550000190734863
                    ],
                    [
                        0.08529166877269745
                    ],
                    [
                        0.0846249982714653
                    ],
                    [
                        0.08441666513681412
                    ],
                    [
                        0.08420833200216293
                    ],
                    [
                        0.08399999886751175
                    ],
                    [
                        0.0833333358168602
                    ],
                    [
                        0.08266666531562805
                    ],
                    [
                        0.08237499743700027
                    ],
                    [
                        0.0820833370089531
                    ],
                    [
                        0.08179166913032532
                    ],
                    [
                        0.08150000125169754
                    ]
                ]
            ],
            "timesteps": [
                [
                    1160,
                    1161,
                    1162,
                    1163,
                    1164,
                    1165,
                    1166,
                    1167,
                    1168,
                    1169,
                    1170,
                    1171,
                    1172,
                    1173,
                    1174,
                    1175,
                    1176,
                    1177,
                    1178,
                    1179
                ]
            ],
            "labels": [
                [
                    0,
                    0,
                    0,
                    0,
                    2,
                    0,
                    0,
                    0,
                    0,
                    0,
                    0,
                    0,
                    0,
                    0,
                    1,
                    0,
                    0,
                    0,
                    0,
                    0
                ]
            ],
            "CPU Usage": 11.1,
            "RAM Usage": 17.4,
            "GPU Usage": 41.0,
            "VRAM Usage": 14796.0,
            "Disk Read Speed (MB/s)": 75057158.81152344,
            "Disk Write Speed (MB/s)": 506877880.95410156
        },
        {
            "step": 1,
            "train_loss": 0.027468496933579445,
            "actions_pred1": [
                [
                    [
                        0.48685139417648315,
                        0.7452046871185303,
                        -0.03294976055622101
                    ],
                    [
                        0.5290994644165039,
                        0.23162057995796204,
                        -0.38526856899261475
                    ],
                    [
                        0.42752471566200256,
                        0.28129053115844727,
                        -0.2312525361776352
                    ],
                    [
                        0.3672770857810974,
                        0.34036460518836975,
                        -0.25855720043182373
                    ],
                    [
                        0.5144829154014587,
                        0.5861088633537292,
                        0.01782841794192791
                    ],
                    [
                        0.5610129237174988,
                        0.3029935956001282,
                        -0.03364350646734238
                    ],
                    [
                        0.49915486574172974,
                        0.5096098780632019,
                        -0.06471449136734009
                    ],
                    [
                        0.31332769989967346,
                        0.49461355805397034,
                        -0.14523574709892273
                    ],
                    [
                        0.7296035885810852,
                        0.3834637701511383,
                        -0.0883622020483017
                    ],
                    [
                        0.7058687806129456,
                        0.35340040922164917,
                        0.04263712465763092
                    ],
                    [
                        0.3603973984718323,
                        0.6156035661697388,
                        0.2570076286792755
                    ],
                    [
                        0.30092012882232666,
                        0.20610173046588898,
                        -0.011611739173531532
                    ],
                    [
                        0.5840830206871033,
                        0.17987941205501556,
                        -0.07308746129274368
                    ],
                    [
                        0.4650838375091553,
                        0.26817038655281067,
                        -0.049773864448070526
                    ],
                    [
                        0.7109598517417908,
                        0.2955319285392761,
                        -0.0667036846280098
                    ],
                    [
                        0.9760821461677551,
                        0.36053308844566345,
                        0.011182909831404686
                    ],
                    [
                        0.6441670656204224,
                        0.2522401809692383,
                        -0.05334508419036865
                    ],
                    [
                        0.7584324479103088,
                        0.14999447762966156,
                        0.12877418100833893
                    ],
                    [
                        0.5401080846786499,
                        0.26810693740844727,
                        0.13128459453582764
                    ],
                    [
                        0.834428608417511,
                        0.23467132449150085,
                        -0.16896779835224152
                    ]
                ]
            ],
            "actions_pred": [
                [
                    [
                        0.48685139417648315,
                        0.5290994644165039,
                        0.42752471566200256,
                        0.3672770857810974,
                        0.5144829154014587,
                        0.5610129237174988,
                        0.49915486574172974,
                        0.31332769989967346,
                        0.7296035885810852,
                        0.7058687806129456,
                        0.3603973984718323,
                        0.30092012882232666,
                        0.5840830206871033,
                        0.4650838375091553,
                        0.7109598517417908,
                        0.9760821461677551,
                        0.6441670656204224,
                        0.7584324479103088,
                        0.5401080846786499,
                        0.834428608417511
                    ],
                    [
                        0.7452046871185303,
                        0.23162057995796204,
                        0.28129053115844727,
                        0.34036460518836975,
                        0.5861088633537292,
                        0.3029935956001282,
                        0.5096098780632019,
                        0.49461355805397034,
                        0.3834637701511383,
                        0.35340040922164917,
                        0.6156035661697388,
                        0.20610173046588898,
                        0.17987941205501556,
                        0.26817038655281067,
                        0.2955319285392761,
                        0.36053308844566345,
                        0.2522401809692383,
                        0.14999447762966156,
                        0.26810693740844727,
                        0.23467132449150085
                    ],
                    [
                        -0.03294976055622101,
                        -0.38526856899261475,
                        -0.2312525361776352,
                        -0.25855720043182373,
                        0.01782841794192791,
                        -0.03364350646734238,
                        -0.06471449136734009,
                        -0.14523574709892273,
                        -0.0883622020483017,
                        0.04263712465763092,
                        0.2570076286792755,
                        -0.011611739173531532,
                        -0.07308746129274368,
                        -0.049773864448070526,
                        -0.0667036846280098,
                        0.011182909831404686,
                        -0.05334508419036865,
                        0.12877418100833893,
                        0.13128459453582764,
                        -0.16896779835224152
                    ]
                ]
            ],
            "states": [
                [
                    [
                        1.0,
                        150000.0,
                        0.0,
                        10000.0,
                        0.0,
                        0.0,
                        9293146.0,
                        0.0
                    ],
                    [
                        1.0,
                        150000.0,
                        0.0,
                        10000.0,
                        0.0,
                        0.0,
                        9294646.0,
                        0.0
                    ],
                    [
                        1.0,
                        150000.0,
                        0.0,
                        10000.0,
                        0.0,
                        0.0,
                        9296146.0,
                        0.0
                    ],
                    [
                        0.0,
                        0.0,
                        245733104.0,
                        40000.0,
                        18121478144.0,
                        0.0,
                        8550589.0,
                        104.0
                    ],
                    [
                        0.0,
                        0.0,
                        245733104.0,
                        40000.0,
                        18367211520.0,
                        0.0,
                        8552089.0,
                        104.0
                    ],
                    [
                        0.0,
                        0.0,
                        392030432.0,
                        90000.0,
                        16810365952.0,
                        0.0,
                        8604205.0,
                        105.0
                    ],
                    [
                        1.0,
                        75000.0,
                        16164452.0,
                        100000.0,
                        250416208.0,
                        0.0,
                        9456646.0,
                        0.0
                    ],
                    [
                        0.0,
                        0.0,
                        392030432.0,
                        90000.0,
                        17202397184.0,
                        0.0,
                        8605705.0,
                        105.0
                    ],
                    [
                        0.0,
                        0.0,
                        392030432.0,
                        90000.0,
                        17594427392.0,
                        0.0,
                        8605757.0,
                        105.0
                    ],
                    [
                        0.0,
                        0.0,
                        392030432.0,
                        90000.0,
                        17986457600.0,
                        0.0,
                        8607257.0,
                        105.0
                    ],
                    [
                        1.0,
                        75000.0,
                        16164452.0,
                        100000.0,
                        250416208.0,
                        0.0,
                        9456646.0,
                        0.0
                    ],
                    [
                        0.0,
                        0.0,
                        392030432.0,
                        90000.0,
                        17202397184.0,
                        0.0,
                        8605705.0,
                        105.0
                    ],
                    [
                        0.0,
                        0.0,
                        392030432.0,
                        90000.0,
                        17594427392.0,
                        0.0,
                        8605757.0,
                        105.0
                    ],
                    [
                        0.0,
                        0.0,
                        392030432.0,
                        90000.0,
                        17986457600.0,
                        0.0,
                        8607257.0,
                        105.0
                    ],
                    [
                        0.0,
                        0.0,
                        392030432.0,
                        90000.0,
                        18378487808.0,
                        0.0,
                        8607309.0,
                        105.0
                    ],
                    [
                        0.0,
                        0.0,
                        392030432.0,
                        90000.0,
                        3920304384.0,
                        0.0,
                        8616517.0,
                        106.0
                    ],
                    [
                        0.0,
                        0.0,
                        392030432.0,
                        90000.0,
                        4312334848.0,
                        0.0,
                        8618017.0,
                        106.0
                    ],
                    [
                        0.0,
                        0.0,
                        392030432.0,
                        90000.0,
                        4704365056.0,
                        0.0,
                        8619517.0,
                        106.0
                    ],
                    [
                        0.0,
                        0.0,
                        392030432.0,
                        90000.0,
                        5096395776.0,
                        0.0,
                        8619569.0,
                        106.0
                    ],
                    [
                        0.0,
                        0.0,
                        392030432.0,
                        90000.0,
                        5488425984.0,
                        0.0,
                        8619621.0,
                        106.0
                    ]
                ]
            ],
            "actions": [
                [
                    [
                        0.3333333432674408
                    ],
                    [
                        0.3333333432674408
                    ],
                    [
                        0.3333333432674408
                    ],
                    [
                        0.3333333432674408
                    ],
                    [
                        0.6666666865348816
                    ],
                    [
                        0.3333333432674408
                    ],
                    [
                        0.3333333432674408
                    ],
                    [
                        0.3333333432674408
                    ],
                    [
                        0.3333333432674408
                    ],
                    [
                        0.3333333432674408
                    ],
                    [
                        0.3333333432674408
                    ],
                    [
                        0.3333333432674408
                    ],
                    [
                        0.3333333432674408
                    ],
                    [
                        0.3333333432674408
                    ],
                    [
                        0.6666666865348816
                    ],
                    [
                        0.3333333432674408
                    ],
                    [
                        0.3333333432674408
                    ],
                    [
                        0.3333333432674408
                    ],
                    [
                        0.3333333432674408
                    ],
                    [
                        0.3333333432674408
                    ]
                ]
            ],
            "returns": [
                [
                    [
                        0.1158749982714653
                    ],
                    [
                        0.1158333346247673
                    ],
                    [
                        0.11579166352748871
                    ],
                    [
                        0.11574999988079071
                    ],
                    [
                        0.11558333039283752
                    ],
                    [
                        0.11541666835546494
                    ],
                    [
                        0.11504166573286057
                    ],
                    [
                        0.1146249994635582
                    ],
                    [
                        0.11424999684095383
                    ],
                    [
                        0.11387500166893005
                    ],
                    [
                        0.11349999904632568
                    ],
                    [
                        0.11308333277702332
                    ],
                    [
                        0.11270833015441895
                    ],
                    [
                        0.11233333498239517
                    ],
                    [
                        0.1119583323597908
                    ],
                    [
                        0.11158332973718643
                    ],
                    [
                        0.11120833456516266
                    ],
                    [
                        0.11083333194255829
                    ],
                    [
                        0.11045833677053452
                    ],
                    [
                        0.11008333414793015
                    ]
                ]
            ],
            "timesteps": [
                [
                    1080,
                    1081,
                    1082,
                    1083,
                    1084,
                    1085,
                    1086,
                    1087,
                    1088,
                    1089,
                    1090,
                    1091,
                    1092,
                    1093,
                    1094,
                    1095,
                    1096,
                    1097,
                    1098,
                    1099
                ]
            ],
            "labels": [
                [
                    0,
                    0,
                    0,
                    0,
                    1,
                    0,
                    0,
                    0,
                    0,
                    0,
                    0,
                    0,
                    0,
                    0,
                    1,
                    0,
                    0,
                    0,
                    0,
                    0
                ]
            ],
            "CPU Usage": 6.5,
            "RAM Usage": 17.4,
            "GPU Usage": 43.0,
            "VRAM Usage": 15028.0,
            "Disk Read Speed (MB/s)": 75057176.63183594,
            "Disk Write Speed (MB/s)": 506877880.95410156
        },
        {
            "step": 2,
            "train_loss": 0.028272146359086037,
            "actions_pred1": [
                [
                    [
                        0.33461111783981323,
                        0.3546544015407562,
                        -0.05404144525527954
                    ],
                    [
                        0.21496012806892395,
                        0.4091648459434509,
                        -0.12025783956050873
                    ],
                    [
                        0.3361018896102905,
                        0.289357990026474,
                        -0.12802907824516296
                    ],
                    [
                        0.2736146152019501,
                        0.37166276574134827,
                        -0.41935789585113525
                    ],
                    [
                        0.3250255584716797,
                        0.334602028131485,
                        -0.08550004661083221
                    ],
                    [
                        0.5732381939888,
                        0.2717081308364868,
                        -0.12004438042640686
                    ],
                    [
                        0.6401899456977844,
                        0.2998353838920593,
                        -0.129232257604599
                    ],
                    [
                        0.9375395178794861,
                        0.23601381480693817,
                        0.11307959258556366
                    ],
                    [
                        0.5515174269676208,
                        0.18996015191078186,
                        -0.02407115139067173
                    ],
                    [
                        0.6940206289291382,
                        0.42139726877212524,
                        -0.1057119071483612
                    ],
                    [
                        0.5926945805549622,
                        0.3544369041919708,
                        0.0070932786911726
                    ],
                    [
                        0.28049129247665405,
                        0.44327816367149353,
                        -0.1336890459060669
                    ],
                    [
                        0.40785491466522217,
                        0.35015779733657837,
                        0.031789541244506836
                    ],
                    [
                        0.3628225028514862,
                        0.49581095576286316,
                        -0.3477909564971924
                    ],
                    [
                        0.5335686206817627,
                        0.27575042843818665,
                        0.07382109761238098
                    ],
                    [
                        0.6423999667167664,
                        0.2196679711341858,
                        0.2249869853258133
                    ],
                    [
                        0.7153638005256653,
                        0.2268631011247635,
                        0.05518351495265961
                    ],
                    [
                        0.5369731783866882,
                        0.5083501935005188,
                        0.011749772354960442
                    ],
                    [
                        0.7314732074737549,
                        0.39724862575531006,
                        0.12042641639709473
                    ],
                    [
                        0.5102402567863464,
                        0.532285749912262,
                        0.06413711607456207
                    ]
                ]
            ],
            "actions_pred": [
                [
                    [
                        0.33461111783981323,
                        0.21496012806892395,
                        0.3361018896102905,
                        0.2736146152019501,
                        0.3250255584716797,
                        0.5732381939888,
                        0.6401899456977844,
                        0.9375395178794861,
                        0.5515174269676208,
                        0.6940206289291382,
                        0.5926945805549622,
                        0.28049129247665405,
                        0.40785491466522217,
                        0.3628225028514862,
                        0.5335686206817627,
