{
    "steps": [
        {
            "step": 0,
            "train_loss": 0.02840609848499298,
            "actions_pred1": [
                [
                    [
                        0.03427867591381073,
                        0.6693280935287476,
                        -0.08375914394855499
                    ],
                    [
                        0.05099937319755554,
                        0.5794146656990051,
                        0.15423154830932617
                    ],
                    [
                        0.0637543648481369,
                        0.7043247818946838,
                        0.017107050865888596
                    ],
                    [
                        0.017004281282424927,
                        0.6190750598907471,
                        -0.008274439722299576
                    ],
                    [
                        0.32803839445114136,
                        0.5142231583595276,
                        0.319332480430603
                    ],
                    [
                        0.4965003728866577,
                        0.5377467274665833,
                        -0.03170015290379524
                    ],
                    [
                        0.7566594481468201,
                        0.45908650755882263,
                        0.10977572202682495
                    ],
                    [
                        0.5714086890220642,
                        0.27097052335739136,
                        -0.018186066299676895
                    ],
                    [
                        0.4815906286239624,
                        0.41020089387893677,
                        -0.10022780299186707
                    ],
                    [
                        0.5908305644989014,
                        0.13050617277622223,
                        -0.08698147535324097
                    ],
                    [
                        0.7661739587783813,
                        0.21061809360980988,
                        0.15606549382209778
                    ],
                    [
                        0.9706997871398926,
                        0.09834308177232742,
                        0.37634292244911194
                    ],
                    [
                        0.8816624283790588,
                        -0.10275601595640182,
                        0.3096562922000885
                    ],
                    [
                        0.6860401034355164,
                        0.0018990403041243553,
                        0.03646513447165489
                    ],
                    [
                        0.9015891551971436,
                        0.041305311024188995,
                        0.1060851514339447
                    ],
                    [
                        0.8567724227905273,
                        0.014209127984941006,
                        0.010923568159341812
                    ],
                    [
                        0.9650864601135254,
                        0.1756698042154312,
                        -0.12491083145141602
                    ],
                    [
                        0.7231589555740356,
                        0.2607642114162445,
                        -0.14167064428329468
                    ],
                    [
                        1.0568294525146484,
                        0.14706307649612427,
                        0.06337521970272064
                    ],
                    [
                        0.6867673397064209,
                        0.3261030316352844,
                        -0.0032998137176036835
                    ]
                ]
            ],
            "actions_pred": [
                [
                    [
                        0.03427867591381073,
                        0.05099937319755554,
                        0.0637543648481369,
                        0.017004281282424927,
                        0.32803839445114136,
                        0.4965003728866577,
                        0.7566594481468201,
                        0.5714086890220642,
                        0.4815906286239624,
                        0.5908305644989014,
                        0.7661739587783813,
                        0.9706997871398926,
                        0.8816624283790588,
                        0.6860401034355164,
                        0.9015891551971436,
                        0.8567724227905273,
                        0.9650864601135254,
                        0.7231589555740356,
                        1.0568294525146484,
                        0.6867673397064209
                    ],
                    [
                        0.6693280935287476,
                        0.5794146656990051,
                        0.7043247818946838,
                        0.6190750598907471,
                        0.5142231583595276,
                        0.5377467274665833,
                        0.45908650755882263,
                        0.27097052335739136,
                        0.41020089387893677,
                        0.13050617277622223,
                        0.21061809360980988,
                        0.09834308177232742,
                        -0.10275601595640182,
                        0.0018990403041243553,
                        0.041305311024188995,
                        0.014209127984941006,
                        0.1756698042154312,
                        0.2607642114162445,
                        0.14706307649612427,
                        0.3261030316352844
                    ],
                    [
                        -0.08375914394855499,
                        0.15423154830932617,
                        0.017107050865888596,
                        -0.008274439722299576,
                        0.319332480430603,
                        -0.03170015290379524,
                        0.10977572202682495,
                        -0.018186066299676895,
                        -0.10022780299186707,
                        -0.08698147535324097,
                        0.15606549382209778,
                        0.37634292244911194,
                        0.3096562922000885,
                        0.03646513447165489,
                        0.1060851514339447,
                        0.010923568159341812,
                        -0.12491083145141602,
                        -0.14167064428329468,
                        0.06337521970272064,
                        -0.0032998137176036835
                    ]
                ]
            ],
            "states": [
                [
                    [
                        0.0,
                        0.0,
                        426975520.0,
                        110000.0,
                        426975520.0,
                        0.0,
                        3285413.0,
                        23.0
                    ],
                    [
                        0.0,
                        0.0,
                        426975520.0,
                        110000.0,
                        853951040.0,
                        0.0,
                        3286913.0,
                        23.0
                    ],
                    [
                        0.0,
                        0.0,
                        426975520.0,
                        110000.0,
                        1280926592.0,
                        0.0,
                        3288413.0,
                        23.0
                    ],
                    [
                        0.0,
                        0.0,
                        426975520.0,
                        110000.0,
                        1707902080.0,
                        0.0,
                        3289913.0,
                        23.0
                    ],
                    [
                        0.0,
                        0.0,
                        426975520.0,
                        110000.0,
                        0.0,
                        0.0,
                        3291413.0,
                        23.0
                    ],
                    [
                        0.0,
                        0.0,
                        393421088.0,
                        100000.0,
                        9283566592.0,
                        0.0,
                        3307261.0,
                        24.0
                    ],
                    [
                        0.0,
                        0.0,
                        393421088.0,
                        100000.0,
                        9676987392.0,
                        0.0,
                        3307313.0,
                        24.0
                    ],
                    [
                        0.0,
                        0.0,
                        393421088.0,
                        100000.0,
                        10070408192.0,
                        0.0,
                        3307385.0,
                        24.0
                    ],
                    [
                        1.0,
                        150000.0,
                        0.0,
                        90000.0,
                        0.0,
                        0.0,
                        2433646.0,
                        0.0
                    ],
                    [
                        1.0,
                        150000.0,
                        0.0,
                        90000.0,
                        0.0,
                        0.0,
                        2435146.0,
                        0.0
                    ],
                    [
                        0.0,
                        0.0,
                        393421088.0,
                        100000.0,
                        9676987392.0,
                        0.0,
                        3307313.0,
                        24.0
                    ],
                    [
                        0.0,
                        0.0,
                        393421088.0,
                        100000.0,
                        10070408192.0,
                        0.0,
                        3307385.0,
                        24.0
                    ],
                    [
                        1.0,
                        150000.0,
                        0.0,
                        90000.0,
                        0.0,
                        0.0,
                        2433646.0,
                        0.0
                    ],
                    [
                        1.0,
                        150000.0,
                        0.0,
                        90000.0,
                        0.0,
                        0.0,
                        2435146.0,
                        0.0
                    ],
                    [
                        0.0,
                        0.0,
                        393421088.0,
                        100000.0,
                        0.0,
                        0.0,
                        3307457.0,
                        24.0
                    ],
                    [
                        0.0,
                        0.0,
                        393421088.0,
                        100000.0,
                        3540790016.0,
                        0.0,
                        3310937.0,
                        25.0
                    ],
                    [
                        0.0,
                        0.0,
                        393421088.0,
                        100000.0,
                        3934211072.0,
                        0.0,
                        3310989.0,
                        25.0
                    ],
                    [
                        0.0,
                        0.0,
                        393421088.0,
                        100000.0,
                        4327631872.0,
                        0.0,
                        3311041.0,
                        25.0
                    ],
                    [
                        0.0,
                        0.0,
                        393421088.0,
                        100000.0,
                        4721053184.0,
                        0.0,
                        3312541.0,
                        25.0
                    ],
                    [
                        0.0,
                        0.0,
                        393421088.0,
                        100000.0,
                        5114474496.0,
                        0.0,
                        3314041.0,
                        25.0
                    ]
                ]
            ],
            "actions": [
                [
                    [
                        0.3333333432674408
                    ],
                    [
                        0.3333333432674408
                    ],
                    [
                        0.3333333432674408
                    ],
                    [
                        0.3333333432674408
                    ],
                    [
                        0.6666666865348816
                    ],
                    [
                        0.3333333432674408
                    ],
                    [
                        0.3333333432674408
                    ],
                    [
                        0.3333333432674408
                    ],
                    [
                        0.3333333432674408
                    ],
                    [
                        0.3333333432674408
                    ],
                    [
                        0.3333333432674408
                    ],
                    [
                        0.3333333432674408
                    ],
                    [
                        0.3333333432674408
                    ],
                    [
                        0.3333333432674408
                    ],
                    [
                        0.6666666865348816
                    ],
                    [
                        0.3333333432674408
                    ],
                    [
                        0.3333333432674408
                    ],
                    [
                        0.3333333432674408
                    ],
                    [
                        0.3333333432674408
                    ],
                    [
                        0.3333333432674408
                    ]
                ]
            ],
            "returns": [
                [
                    [
                        0.48120832443237305
                    ],
                    [
                        0.4807499945163727
                    ],
                    [
                        0.4802916646003723
                    ],
                    [
                        0.47983333468437195
                    ],
                    [
                        0.4793750047683716
                    ],
                    [
                        0.4789166748523712
                    ],
                    [
                        0.47850000858306885
                    ],
                    [
                        0.4780833423137665
                    ],
                    [
                        0.4776666760444641
                    ],
                    [
                        0.47729167342185974
                    ],
                    [
                        0.47691667079925537
                    ],
                    [
                        0.476500004529953
                    ],
                    [
                        0.47608333826065063
                    ],
                    [
                        0.47570833563804626
                    ],
                    [
                        0.4753333330154419
                    ],
                    [
                        0.4749166667461395
                    ],
                    [
                        0.47450000047683716
                    ],
                    [
                        0.4740833342075348
                    ],
                    [
                        0.4736666679382324
                    ],
                    [
                        0.47325000166893005
                    ]
                ]
            ],
            "timesteps": [
                [
                    240,
                    241,
                    242,
                    243,
                    244,
                    245,
                    246,
                    247,
                    248,
                    249,
                    250,
                    251,
                    252,
                    253,
                    254,
                    255,
                    256,
                    257,
                    258,
                    259
                ]
            ],
            "labels": [
                [
                    0,
                    0,
                    0,
                    0,
                    1,
                    0,
                    0,
                    0,
                    0,
                    0,
                    0,
                    0,
                    0,
                    0,
                    1,
                    0,
                    0,
                    0,
                    0,
                    0
                ]
            ],
            "CPU Usage": 6.4,
            "RAM Usage": 17.4,
            "GPU Usage": 41.0,
            "VRAM Usage": 15400.0,
            "Disk Read Speed (MB/s)": 75057177.68652344,
            "Disk Write Speed (MB/s)": 506877938.4814453
        },
        {
            "step": 1,
            "train_loss": 0.024350162595510483,
            "actions_pred1": [
                [
                    [
                        0.22310735285282135,
                        0.29782024025917053,
                        -0.22604666650295258
                    ],
                    [
                        0.21292069554328918,
                        0.23769238591194153,
                        -0.18412074446678162
                    ],
                    [
                        0.7360644340515137,
                        0.3143119215965271,
                        -0.12034384906291962
                    ],
                    [
                        0.7878367900848389,
                        0.19286277890205383,
                        -0.0536322258412838
                    ],
                    [
                        0.6156584024429321,
                        0.18278415501117706,
                        -0.14050255715847015
                    ],
                    [
                        0.5796945095062256,
                        0.08903143554925919,
                        -0.20703843235969543
                    ],
                    [
                        0.690303385257721,
                        -0.005647712387144566,
                        -0.15275134146213531
                    ],
                    [
                        0.5867084264755249,
                        0.05812511593103409,
                        -0.08944731950759888
                    ],
                    [
                        0.6808463335037231,
                        0.07795671373605728,
                        -0.040740616619586945
                    ],
                    [
                        0.5584942698478699,
                        0.2523433268070221,
                        0.038384806364774704
                    ],
                    [
                        0.4611801505088806,
                        0.06829620152711868,
                        -0.17831897735595703
                    ],
                    [
                        0.7564140558242798,
                        -0.0032254988327622414,
                        -0.22372955083847046
                    ],
                    [
                        0.5942004323005676,
                        0.240594744682312,
                        -0.16367541253566742
                    ],
                    [
                        0.710663914680481,
                        0.1934807002544403,
                        0.031253065913915634
                    ],
                    [
                        0.9776016473770142,
                        0.1887240707874298,
                        -0.16995008289813995
                    ],
                    [
                        0.9223144054412842,
                        0.16691789031028748,
                        -0.08565583825111389
                    ],
                    [
                        0.7466132044792175,
                        0.009606755338609219,
                        -0.11642655730247498
                    ],
                    [
                        0.7990906834602356,
                        0.10356471687555313,
                        -0.12883782386779785
                    ],
                    [
                        1.1167888641357422,
                        0.021144963800907135,
                        -0.2355392575263977
                    ],
                    [
                        0.7819784879684448,
                        0.18890266120433807,
                        -0.09075663983821869
                    ]
                ]
            ],
            "actions_pred": [
                [
                    [
                        0.22310735285282135,
                        0.21292069554328918,
                        0.7360644340515137,
                        0.7878367900848389,
                        0.6156584024429321,
                        0.5796945095062256,
                        0.690303385257721,
                        0.5867084264755249,
                        0.6808463335037231,
                        0.5584942698478699,
                        0.4611801505088806,
                        0.7564140558242798,
                        0.5942004323005676,
                        0.710663914680481,
                        0.9776016473770142,
                        0.9223144054412842,
                        0.7466132044792175,
                        0.7990906834602356,
                        1.1167888641357422,
                        0.7819784879684448
                    ],
                    [
                        0.29782024025917053,
                        0.23769238591194153,
                        0.3143119215965271,
                        0.19286277890205383,
                        0.18278415501117706,
                        0.08903143554925919,
                        -0.005647712387144566,
                        0.05812511593103409,
                        0.07795671373605728,
                        0.2523433268070221,
                        0.06829620152711868,
                        -0.0032254988327622414,
                        0.240594744682312,
                        0.1934807002544403,
                        0.1887240707874298,
                        0.16691789031028748,
                        0.009606755338609219,
                        0.10356471687555313,
                        0.021144963800907135,
                        0.18890266120433807
                    ],
                    [
                        -0.22604666650295258,
                        -0.18412074446678162,
                        -0.12034384906291962,
                        -0.0536322258412838,
                        -0.14050255715847015,
                        -0.20703843235969543,
                        -0.15275134146213531,
                        -0.08944731950759888,
                        -0.040740616619586945,
                        0.038384806364774704,
                        -0.17831897735595703,
                        -0.22372955083847046,
                        -0.16367541253566742,
                        0.031253065913915634,
                        -0.16995008289813995,
                        -0.08565583825111389,
                        -0.11642655730247498,
                        -0.12883782386779785,
                        -0.2355392575263977,
                        -0.09075663983821869
                    ]
                ]
            ],
            "states": [
                [
                    [
                        0.0,
                        0.0,
                        487849312.0,
                        170000.0,
                        487849312.0,
                        0.0,
                        6289145.0,
                        53.0
                    ],
                    [
                        0.0,
                        0.0,
                        487849312.0,
                        170000.0,
                        975698624.0,
                        0.0,
                        6289209.0,
                        53.0
                    ],
                    [
                        0.0,
                        0.0,
                        487849312.0,
                        170000.0,
                        1463547904.0,
                        0.0,
                        6289261.0,
                        53.0
                    ],
                    [
                        0.0,
                        0.0,
                        487849312.0,
                        170000.0,
                        1951397248.0,
                        0.0,
                        6289325.0,
                        53.0
                    ],
                    [
                        0.0,
                        0.0,
                        487849312.0,
                        170000.0,
                        0.0,
                        0.0,
                        6289377.0,
                        53.0
                    ],
                    [
                        0.0,
                        0.0,
                        487849312.0,
                        180000.0,
                        11220534272.0,
                        0.0,
                        6318097.0,
                        54.0
                    ],
                    [
                        0.0,
                        0.0,
                        487849312.0,
                        180000.0,
                        11708383232.0,
                        0.0,
                        6319597.0,
                        54.0
                    ],
                    [
                        0.0,
                        0.0,
                        487849312.0,
                        180000.0,
                        12196233216.0,
                        0.0,
                        6321097.0,
                        54.0
                    ],
                    [
                        0.0,
                        0.0,
                        487849312.0,
                        180000.0,
                        12684082176.0,
                        0.0,
                        6321149.0,
                        54.0
                    ],
                    [
                        0.0,
                        0.0,
                        487849312.0,
                        190000.0,
                        13171931136.0,
                        0.0,
                        6321201.0,
                        54.0
                    ],
                    [
                        0.0,
                        0.0,
                        487849312.0,
                        180000.0,
                        11708383232.0,
                        0.0,
                        6319597.0,
                        54.0
                    ],
                    [
                        0.0,
                        0.0,
                        487849312.0,
                        180000.0,
                        12196233216.0,
                        0.0,
                        6321097.0,
                        54.0
                    ],
                    [
                        0.0,
                        0.0,
                        487849312.0,
                        180000.0,
                        12684082176.0,
                        0.0,
                        6321149.0,
                        54.0
                    ],
                    [
                        0.0,
                        0.0,
                        487849312.0,
                        190000.0,
                        13171931136.0,
                        0.0,
                        6321201.0,
                        54.0
                    ],
                    [
                        0.0,
                        0.0,
                        487849312.0,
                        190000.0,
                        0.0,
                        0.0,
                        6322701.0,
                        54.0
                    ],
                    [
                        0.0,
                        0.0,
                        234848896.0,
                        80000.0,
                        17092074496.0,
                        0.0,
                        6355045.0,
                        55.0
                    ],
                    [
                        0.0,
                        0.0,
                        234848896.0,
                        80000.0,
                        17326923776.0,
                        0.0,
                        6356545.0,
                        55.0
                    ],
                    [
                        0.0,
                        0.0,
                        234848896.0,
                        80000.0,
                        17561772032.0,
                        0.0,
                        6358045.0,
                        55.0
                    ],
                    [
                        0.0,
                        0.0,
                        234848896.0,
                        80000.0,
                        17796620288.0,
                        0.0,
                        6359545.0,
                        55.0
                    ],
                    [
                        0.0,
                        0.0,
                        234848896.0,
                        80000.0,
                        18031470592.0,
                        0.0,
                        6361045.0,
                        55.0
                    ]
                ]
            ],
            "actions": [
                [
                    [
                        0.3333333432674408
                    ],
                    [
                        0.3333333432674408
                    ],
                    [
                        0.3333333432674408
                    ],
                    [
                        0.3333333432674408
                    ],
                    [
                        0.6666666865348816
                    ],
                    [
                        0.3333333432674408
                    ],
                    [
                        0.3333333432674408
                    ],
                    [
                        0.3333333432674408
                    ],
                    [
                        0.3333333432674408
                    ],
                    [
                        0.3333333432674408
                    ],
                    [
                        0.3333333432674408
                    ],
                    [
                        0.3333333432674408
                    ],
                    [
                        0.3333333432674408
                    ],
                    [
                        0.3333333432674408
                    ],
                    [
                        0.6666666865348816
                    ],
                    [
                        0.3333333432674408
                    ],
                    [
                        0.3333333432674408
                    ],
                    [
                        0.3333333432674408
                    ],
                    [
                        0.3333333432674408
                    ],
                    [
                        0.3333333432674408
                    ]
                ]
            ],
            "returns": [
                [
                    [
                        0.33516666293144226
                    ],
                    [
                        0.3344583213329315
                    ],
                    [
                        0.33375000953674316
                    ],
                    [
                        0.3330416679382324
                    ],
                    [
                        0.3323333263397217
                    ],
                    [
                        0.3316250145435333
                    ],
                    [
                        0.3308750092983246
                    ],
                    [
                        0.33012500405311584
                    ],
                    [
                        0.3293749988079071
                    ],
                    [
                        0.32862499356269836
                    ],
                    [
                        0.3278333246707916
                    ],
                    [
                        0.3270833194255829
                    ],
                    [
                        0.32633334398269653
                    ],
                    [
                        0.3255833387374878
                    ],
                    [
                        0.32479166984558105
                    ],
                    [
                        0.3240000009536743
                    ],
                    [
                        0.32366666197776794
                    ],
                    [
                        0.3233333230018616
                    ],
                    [
                        0.3230000138282776
                    ],
                    [
                        0.3226666748523712
                    ]
                ]
            ],
            "timesteps": [
                [
                    540,
                    541,
                    542,
                    543,
                    544,
                    545,
                    546,
                    547,
                    548,
                    549,
                    550,
                    551,
                    552,
                    553,
                    554,
                    555,
                    556,
                    557,
                    558,
                    559
                ]
            ],
            "labels": [
                [
                    0,
                    0,
                    0,
                    0,
                    1,
                    0,
                    0,
                    0,
                    0,
                    0,
                    0,
                    0,
                    0,
                    0,
                    1,
                    0,
                    0,
                    0,
                    0,
                    0
                ]
            ],
            "CPU Usage": 4.8,
            "RAM Usage": 17.4,
            "GPU Usage": 76.0,
            "VRAM Usage": 15400.0,
            "Disk Read Speed (MB/s)": 75057177.68652344,
            "Disk Write Speed (MB/s)": 506877938.4814453
        },
        {
            "step": 2,
            "train_loss": 0.023668285459280014,
            "actions_pred1": [
                [
                    [
                        0.02059061825275421,
                        0.09669046849012375,
                        -0.046765703707933426
                    ],
                    [
                        0.26586300134658813,
                        0.4215979278087616,
                        -0.13831055164337158
                    ],
                    [
                        0.49751341342926025,
                        0.37116432189941406,
                        -0.18571613729000092
                    ],
                    [
                        0.6390584707260132,
                        0.2245866358280182,
                        -0.17376944422721863
                    ],
                    [
                        0.7983779907226562,
                        0.24533089995384216,
                        -0.25674429535865784
                    ],
                    [
                        0.7456275224685669,
                        0.0813818946480751,
                        -0.013444293290376663
                    ],
                    [
                        1.0076920986175537,
                        0.04274911433458328,
                        -0.0023833177983760834
                    ],
                    [
                        1.0947494506835938,
                        0.14727219939231873,
                        0.005629796534776688
                    ],
                    [
                        1.1851551532745361,
                        0.039226777851581573,
                        0.14600931107997894
                    ],
                    [
                        1.2450597286224365,
                        0.07814223319292068,
                        0.035374175757169724
                    ],
                    [
                        0.9496960639953613,
                        0.28805088996887207,
                        0.007042471319437027
                    ],
                    [
                        0.8375715017318726,
                        0.15104295313358307,
                        -0.2115727663040161
                    ],
                    [
                        0.77142733335495,
                        0.40474292635917664,
                        0.1537669599056244
                    ],
                    [
                        0.7649303078651428,
                        0.40689679980278015,
                        0.19114843010902405
                    ],
                    [
                        0.8506633043289185,
                        0.21460014581680298,
                        0.042753513902425766
                    ],
                    [
                        0.8001251816749573,
                        0.10312379151582718,
                        0.14238938689231873
                    ],
                    [
                        0.8663249015808105,
                        0.026194103062152863,
                        0.23375914990901947
                    ],
                    [
                        0.9048423767089844,
                        0.1610099971294403,
                        0.13091892004013062
                    ],
                    [
                        1.055345892906189,
                        -0.048844121396541595,
                        0.5125492215156555
                    ],
                    [
                        1.1114552021026611,
                        0.0329865887761116,
                        0.049367811530828476
                    ]
                ]
            ],
            "actions_pred": [
                [
                    [
                        0.02059061825275421,
                        0.26586300134658813,
                        0.49751341342926025,
                        0.6390584707260132,
                        0.7983779907226562,
                        0.7456275224685669,
                        1.0076920986175537,
                        1.0947494506835938,
                        1.1851551532745361,
                        1.2450597286224365,
                        0.9496960639953613,
                        0.8375715017318726,
