{
    "steps": [
        {
            "step": 0,
            "train_loss": 0.011518212966620922,
            "actions_pred1": [
                [
                    [
                        1.5693601369857788,
                        0.0394640751183033,
                        -1.966789960861206
                    ],
                    [
                        1.5955960750579834,
                        0.14646099507808685,
                        -1.707380771636963
                    ],
                    [
                        2.008082628250122,
                        -0.2237561196088791,
                        -1.9905734062194824
                    ],
                    [
                        1.8677012920379639,
                        0.06716316938400269,
                        -1.8258792161941528
                    ],
                    [
                        1.6963565349578857,
                        0.42312541604042053,
                        -1.8121049404144287
                    ],
                    [
                        1.761083960533142,
                        0.25431665778160095,
                        -1.4607768058776855
                    ],
                    [
                        2.427077293395996,
                        0.04793155565857887,
                        -1.8142127990722656
                    ],
                    [
                        2.055509090423584,
                        0.2079760581254959,
                        -1.9749760627746582
                    ],
                    [
                        2.0194003582000732,
                        0.17056693136692047,
                        -1.8933244943618774
                    ],
                    [
                        2.0736639499664307,
                        0.08191289007663727,
                        -1.9112173318862915
                    ],
                    [
                        1.9826184511184692,
                        0.21422480046749115,
                        -1.8981887102127075
                    ],
                    [
                        2.2755062580108643,
                        0.36581575870513916,
                        -1.639677882194519
                    ],
                    [
                        2.318528890609741,
                        0.2014404535293579,
                        -1.8572053909301758
                    ],
                    [
                        2.5600719451904297,
                        0.12608404457569122,
                        -1.7766884565353394
                    ],
                    [
                        1.8135671615600586,
                        0.6026322245597839,
                        -1.8183835744857788
                    ],
                    [
                        2.0708723068237305,
                        0.23611019551753998,
                        -1.8366339206695557
                    ],
                    [
                        2.1409761905670166,
                        -0.016671057790517807,
                        -1.7905726432800293
                    ],
                    [
                        2.368908405303955,
                        0.32335320115089417,
                        -1.8720166683197021
                    ],
                    [
                        2.3095598220825195,
                        0.40780264139175415,
                        -2.086329460144043
                    ],
                    [
                        2.1425914764404297,
                        0.17467153072357178,
                        -2.0007565021514893
                    ]
                ]
            ],
            "actions_pred": [
                [
                    [
                        1.5693601369857788,
                        1.5955960750579834,
                        2.008082628250122,
                        1.8677012920379639,
                        1.6963565349578857,
                        1.761083960533142,
                        2.427077293395996,
                        2.055509090423584,
                        2.0194003582000732,
                        2.0736639499664307,
                        1.9826184511184692,
                        2.2755062580108643,
                        2.318528890609741,
                        2.5600719451904297,
                        1.8135671615600586,
                        2.0708723068237305,
                        2.1409761905670166,
                        2.368908405303955,
                        2.3095598220825195,
                        2.1425914764404297
                    ],
                    [
                        0.0394640751183033,
                        0.14646099507808685,
                        -0.2237561196088791,
                        0.06716316938400269,
                        0.42312541604042053,
                        0.25431665778160095,
                        0.04793155565857887,
                        0.2079760581254959,
                        0.17056693136692047,
                        0.08191289007663727,
                        0.21422480046749115,
                        0.36581575870513916,
                        0.2014404535293579,
                        0.12608404457569122,
                        0.6026322245597839,
                        0.23611019551753998,
                        -0.016671057790517807,
                        0.32335320115089417,
                        0.40780264139175415,
                        0.17467153072357178
                    ],
                    [
                        -1.966789960861206,
                        -1.707380771636963,
                        -1.9905734062194824,
                        -1.8258792161941528,
                        -1.8121049404144287,
                        -1.4607768058776855,
                        -1.8142127990722656,
                        -1.9749760627746582,
                        -1.8933244943618774,
                        -1.9112173318862915,
                        -1.8981887102127075,
                        -1.639677882194519,
                        -1.8572053909301758,
                        -1.7766884565353394,
                        -1.8183835744857788,
                        -1.8366339206695557,
                        -1.7905726432800293,
                        -1.8720166683197021,
                        -2.086329460144043,
                        -2.0007565021514893
                    ]
                ]
            ],
            "states": [
                [
                    [
                        0.0,
                        0.0,
                        402621024.0,
                        80000.0,
                        11222385664.0,
                        0.0,
                        6868965.0,
                        91.0
                    ],
                    [
                        0.0,
                        0.0,
                        402621024.0,
                        80000.0,
                        11625007104.0,
                        0.0,
                        6869045.0,
                        91.0
                    ],
                    [
                        1.0,
                        0.0,
                        11593972.0,
                        80000.0,
                        309841664.0,
                        0.0,
                        6444646.0,
                        0.0
                    ],
                    [
                        1.0,
                        0.0,
                        11593972.0,
                        80000.0,
                        321435648.0,
                        0.0,
                        6446146.0,
                        0.0
                    ],
                    [
                        0.0,
                        0.0,
                        402621024.0,
                        80000.0,
                        0.0,
                        0.0,
                        6870545.0,
                        91.0
                    ],
                    [
                        0.0,
                        0.0,
                        402621024.0,
                        80000.0,
                        0.0,
                        0.0,
                        6870545.0,
                        91.0
                    ],
                    [
                        0.0,
                        0.0,
                        402621024.0,
                        80000.0,
                        402621024.0,
                        0.0,
                        6870597.0,
                        92.0
                    ],
                    [
                        0.0,
                        0.0,
                        402621024.0,
                        100000.0,
                        805242048.0,
                        0.0,
                        6870649.0,
                        92.0
                    ],
                    [
                        0.0,
                        0.0,
                        402621024.0,
                        100000.0,
                        1207863040.0,
                        0.0,
                        6872149.0,
                        92.0
                    ],
                    [
                        0.0,
                        0.0,
                        402621024.0,
                        100000.0,
                        1610484096.0,
                        0.0,
                        6873649.0,
                        92.0
                    ],
                    [
                        0.0,
                        0.0,
                        402621024.0,
                        80000.0,
                        402621024.0,
                        0.0,
                        6870597.0,
                        92.0
                    ],
                    [
                        0.0,
                        0.0,
                        402621024.0,
                        100000.0,
                        805242048.0,
                        0.0,
                        6870649.0,
                        92.0
                    ],
                    [
                        0.0,
                        0.0,
                        402621024.0,
                        100000.0,
                        1207863040.0,
                        0.0,
                        6872149.0,
                        92.0
                    ],
                    [
                        0.0,
                        0.0,
                        402621024.0,
                        100000.0,
                        1610484096.0,
                        0.0,
                        6873649.0,
                        92.0
                    ],
                    [
                        0.0,
                        0.0,
                        402621024.0,
                        100000.0,
                        0.0,
                        0.0,
                        6873701.0,
                        92.0
                    ],
                    [
                        0.0,
                        0.0,
                        449597248.0,
                        90000.0,
                        12930946048.0,
                        0.0,
                        6898405.0,
                        93.0
                    ],
                    [
                        0.0,
                        0.0,
                        449597248.0,
                        90000.0,
                        13380542464.0,
                        0.0,
                        6899905.0,
                        93.0
                    ],
                    [
                        0.0,
                        0.0,
                        449597248.0,
                        90000.0,
                        13830139904.0,
                        0.0,
                        6899957.0,
                        93.0
                    ],
                    [
                        0.0,
                        0.0,
                        449597248.0,
                        90000.0,
                        14279737344.0,
                        0.0,
                        6900009.0,
                        93.0
                    ],
                    [
                        0.0,
                        0.0,
                        449597248.0,
                        90000.0,
                        14729334784.0,
                        0.0,
                        6900061.0,
                        93.0
                    ]
                ]
            ],
            "actions": [
                [
                    [
                        0.3333333432674408
                    ],
                    [
                        0.3333333432674408
                    ],
                    [
                        0.3333333432674408
                    ],
                    [
                        0.3333333432674408
                    ],
                    [
                        0.6666666865348816
                    ],
                    [
                        0.6666666865348816
                    ],
                    [
                        0.3333333432674408
                    ],
                    [
                        0.3333333432674408
                    ],
                    [
                        0.3333333432674408
                    ],
                    [
                        0.3333333432674408
                    ],
                    [
                        0.3333333432674408
                    ],
                    [
                        0.3333333432674408
                    ],
                    [
                        0.3333333432674408
                    ],
                    [
                        0.3333333432674408
                    ],
                    [
                        0.6666666865348816
                    ],
                    [
                        0.3333333432674408
                    ],
                    [
                        0.3333333432674408
                    ],
                    [
                        0.3333333432674408
                    ],
                    [
                        0.3333333432674408
                    ],
                    [
                        0.3333333432674408
                    ]
                ]
            ],
            "returns": [
                [
                    [
                        0.17879167199134827
                    ],
                    [
                        0.1784583330154419
                    ],
                    [
                        0.17812499403953552
                    ],
                    [
                        0.17779166996479034
                    ],
                    [
                        0.17745833098888397
                    ],
                    [
                        0.1771250069141388
                    ],
                    [
                        0.17679166793823242
                    ],
                    [
                        0.17645832896232605
                    ],
                    [
                        0.17604166269302368
                    ],
                    [
                        0.1756249964237213
                    ],
                    [
                        0.17520833015441895
                    ],
                    [
                        0.17487500607967377
                    ],
                    [
                        0.1744583398103714
                    ],
                    [
                        0.17404167354106903
                    ],
                    [
                        0.17362500727176666
                    ],
                    [
                        0.1732083261013031
                    ],
                    [
                        0.17283333837985992
                    ],
                    [
                        0.17245833575725555
                    ],
                    [
                        0.17208333313465118
                    ],
                    [
                        0.17170833051204681
                    ]
                ]
            ],
            "timesteps": [
                [
                    920,
                    921,
                    922,
                    923,
                    924,
                    925,
                    926,
                    927,
                    928,
                    929,
                    930,
                    931,
                    932,
                    933,
                    934,
                    935,
                    936,
                    937,
                    938,
                    939
                ]
            ],
            "labels": [
                [
                    0,
                    0,
                    0,
                    0,
                    1,
                    1,
                    0,
                    0,
                    0,
                    0,
                    0,
                    0,
                    0,
                    0,
                    1,
                    0,
                    0,
                    0,
                    0,
                    0
                ]
            ],
            "CPU Usage": 4.0,
            "RAM Usage": 17.4,
            "GPU Usage": 42.0,
            "VRAM Usage": 15400.0,
            "Disk Read Speed (MB/s)": 75057177.68652344,
            "Disk Write Speed (MB/s)": 506878092.45410156
        },
        {
            "step": 1,
            "train_loss": 0.009690935723483562,
            "actions_pred1": [
                [
                    [
                        1.3878906965255737,
                        0.21666134893894196,
                        -1.679124355316162
                    ],
                    [
                        1.7014365196228027,
                        0.0863254964351654,
                        -1.7879998683929443
                    ],
                    [
                        1.4640510082244873,
                        0.14811347424983978,
                        -1.8348321914672852
                    ],
                    [
                        1.753645658493042,
                        0.14119985699653625,
                        -1.566084384918213
                    ],
                    [
                        1.6975690126419067,
                        0.2914849519729614,
                        -1.749704360961914
                    ],
                    [
                        2.1076738834381104,
                        0.13191241025924683,
                        -1.6930274963378906
                    ],
                    [
                        1.9967480897903442,
                        -0.0016092173755168915,
                        -1.7537853717803955
                    ],
                    [
                        2.013178825378418,
                        0.05580424144864082,
                        -1.5959384441375732
                    ],
                    [
                        2.191727876663208,
                        -0.03166526183485985,
                        -1.7280970811843872
                    ],
                    [
                        2.3432657718658447,
                        0.11347237229347229,
                        -1.573336124420166
                    ],
                    [
                        2.1312050819396973,
                        0.12801390886306763,
                        -1.94245183467865
                    ],
                    [
                        2.5367720127105713,
                        -0.02283162996172905,
                        -1.7004766464233398
                    ],
                    [
                        2.52618408203125,
                        -0.12892436981201172,
                        -1.5743626356124878
                    ],
                    [
                        2.4200005531311035,
                        -0.07771149277687073,
                        -1.797753095626831
                    ],
                    [
                        1.8728705644607544,
                        0.08039306104183197,
                        -1.6268757581710815
                    ],
                    [
                        2.293506622314453,
                        -0.031966280192136765,
                        -1.8671581745147705
                    ],
                    [
                        2.386812448501587,
                        0.06114282086491585,
                        -1.676826000213623
                    ],
                    [
                        2.546752452850342,
                        0.15033157169818878,
                        -1.6442211866378784
                    ],
                    [
                        2.5269205570220947,
                        -0.04925445839762688,
                        -1.6051669120788574
                    ],
                    [
                        2.516580581665039,
                        -0.0747990608215332,
                        -1.6159664392471313
                    ]
                ]
            ],
            "actions_pred": [
                [
                    [
                        1.3878906965255737,
                        1.7014365196228027,
                        1.4640510082244873,
                        1.753645658493042,
                        1.6975690126419067,
                        2.1076738834381104,
                        1.9967480897903442,
                        2.013178825378418,
                        2.191727876663208,
                        2.3432657718658447,
                        2.1312050819396973,
                        2.5367720127105713,
                        2.52618408203125,
                        2.4200005531311035,
                        1.8728705644607544,
                        2.293506622314453,
                        2.386812448501587,
                        2.546752452850342,
                        2.5269205570220947,
                        2.516580581665039
                    ],
                    [
                        0.21666134893894196,
                        0.0863254964351654,
                        0.14811347424983978,
                        0.14119985699653625,
                        0.2914849519729614,
                        0.13191241025924683,
                        -0.0016092173755168915,
                        0.05580424144864082,
                        -0.03166526183485985,
                        0.11347237229347229,
                        0.12801390886306763,
                        -0.02283162996172905,
                        -0.12892436981201172,
                        -0.07771149277687073,
                        0.08039306104183197,
                        -0.031966280192136765,
                        0.06114282086491585,
                        0.15033157169818878,
                        -0.04925445839762688,
                        -0.0747990608215332
                    ],
                    [
                        -1.679124355316162,
                        -1.7879998683929443,
                        -1.8348321914672852,
                        -1.566084384918213,
                        -1.749704360961914,
                        -1.6930274963378906,
                        -1.7537853717803955,
                        -1.5959384441375732,
                        -1.7280970811843872,
                        -1.573336124420166,
                        -1.94245183467865,
                        -1.7004766464233398,
                        -1.5743626356124878,
                        -1.797753095626831,
                        -1.6268757581710815,
                        -1.8671581745147705,
                        -1.676826000213623,
                        -1.6442211866378784,
                        -1.6051669120788574,
                        -1.6159664392471313
                    ]
                ]
            ],
            "states": [
                [
                    [
                        0.0,
                        0.0,
                        410198336.0,
                        190000.0,
                        10665156608.0,
                        0.0,
                        3095929.0,
                        7.0
                    ],
                    [
                        0.0,
                        0.0,
                        410198336.0,
                        190000.0,
                        11075354624.0,
                        0.0,
                        3095993.0,
                        7.0
                    ],
                    [
                        0.0,
                        0.0,
                        410198336.0,
                        190000.0,
                        11485552640.0,
                        0.0,
                        3096057.0,
                        7.0
                    ],
                    [
                        0.0,
                        0.0,
                        410198336.0,
                        190000.0,
                        11895751680.0,
                        0.0,
                        3096121.0,
                        7.0
                    ],
                    [
                        0.0,
                        0.0,
                        410198336.0,
                        190000.0,
                        0.0,
                        0.0,
                        3096173.0,
                        7.0
                    ],
                    [
                        1.0,
                        105000.0,
                        970586.0,
                        60000.0,
                        5413240.0,
                        0.0,
                        2244646.0,
                        0.0
                    ],
                    [
                        1.0,
                        105000.0,
                        970586.0,
                        60000.0,
                        6383826.0,
                        0.0,
                        2246146.0,
                        0.0
                    ],
                    [
                        0.0,
                        0.0,
                        539047360.0,
                        240000.0,
                        8156663808.0,
                        0.0,
                        3117405.0,
                        8.0
                    ],
                    [
                        1.0,
                        105000.0,
                        970586.0,
                        60000.0,
                        7354412.0,
                        0.0,
                        2247646.0,
                        0.0
                    ],
                    [
                        1.0,
                        105000.0,
                        970586.0,
                        60000.0,
                        8324998.0,
                        0.0,
                        2249146.0,
                        0.0
                    ],
                    [
                        1.0,
                        105000.0,
                        970586.0,
                        60000.0,
                        6383826.0,
                        0.0,
                        2246146.0,
                        0.0
                    ],
                    [
                        0.0,
                        0.0,
                        539047360.0,
                        240000.0,
                        8156663808.0,
                        0.0,
                        3117405.0,
                        8.0
                    ],
                    [
                        1.0,
                        105000.0,
                        970586.0,
                        60000.0,
                        7354412.0,
                        0.0,
                        2247646.0,
                        0.0
                    ],
                    [
                        1.0,
                        105000.0,
                        970586.0,
                        60000.0,
                        8324998.0,
                        0.0,
                        2249146.0,
                        0.0
                    ],
                    [
                        0.0,
                        0.0,
                        539047360.0,
                        240000.0,
                        0.0,
                        0.0,
                        3118905.0,
                        8.0
                    ],
                    [
                        0.0,
                        0.0,
                        557837824.0,
                        220000.0,
                        11928000512.0,
                        0.0,
                        3122941.0,
                        9.0
                    ],
                    [
                        0.0,
                        0.0,
                        557837824.0,
                        220000.0,
                        12485837824.0,
                        0.0,
                        3122993.0,
                        9.0
                    ],
                    [
                        0.0,
                        0.0,
                        557837824.0,
                        220000.0,
                        13043676160.0,
                        0.0,
                        3123045.0,
                        9.0
                    ],
                    [
                        0.0,
                        0.0,
                        557837824.0,
                        230000.0,
                        13601513472.0,
                        0.0,
                        3123097.0,
                        9.0
                    ],
                    [
                        0.0,
                        0.0,
                        557837824.0,
                        230000.0,
                        14159351808.0,
                        0.0,
                        3123149.0,
                        9.0
                    ]
                ]
            ],
            "actions": [
                [
                    [
                        0.3333333432674408
                    ],
                    [
                        0.3333333432674408
                    ],
                    [
                        0.3333333432674408
                    ],
                    [
                        0.3333333432674408
                    ],
                    [
                        0.6666666865348816
                    ],
                    [
                        0.3333333432674408
                    ],
                    [
                        0.3333333432674408
                    ],
                    [
                        0.3333333432674408
                    ],
                    [
                        0.3333333432674408
                    ],
                    [
                        0.3333333432674408
                    ],
                    [
                        0.3333333432674408
                    ],
                    [
                        0.3333333432674408
                    ],
                    [
                        0.3333333432674408
                    ],
                    [
                        0.3333333432674408
                    ],
                    [
                        0.6666666865348816
                    ],
                    [
                        0.3333333432674408
                    ],
                    [
                        0.3333333432674408
                    ],
                    [
                        0.3333333432674408
                    ],
                    [
                        0.3333333432674408
                    ],
                    [
                        0.3333333432674408
                    ]
                ]
            ],
            "returns": [
                [
                    [
                        0.5864583253860474
                    ],
                    [
                        0.5856666564941406
                    ],
                    [
                        0.5848749876022339
                    ],
                    [
                        0.5840833187103271
                    ],
                    [
                        0.5832916498184204
                    ],
                    [
                        0.5824999809265137
                    ],
                    [
                        0.5822499990463257
                    ],
                    [
                        0.5820000171661377
                    ],
                    [
                        0.5809999704360962
                    ],
                    [
                        0.5807499885559082
                    ],
                    [
                        0.5805000066757202
                    ],
                    [
                        0.5802500247955322
                    ],
                    [
                        0.5792499780654907
                    ],
                    [
                        0.5789999961853027
                    ],
                    [
                        0.5787500143051147
                    ],
                    [
                        0.577750027179718
                    ],
                    [
                        0.5768333077430725
                    ],
                    [
                        0.5759166479110718
                    ],
                    [
                        0.574999988079071
                    ],
                    [
                        0.5740416646003723
                    ]
                ]
            ],
            "timesteps": [
                [
                    80,
                    81,
                    82,
                    83,
                    84,
                    85,
                    86,
                    87,
                    88,
                    89,
                    90,
                    91,
                    92,
                    93,
                    94,
                    95,
                    96,
                    97,
                    98,
                    99
                ]
            ],
            "labels": [
                [
                    0,
                    0,
                    0,
                    0,
                    1,
                    0,
                    0,
                    0,
                    0,
                    0,
                    0,
                    0,
                    0,
                    0,
                    1,
                    0,
                    0,
                    0,
                    0,
                    0
                ]
            ],
            "CPU Usage": 3.6,
            "RAM Usage": 17.4,
            "GPU Usage": 49.0,
            "VRAM Usage": 15400.0,
            "Disk Read Speed (MB/s)": 75057177.68652344,
            "Disk Write Speed (MB/s)": 506878092.45410156
        },
        {
            "step": 2,
            "train_loss": 0.010305608622729778,
            "actions_pred1": [
                [
                    [
                        1.254003643989563,
                        0.43663716316223145,
                        -1.3454688787460327
                    ],
                    [
                        1.4593064785003662,
                        0.22649964690208435,
                        -1.0607627630233765
                    ],
                    [
                        1.6139092445373535,
                        0.13251511752605438,
                        -1.5843898057937622
                    ],
                    [
                        2.100461006164551,
                        0.20830005407333374,
                        -1.60169517993927
                    ],
                    [
                        2.134495973587036,
                        0.6477305889129639,
                        -1.324526309967041
                    ],
                    [
                        2.1235713958740234,
                        0.1291314959526062,
                        -1.7027870416641235
                    ],
                    [
                        2.1066651344299316,
                        0.19255568087100983,
                        -1.7332723140716553
                    ],
                    [
                        2.1293370723724365,
                        0.22642745077610016,
                        -1.9819014072418213
                    ],
                    [
                        2.471963405609131,
                        0.37138402462005615,
                        -1.7391859292984009
                    ],
                    [
                        2.3972156047821045,
                        -0.019476410001516342,
                        -2.052031993865967
                    ],
                    [
                        2.476231336593628,
                        0.10568684339523315,
                        -1.9285922050476074
                    ],
                    [
                        2.584853410720825,
                        0.06691747903823853,
                        -2.073530435562134
                    ],
                    [
                        2.3963513374328613,
                        0.17846457660198212,
                        -1.9268755912780762
                    ],
                    [
                        2.77311372756958,
                        0.2526312470436096,
                        -1.8147944211959839
                    ],
                    [
                        2.2472968101501465,
                        0.10063320398330688,
                        -1.790952444076538
                    ],
                    [
                        2.7906200885772705,
                        0.16225986182689667,
                        -1.751144289970398
                    ],
                    [
                        2.7220661640167236,
                        -0.08499543368816376,
                        -1.9668248891830444
                    ],
                    [
                        2.683258533477783,
                        0.1482747346162796,
                        -2.288592576980591
                    ],
                    [
                        2.6655478477478027,
                        0.24058477580547333,
                        -2.010956048965454
                    ],
                    [
                        2.715127944946289,
                        0.1431635618209839,
                        -1.8417255878448486
                    ]
                ]
            ],
            "actions_pred": [
                [
                    [
                        1.254003643989563,
                        1.4593064785003662,
                        1.6139092445373535,
                        2.100461006164551,
                        2.134495973587036,
                        2.1235713958740234,
                        2.1066651344299316,
                        2.1293370723724365,
                        2.471963405609131,
                        2.3972156047821045,
                        2.476231336593628,
                        2.584853410720825,
                        2.3963513374328613,
                        2.77311372756958,
                        2.2472968101501465,
                        2.7906200885772705,
