{
    "steps": [
        {
            "step": 0,
            "train_loss": 0.01747962087392807,
            "actions_pred1": [
                [
                    [
                        1.0872751474380493,
                        -0.04981214553117752,
                        -0.7659010887145996
                    ],
                    [
                        1.0552610158920288,
                        -0.00928822997957468,
                        -0.5439808964729309
                    ],
                    [
                        1.1483229398727417,
                        0.11373727768659592,
                        -0.5373073220252991
                    ],
                    [
                        1.122963309288025,
                        0.12559370696544647,
                        -0.9661681056022644
                    ],
                    [
                        1.0794956684112549,
                        0.03318800777196884,
                        -0.5631577372550964
                    ],
                    [
                        1.3930870294570923,
                        -0.027678586542606354,
                        -0.6914963126182556
                    ],
                    [
                        1.362789511680603,
                        -0.07421518117189407,
                        -0.8005186915397644
                    ],
                    [
                        1.288028597831726,
                        -0.17850364744663239,
                        -0.5007796287536621
                    ],
                    [
                        1.2232447862625122,
                        -0.1506960242986679,
                        -0.6191644072532654
                    ],
                    [
                        1.2685630321502686,
                        -0.13317479193210602,
                        -0.4022153615951538
                    ],
                    [
                        1.2414650917053223,
                        -0.03995431214570999,
                        -0.6717287302017212
                    ],
                    [
                        1.3821815252304077,
                        -0.2291470319032669,
                        -0.4776807129383087
                    ],
                    [
                        1.4453933238983154,
                        -0.21076257526874542,
                        -0.38414546847343445
                    ],
                    [
                        1.640553593635559,
                        -0.011565455235540867,
                        -0.5101854205131531
                    ],
                    [
                        1.6228224039077759,
                        -0.18414421379566193,
                        -0.6064803004264832
                    ],
                    [
                        1.5766428709030151,
                        -0.26955926418304443,
                        -0.5408269762992859
                    ],
                    [
                        1.5442255735397339,
                        -0.2440342754125595,
                        -0.5693214535713196
                    ],
                    [
                        1.664689540863037,
                        -0.10811246186494827,
                        -0.6415954232215881
                    ],
                    [
                        1.403545618057251,
                        -0.3095923662185669,
                        -0.5752261877059937
                    ],
                    [
                        1.6084246635437012,
                        -0.30989283323287964,
                        -0.31439387798309326
                    ]
                ]
            ],
            "actions_pred": [
                [
                    [
                        1.0872751474380493,
                        1.0552610158920288,
                        1.1483229398727417,
                        1.122963309288025,
                        1.0794956684112549,
                        1.3930870294570923,
                        1.362789511680603,
                        1.288028597831726,
                        1.2232447862625122,
                        1.2685630321502686,
                        1.2414650917053223,
                        1.3821815252304077,
                        1.4453933238983154,
                        1.640553593635559,
                        1.6228224039077759,
                        1.5766428709030151,
                        1.5442255735397339,
                        1.664689540863037,
                        1.403545618057251,
                        1.6084246635437012
                    ],
                    [
                        -0.04981214553117752,
                        -0.00928822997957468,
                        0.11373727768659592,
                        0.12559370696544647,
                        0.03318800777196884,
                        -0.027678586542606354,
                        -0.07421518117189407,
                        -0.17850364744663239,
                        -0.1506960242986679,
                        -0.13317479193210602,
                        -0.03995431214570999,
                        -0.2291470319032669,
                        -0.21076257526874542,
                        -0.011565455235540867,
                        -0.18414421379566193,
                        -0.26955926418304443,
                        -0.2440342754125595,
                        -0.10811246186494827,
                        -0.3095923662185669,
                        -0.30989283323287964
                    ],
                    [
                        -0.7659010887145996,
                        -0.5439808964729309,
                        -0.5373073220252991,
                        -0.9661681056022644,
                        -0.5631577372550964,
                        -0.6914963126182556,
                        -0.8005186915397644,
                        -0.5007796287536621,
                        -0.6191644072532654,
                        -0.4022153615951538,
                        -0.6717287302017212,
                        -0.4776807129383087,
                        -0.38414546847343445,
                        -0.5101854205131531,
                        -0.6064803004264832,
                        -0.5408269762992859,
                        -0.5693214535713196,
                        -0.6415954232215881,
                        -0.5752261877059937,
                        -0.31439387798309326
                    ]
                ]
            ],
            "states": [
                [
                    [
                        1.0,
                        0.0,
                        3228302.0,
                        80000.0,
                        54889640.0,
                        0.0,
                        6126646.0,
                        0.0
                    ],
                    [
                        0.0,
                        0.0,
                        508653056.0,
                        130000.0,
                        14240621568.0,
                        0.0,
                        6650849.0,
                        77.0
                    ],
                    [
                        1.0,
                        0.0,
                        3228302.0,
                        80000.0,
                        58117940.0,
                        0.0,
                        6128146.0,
                        0.0
                    ],
                    [
                        0.0,
                        0.0,
                        508653056.0,
                        130000.0,
                        14749275136.0,
                        0.0,
                        6650901.0,
                        77.0
                    ],
                    [
                        0.0,
                        0.0,
                        508653056.0,
                        130000.0,
                        0.0,
                        0.0,
                        6650981.0,
                        77.0
                    ],
                    [
                        0.0,
                        0.0,
                        508653056.0,
                        130000.0,
                        508653056.0,
                        0.0,
                        6651061.0,
                        78.0
                    ],
                    [
                        0.0,
                        0.0,
                        508653056.0,
                        130000.0,
                        1017306112.0,
                        0.0,
                        6651141.0,
                        78.0
                    ],
                    [
                        0.0,
                        0.0,
                        508653056.0,
                        130000.0,
                        1525959168.0,
                        0.0,
                        6651193.0,
                        78.0
                    ],
                    [
                        0.0,
                        0.0,
                        508653056.0,
                        130000.0,
                        2034612224.0,
                        0.0,
                        6651245.0,
                        78.0
                    ],
                    [
                        0.0,
                        0.0,
                        508653056.0,
                        130000.0,
                        2543265280.0,
                        0.0,
                        6651297.0,
                        78.0
                    ],
                    [
                        0.0,
                        0.0,
                        508653056.0,
                        130000.0,
                        1017306112.0,
                        0.0,
                        6651141.0,
                        78.0
                    ],
                    [
                        0.0,
                        0.0,
                        508653056.0,
                        130000.0,
                        1525959168.0,
                        0.0,
                        6651193.0,
                        78.0
                    ],
                    [
                        0.0,
                        0.0,
                        508653056.0,
                        130000.0,
                        2034612224.0,
                        0.0,
                        6651245.0,
                        78.0
                    ],
                    [
                        0.0,
                        0.0,
                        508653056.0,
                        130000.0,
                        2543265280.0,
                        0.0,
                        6651297.0,
                        78.0
                    ],
                    [
                        0.0,
                        0.0,
                        508653056.0,
                        130000.0,
                        0.0,
                        0.0,
                        6651369.0,
                        78.0
                    ],
                    [
                        0.0,
                        0.0,
                        508653056.0,
                        130000.0,
                        0.0,
                        0.0,
                        6651369.0,
                        78.0
                    ],
                    [
                        0.0,
                        0.0,
                        508653056.0,
                        140000.0,
                        508653056.0,
                        0.0,
                        6651421.0,
                        79.0
                    ],
                    [
                        0.0,
                        0.0,
                        551602688.0,
                        140000.0,
                        1060255744.0,
                        0.0,
                        6651473.0,
                        79.0
                    ],
                    [
                        0.0,
                        0.0,
                        551602688.0,
                        140000.0,
                        1611858432.0,
                        0.0,
                        6651525.0,
                        79.0
                    ],
                    [
                        0.0,
                        0.0,
                        551602688.0,
                        140000.0,
                        2163461120.0,
                        0.0,
                        6651577.0,
                        79.0
                    ]
                ]
            ],
            "actions": [
                [
                    [
                        0.3333333432674408
                    ],
                    [
                        0.3333333432674408
                    ],
                    [
                        0.3333333432674408
                    ],
                    [
                        0.3333333432674408
                    ],
                    [
                        0.6666666865348816
                    ],
                    [
                        0.3333333432674408
                    ],
                    [
                        0.3333333432674408
                    ],
                    [
                        0.3333333432674408
                    ],
                    [
                        0.3333333432674408
                    ],
                    [
                        0.3333333432674408
                    ],
                    [
                        0.3333333432674408
                    ],
                    [
                        0.3333333432674408
                    ],
                    [
                        0.3333333432674408
                    ],
                    [
                        0.3333333432674408
                    ],
                    [
                        0.6666666865348816
                    ],
                    [
                        0.6666666865348816
                    ],
                    [
                        0.3333333432674408
                    ],
                    [
                        0.3333333432674408
                    ],
                    [
                        0.3333333432674408
                    ],
                    [
                        0.3333333432674408
                    ]
                ]
            ],
            "returns": [
                [
                    [
                        0.22637499868869781
                    ],
                    [
                        0.22604165971279144
                    ],
                    [
                        0.22550000250339508
                    ],
                    [
                        0.2251666635274887
                    ],
                    [
                        0.22462500631809235
                    ],
                    [
                        0.2240833342075348
                    ],
                    [
                        0.22354166209697723
                    ],
                    [
                        0.22300000488758087
                    ],
                    [
                        0.22245833277702332
                    ],
                    [
                        0.22191666066646576
                    ],
                    [
                        0.2213750034570694
                    ],
                    [
                        0.22083333134651184
                    ],
                    [
                        0.22029165923595428
                    ],
                    [
                        0.21975000202655792
                    ],
                    [
                        0.21920832991600037
                    ],
                    [
                        0.218666672706604
                    ],
                    [
                        0.21812500059604645
                    ],
                    [
                        0.2175416648387909
                    ],
                    [
                        0.21695832908153534
                    ],
                    [
                        0.21637499332427979
                    ]
                ]
            ],
            "timesteps": [
                [
                    780,
                    781,
                    782,
                    783,
                    784,
                    785,
                    786,
                    787,
                    788,
                    789,
                    790,
                    791,
                    792,
                    793,
                    794,
                    795,
                    796,
                    797,
                    798,
                    799
                ]
            ],
            "labels": [
                [
                    0,
                    0,
                    0,
                    0,
                    1,
                    0,
                    0,
                    0,
                    0,
                    0,
                    0,
                    0,
                    0,
                    0,
                    1,
                    1,
                    0,
                    0,
                    0,
                    0
                ]
            ],
            "CPU Usage": 5.1,
            "RAM Usage": 17.4,
            "GPU Usage": 33.0,
            "VRAM Usage": 15400.0,
            "Disk Read Speed (MB/s)": 75057177.68652344,
            "Disk Write Speed (MB/s)": 506878031.5283203
        },
        {
            "step": 1,
            "train_loss": 0.01571383699774742,
            "actions_pred1": [
                [
                    [
                        0.7495512366294861,
                        -0.060380108654499054,
                        -0.7848389744758606
                    ],
                    [
                        0.9368167519569397,
                        -0.10416937619447708,
                        -0.5441046357154846
                    ],
                    [
                        1.3809698820114136,
                        -0.592226505279541,
                        -0.7432424426078796
                    ],
                    [
                        1.307275652885437,
                        -0.2898022532463074,
                        -0.6262954473495483
                    ],
                    [
                        1.3328667879104614,
                        -0.02169785648584366,
                        -0.6634639501571655
                    ],
                    [
                        1.5819114446640015,
                        -0.22983796894550323,
                        -0.38257938623428345
                    ],
                    [
                        1.8259904384613037,
                        -0.308442085981369,
                        -0.5767946839332581
                    ],
                    [
                        1.5310689210891724,
                        -0.23681320250034332,
                        -0.6792095303535461
                    ],
                    [
                        1.4635311365127563,
                        -0.2430906444787979,
                        -0.5675504803657532
                    ],
                    [
                        1.5412379503250122,
                        -0.34256646037101746,
                        -0.5481170415878296
                    ],
                    [
                        1.501587986946106,
                        -0.2515697777271271,
                        -0.5824980139732361
                    ],
                    [
                        1.8016417026519775,
                        -0.12457100301980972,
                        -0.3265528976917267
                    ],
                    [
                        1.7895580530166626,
                        -0.27172377705574036,
                        -0.4863630533218384
                    ],
                    [
                        2.0668933391571045,
                        -0.3880705237388611,
                        -0.3869170844554901
                    ],
                    [
                        1.548361897468567,
                        -0.08157635480165482,
                        -0.4676847457885742
                    ],
                    [
                        1.5432287454605103,
                        -0.3264826238155365,
                        -0.5026355385780334
                    ],
                    [
                        1.7142623662948608,
                        -0.5387558937072754,
                        -0.49987292289733887
                    ],
                    [
                        1.838278889656067,
                        -0.24046118557453156,
                        -0.5015324354171753
                    ],
                    [
                        1.815568208694458,
                        -0.11240292340517044,
                        -0.7652338147163391
                    ],
                    [
                        1.6279178857803345,
                        -0.23828960955142975,
                        -0.6469985246658325
                    ]
                ]
            ],
            "actions_pred": [
                [
                    [
                        0.7495512366294861,
                        0.9368167519569397,
                        1.3809698820114136,
                        1.307275652885437,
                        1.3328667879104614,
                        1.5819114446640015,
                        1.8259904384613037,
                        1.5310689210891724,
                        1.4635311365127563,
                        1.5412379503250122,
                        1.501587986946106,
                        1.8016417026519775,
                        1.7895580530166626,
                        2.0668933391571045,
                        1.548361897468567,
                        1.5432287454605103,
                        1.7142623662948608,
                        1.838278889656067,
                        1.815568208694458,
                        1.6279178857803345
                    ],
                    [
                        -0.060380108654499054,
                        -0.10416937619447708,
                        -0.592226505279541,
                        -0.2898022532463074,
                        -0.02169785648584366,
                        -0.22983796894550323,
                        -0.308442085981369,
                        -0.23681320250034332,
                        -0.2430906444787979,
                        -0.34256646037101746,
                        -0.2515697777271271,
                        -0.12457100301980972,
                        -0.27172377705574036,
                        -0.3880705237388611,
                        -0.08157635480165482,
                        -0.3264826238155365,
                        -0.5387558937072754,
                        -0.24046118557453156,
                        -0.11240292340517044,
                        -0.23828960955142975
                    ],
                    [
                        -0.7848389744758606,
                        -0.5441046357154846,
                        -0.7432424426078796,
                        -0.6262954473495483,
                        -0.6634639501571655,
                        -0.38257938623428345,
                        -0.5767946839332581,
                        -0.6792095303535461,
                        -0.5675504803657532,
                        -0.5481170415878296,
                        -0.5824980139732361,
                        -0.3265528976917267,
                        -0.4863630533218384,
                        -0.3869170844554901,
                        -0.4676847457885742,
                        -0.5026355385780334,
                        -0.49987292289733887,
                        -0.5015324354171753,
                        -0.7652338147163391,
                        -0.6469985246658325
                    ]
                ]
            ],
            "states": [
                [
                    [
                        0.0,
                        0.0,
                        402621024.0,
                        80000.0,
                        11222385664.0,
                        0.0,
                        6868965.0,
                        91.0
                    ],
                    [
                        0.0,
                        0.0,
                        402621024.0,
                        80000.0,
                        11625007104.0,
                        0.0,
                        6869045.0,
                        91.0
                    ],
                    [
                        1.0,
                        0.0,
                        11593972.0,
                        80000.0,
                        309841664.0,
                        0.0,
                        6444646.0,
                        0.0
                    ],
                    [
                        1.0,
                        0.0,
                        11593972.0,
                        80000.0,
                        321435648.0,
                        0.0,
                        6446146.0,
                        0.0
                    ],
                    [
                        0.0,
                        0.0,
                        402621024.0,
                        80000.0,
                        0.0,
                        0.0,
                        6870545.0,
                        91.0
                    ],
                    [
                        0.0,
                        0.0,
                        402621024.0,
                        80000.0,
                        0.0,
                        0.0,
                        6870545.0,
                        91.0
                    ],
                    [
                        0.0,
                        0.0,
                        402621024.0,
                        80000.0,
                        402621024.0,
                        0.0,
                        6870597.0,
                        92.0
                    ],
                    [
                        0.0,
                        0.0,
                        402621024.0,
                        100000.0,
                        805242048.0,
                        0.0,
                        6870649.0,
                        92.0
                    ],
                    [
                        0.0,
                        0.0,
                        402621024.0,
                        100000.0,
                        1207863040.0,
                        0.0,
                        6872149.0,
                        92.0
                    ],
                    [
                        0.0,
                        0.0,
                        402621024.0,
                        100000.0,
                        1610484096.0,
                        0.0,
                        6873649.0,
                        92.0
                    ],
                    [
                        0.0,
                        0.0,
                        402621024.0,
                        80000.0,
                        402621024.0,
                        0.0,
                        6870597.0,
                        92.0
                    ],
                    [
                        0.0,
                        0.0,
                        402621024.0,
                        100000.0,
                        805242048.0,
                        0.0,
                        6870649.0,
                        92.0
                    ],
                    [
                        0.0,
                        0.0,
                        402621024.0,
                        100000.0,
                        1207863040.0,
                        0.0,
                        6872149.0,
                        92.0
                    ],
                    [
                        0.0,
                        0.0,
                        402621024.0,
                        100000.0,
                        1610484096.0,
                        0.0,
                        6873649.0,
                        92.0
                    ],
                    [
                        0.0,
                        0.0,
                        402621024.0,
                        100000.0,
                        0.0,
                        0.0,
                        6873701.0,
                        92.0
                    ],
                    [
                        0.0,
                        0.0,
                        449597248.0,
                        90000.0,
                        12930946048.0,
                        0.0,
                        6898405.0,
                        93.0
                    ],
                    [
                        0.0,
                        0.0,
                        449597248.0,
                        90000.0,
                        13380542464.0,
                        0.0,
                        6899905.0,
                        93.0
                    ],
                    [
                        0.0,
                        0.0,
                        449597248.0,
                        90000.0,
                        13830139904.0,
                        0.0,
                        6899957.0,
                        93.0
                    ],
                    [
                        0.0,
                        0.0,
                        449597248.0,
                        90000.0,
                        14279737344.0,
                        0.0,
                        6900009.0,
                        93.0
                    ],
                    [
                        0.0,
                        0.0,
                        449597248.0,
                        90000.0,
                        14729334784.0,
                        0.0,
                        6900061.0,
                        93.0
                    ]
                ]
            ],
            "actions": [
                [
                    [
                        0.3333333432674408
                    ],
                    [
                        0.3333333432674408
                    ],
                    [
                        0.3333333432674408
                    ],
                    [
                        0.3333333432674408
                    ],
                    [
                        0.6666666865348816
                    ],
                    [
                        0.6666666865348816
                    ],
                    [
                        0.3333333432674408
                    ],
                    [
                        0.3333333432674408
                    ],
                    [
                        0.3333333432674408
                    ],
                    [
                        0.3333333432674408
                    ],
                    [
                        0.3333333432674408
                    ],
                    [
                        0.3333333432674408
                    ],
                    [
                        0.3333333432674408
                    ],
                    [
                        0.3333333432674408
                    ],
                    [
                        0.6666666865348816
                    ],
                    [
                        0.3333333432674408
                    ],
                    [
                        0.3333333432674408
                    ],
                    [
                        0.3333333432674408
                    ],
                    [
                        0.3333333432674408
                    ],
                    [
                        0.3333333432674408
                    ]
                ]
            ],
            "returns": [
                [
                    [
                        0.17879167199134827
                    ],
                    [
                        0.1784583330154419
                    ],
                    [
                        0.17812499403953552
                    ],
                    [
                        0.17779166996479034
                    ],
                    [
                        0.17745833098888397
                    ],
                    [
                        0.1771250069141388
                    ],
                    [
                        0.17679166793823242
                    ],
                    [
                        0.17645832896232605
                    ],
                    [
                        0.17604166269302368
                    ],
                    [
                        0.1756249964237213
                    ],
                    [
                        0.17520833015441895
                    ],
                    [
                        0.17487500607967377
                    ],
                    [
                        0.1744583398103714
                    ],
                    [
                        0.17404167354106903
                    ],
                    [
                        0.17362500727176666
                    ],
                    [
                        0.1732083261013031
                    ],
                    [
                        0.17283333837985992
                    ],
                    [
                        0.17245833575725555
                    ],
                    [
                        0.17208333313465118
                    ],
                    [
                        0.17170833051204681
                    ]
                ]
            ],
            "timesteps": [
                [
                    920,
                    921,
                    922,
                    923,
                    924,
                    925,
                    926,
                    927,
                    928,
                    929,
                    930,
                    931,
                    932,
                    933,
                    934,
                    935,
                    936,
                    937,
                    938,
                    939
                ]
            ],
            "labels": [
                [
                    0,
                    0,
                    0,
                    0,
                    1,
                    1,
                    0,
                    0,
                    0,
                    0,
                    0,
                    0,
                    0,
                    0,
                    1,
                    0,
                    0,
                    0,
                    0,
                    0
                ]
            ],
            "CPU Usage": 4.6,
            "RAM Usage": 17.4,
            "GPU Usage": 34.0,
            "VRAM Usage": 15400.0,
            "Disk Read Speed (MB/s)": 75057177.68652344,
            "Disk Write Speed (MB/s)": 506878031.5283203
        },
        {
            "step": 2,
            "train_loss": 0.016069266945123672,
            "actions_pred1": [
                [
                    [
                        0.6954067945480347,
                        0.47037166357040405,
                        -0.6105332970619202
                    ],
                    [
                        0.6339304447174072,
                        0.06387590616941452,
                        -0.2326475977897644
                    ],
                    [
                        1.1829489469528198,
                        0.04723595827817917,
                        -0.4280858635902405
                    ],
                    [
                        1.1236430406570435,
                        0.07301279157400131,
                        -0.3622695505619049
                    ],
                    [
                        1.3846721649169922,
                        0.06212436407804489,
                        -0.6768009662628174
                    ],
                    [
                        1.3793184757232666,
                        -0.21479131281375885,
                        -0.7916648983955383
                    ],
                    [
                        1.3530137538909912,
                        0.00396945234388113,
                        -0.8836759328842163
                    ],
                    [
                        1.843492865562439,
                        -0.08274153620004654,
                        -0.46311652660369873
                    ],
                    [
                        1.5317718982696533,
                        -0.10396555811166763,
                        -0.7064056396484375
                    ],
                    [
                        1.5889990329742432,
                        -0.06734964996576309,
                        -0.8378461003303528
                    ],
                    [
                        1.3943904638290405,
                        -0.0005860114470124245,
                        -0.738397479057312
                    ],
                    [
                        1.240240216255188,
                        0.1589469313621521,
                        -0.7958163022994995
                    ],
                    [
                        1.3474304676055908,
                        -0.12368182092905045,
                        -0.6538708806037903
                    ],
                    [
                        1.1077253818511963,
                        0.23886127769947052,
                        -0.6641812324523926
                    ],
                    [
                        1.2794239521026611,
                        -0.03322184830904007,
                        -0.8142896294593811
                    ],
                    [
                        1.035805583000183,
                        0.11197393387556076,
                        -0.7922001481056213
                    ],
                    [
                        1.247989296913147,
                        -0.21569682657718658,
                        -0.5621821880340576
                    ],
                    [
                        1.2143707275390625,
                        -0.20767240226268768,
                        -0.5776422619819641
                    ],
                    [
                        0.998894214630127,
                        -0.05886686593294144,
                        -0.7644709944725037
                    ],
                    [
                        1.313585638999939,
                        0.03951939195394516,
                        -0.4328003525733948
                    ]
                ]
            ],
            "actions_pred": [
                [
                    [
                        0.6954067945480347,
                        0.6339304447174072,
                        1.1829489469528198,
                        1.1236430406570435,
                        1.3846721649169922,
                        1.3793184757232666,
                        1.3530137538909912,
                        1.843492865562439,
                        1.5317718982696533,
                        1.5889990329742432,
                        1.3943904638290405,
                        1.240240216255188,
