{
    "steps": [
        {
            "step": 0,
            "train_loss": 0.019003773108124733,
            "actions_pred1": [
                [
                    [
                        0.7730389833450317,
                        0.14327788352966309,
                        -0.1908985674381256
                    ],
                    [
                        0.7674645185470581,
                        0.1126052662730217,
                        -0.46772247552871704
                    ],
                    [
                        0.6540440320968628,
                        -0.04307257756590843,
                        -0.18197211623191833
                    ],
                    [
                        0.8809449672698975,
                        0.013572161085903645,
                        -0.16696640849113464
                    ],
                    [
                        1.0474897623062134,
                        -0.08247818797826767,
                        -0.24386408925056458
                    ],
                    [
                        0.934631884098053,
                        -0.06047755107283592,
                        -0.3672895133495331
                    ],
                    [
                        0.8287183046340942,
                        -0.15226730704307556,
                        -0.4488806128501892
                    ],
                    [
                        0.6490227580070496,
                        -0.07678776234388351,
                        -0.33611446619033813
                    ],
                    [
                        0.9783790707588196,
                        -0.13094773888587952,
                        -0.24133366346359253
                    ],
                    [
                        1.0916616916656494,
                        -0.20909076929092407,
                        -0.17968982458114624
                    ],
                    [
                        1.2848988771438599,
                        -0.15054628252983093,
                        -0.20739403367042542
                    ],
                    [
                        1.2085877656936646,
                        -0.023739095777273178,
                        -0.14738452434539795
                    ],
                    [
                        1.205724835395813,
                        0.010233049280941486,
                        -0.08380217850208282
                    ],
                    [
                        1.242911458015442,
                        -0.1785229742527008,
                        -0.1676437109708786
                    ],
                    [
                        1.2566958665847778,
                        -0.2291470468044281,
                        -0.16219227015972137
                    ],
                    [
                        1.5762265920639038,
                        -0.18476098775863647,
                        -0.1772369146347046
                    ],
                    [
                        1.332879662513733,
                        -0.007121230475604534,
                        -0.19494152069091797
                    ],
                    [
                        1.351140022277832,
                        -0.19460594654083252,
                        -0.25013336539268494
                    ],
                    [
                        1.1372886896133423,
                        -0.14343515038490295,
                        -0.22700053453445435
                    ],
                    [
                        0.880298376083374,
                        -0.1692374050617218,
                        -0.09837096184492111
                    ]
                ]
            ],
            "actions_pred": [
                [
                    [
                        0.7730389833450317,
                        0.7674645185470581,
                        0.6540440320968628,
                        0.8809449672698975,
                        1.0474897623062134,
                        0.934631884098053,
                        0.8287183046340942,
                        0.6490227580070496,
                        0.9783790707588196,
                        1.0916616916656494,
                        1.2848988771438599,
                        1.2085877656936646,
                        1.205724835395813,
                        1.242911458015442,
                        1.2566958665847778,
                        1.5762265920639038,
                        1.332879662513733,
                        1.351140022277832,
                        1.1372886896133423,
                        0.880298376083374
                    ],
                    [
                        0.14327788352966309,
                        0.1126052662730217,
                        -0.04307257756590843,
                        0.013572161085903645,
                        -0.08247818797826767,
                        -0.06047755107283592,
                        -0.15226730704307556,
                        -0.07678776234388351,
                        -0.13094773888587952,
                        -0.20909076929092407,
                        -0.15054628252983093,
                        -0.023739095777273178,
                        0.010233049280941486,
                        -0.1785229742527008,
                        -0.2291470468044281,
                        -0.18476098775863647,
                        -0.007121230475604534,
                        -0.19460594654083252,
                        -0.14343515038490295,
                        -0.1692374050617218
                    ],
                    [
                        -0.1908985674381256,
                        -0.46772247552871704,
                        -0.18197211623191833,
                        -0.16696640849113464,
                        -0.24386408925056458,
                        -0.3672895133495331,
                        -0.4488806128501892,
                        -0.33611446619033813,
                        -0.24133366346359253,
                        -0.17968982458114624,
                        -0.20739403367042542,
                        -0.14738452434539795,
                        -0.08380217850208282,
                        -0.1676437109708786,
                        -0.16219227015972137,
                        -0.1772369146347046,
                        -0.19494152069091797,
                        -0.25013336539268494,
                        -0.22700053453445435,
                        -0.09837096184492111
                    ]
                ]
            ],
            "states": [
                [
                    [
                        1.0,
                        150000.0,
                        0.0,
                        70000.0,
                        0.0,
                        0.0,
                        10479646.0,
                        0.0
                    ],
                    [
                        1.0,
                        150000.0,
                        0.0,
                        70000.0,
                        0.0,
                        0.0,
                        10481146.0,
                        0.0
                    ],
                    [
                        1.0,
                        150000.0,
                        0.0,
                        70000.0,
                        0.0,
                        0.0,
                        10482646.0,
                        0.0
                    ],
                    [
                        1.0,
                        150000.0,
                        0.0,
                        70000.0,
                        0.0,
                        0.0,
                        10484146.0,
                        0.0
                    ],
                    [
                        0.0,
                        0.0,
                        330036000.0,
                        110000.0,
                        0.0,
                        0.0,
                        9294209.0,
                        112.0
                    ],
                    [
                        0.0,
                        0.0,
                        215299520.0,
                        160000.0,
                        13246955520.0,
                        0.0,
                        9932133.0,
                        113.0
                    ],
                    [
                        0.0,
                        0.0,
                        215299520.0,
                        160000.0,
                        13462255616.0,
                        0.0,
                        9933633.0,
                        113.0
                    ],
                    [
                        0.0,
                        0.0,
                        215299520.0,
                        160000.0,
                        13677554688.0,
                        0.0,
                        9935133.0,
                        113.0
                    ],
                    [
                        0.0,
                        0.0,
                        215299520.0,
                        160000.0,
                        13892854784.0,
                        0.0,
                        9936633.0,
                        113.0
                    ],
                    [
                        0.0,
                        0.0,
                        215299520.0,
                        160000.0,
                        14108153856.0,
                        0.0,
                        9938133.0,
                        113.0
                    ],
                    [
                        0.0,
                        0.0,
                        215299520.0,
                        160000.0,
                        13462255616.0,
                        0.0,
                        9933633.0,
                        113.0
                    ],
                    [
                        0.0,
                        0.0,
                        215299520.0,
                        160000.0,
                        13677554688.0,
                        0.0,
                        9935133.0,
                        113.0
                    ],
                    [
                        0.0,
                        0.0,
                        215299520.0,
                        160000.0,
                        13892854784.0,
                        0.0,
                        9936633.0,
                        113.0
                    ],
                    [
                        0.0,
                        0.0,
                        215299520.0,
                        160000.0,
                        14108153856.0,
                        0.0,
                        9938133.0,
                        113.0
                    ],
                    [
                        0.0,
                        0.0,
                        215299520.0,
                        160000.0,
                        0.0,
                        0.0,
                        9939633.0,
                        113.0
                    ],
                    [
                        1.0,
                        150000.0,
                        0.0,
                        10000.0,
                        0.0,
                        0.0,
                        10871198.0,
                        0.0
                    ],
                    [
                        1.0,
                        150000.0,
                        0.0,
                        10000.0,
                        0.0,
                        0.0,
                        10872698.0,
                        0.0
                    ],
                    [
                        1.0,
                        150000.0,
                        0.0,
                        10000.0,
                        0.0,
                        0.0,
                        10874198.0,
                        0.0
                    ],
                    [
                        1.0,
                        150000.0,
                        0.0,
                        10000.0,
                        0.0,
                        0.0,
                        10875698.0,
                        0.0
                    ],
                    [
                        1.0,
                        150000.0,
                        0.0,
                        10000.0,
                        0.0,
                        0.0,
                        10877198.0,
                        0.0
                    ]
                ]
            ],
            "actions": [
                [
                    [
                        0.3333333432674408
                    ],
                    [
                        0.3333333432674408
                    ],
                    [
                        0.3333333432674408
                    ],
                    [
                        0.3333333432674408
                    ],
                    [
                        0.6666666865348816
                    ],
                    [
                        0.3333333432674408
                    ],
                    [
                        0.3333333432674408
                    ],
                    [
                        0.3333333432674408
                    ],
                    [
                        0.3333333432674408
                    ],
                    [
                        0.3333333432674408
                    ],
                    [
                        0.3333333432674408
                    ],
                    [
                        0.3333333432674408
                    ],
                    [
                        0.3333333432674408
                    ],
                    [
                        0.3333333432674408
                    ],
                    [
                        0.6666666865348816
                    ],
                    [
                        0.3333333432674408
                    ],
                    [
                        0.3333333432674408
                    ],
                    [
                        0.3333333432674408
                    ],
                    [
                        0.3333333432674408
                    ],
                    [
                        0.3333333432674408
                    ]
                ]
            ],
            "returns": [
                [
                    [
                        0.08120833337306976
                    ],
                    [
                        0.08091666549444199
                    ],
                    [
                        0.08062499761581421
                    ],
                    [
                        0.08033332973718643
                    ],
                    [
                        0.08004166930913925
                    ],
                    [
                        0.07958333194255829
                    ],
                    [
                        0.07891666889190674
                    ],
                    [
                        0.07824999839067459
                    ],
                    [
                        0.07758333534002304
                    ],
                    [
                        0.0769166648387909
                    ],
                    [
                        0.07625000178813934
                    ],
                    [
                        0.0755833312869072
                    ],
                    [
                        0.07491666823625565
                    ],
                    [
                        0.0742499977350235
                    ],
                    [
                        0.07358333468437195
                    ],
                    [
                        0.0729166641831398
                    ],
                    [
                        0.0728750005364418
                    ],
                    [
                        0.0728333368897438
                    ],
                    [
                        0.07279166579246521
                    ],
                    [
                        0.07275000214576721
                    ]
                ]
            ],
            "timesteps": [
                [
                    1180,
                    1181,
                    1182,
                    1183,
                    1184,
                    1185,
                    1186,
                    1187,
                    1188,
                    1189,
                    1190,
                    1191,
                    1192,
                    1193,
                    1194,
                    1195,
                    1196,
                    1197,
                    1198,
                    1199
                ]
            ],
            "labels": [
                [
                    0,
                    0,
                    0,
                    0,
                    1,
                    0,
                    0,
                    0,
                    0,
                    0,
                    0,
                    0,
                    0,
                    0,
                    1,
                    0,
                    0,
                    0,
                    0,
                    0
                ]
            ],
            "CPU Usage": 5.5,
            "RAM Usage": 17.4,
            "GPU Usage": 41.0,
            "VRAM Usage": 15400.0,
            "Disk Read Speed (MB/s)": 75057177.68652344,
            "Disk Write Speed (MB/s)": 506877991.2626953
        },
        {
            "step": 1,
            "train_loss": 0.017560500651597977,
            "actions_pred1": [
                [
                    [
                        0.6802486181259155,
                        0.40482965111732483,
                        -0.9872958660125732
                    ],
                    [
                        0.8630767464637756,
                        -0.2935723662376404,
                        -0.7342807650566101
                    ],
                    [
                        0.6367782354354858,
                        -0.4500918388366699,
                        -0.6893571615219116
                    ],
                    [
                        0.5789803862571716,
                        -0.28691941499710083,
                        -0.4827651381492615
                    ],
                    [
                        0.9078086614608765,
                        -0.2860856354236603,
                        -0.5149056315422058
                    ],
                    [
                        0.9251225590705872,
                        -0.25367119908332825,
                        -0.5144714713096619
                    ],
                    [
                        1.2852243185043335,
                        -0.31657931208610535,
                        -0.2393387258052826
                    ],
                    [
                        1.4596518278121948,
                        -0.28341734409332275,
                        -0.28890496492385864
                    ],
                    [
                        1.3289684057235718,
                        -0.2411864995956421,
                        -0.3172588348388672
                    ],
                    [
                        1.2691901922225952,
                        0.020300481468439102,
                        -0.33079224824905396
                    ],
                    [
                        1.0685898065567017,
                        -0.17750293016433716,
                        -0.197014719247818
                    ],
                    [
                        1.5771753787994385,
                        0.05398443713784218,
                        -0.024293648079037666
                    ],
                    [
                        1.4256116151809692,
                        -0.0502338670194149,
                        -0.30941247940063477
                    ],
                    [
                        1.2048572301864624,
                        0.028736446052789688,
                        -0.32662534713745117
                    ],
                    [
                        1.4117562770843506,
                        0.15184804797172546,
                        -0.27582573890686035
                    ],
                    [
                        1.0029680728912354,
                        0.05287373438477516,
                        -0.43677687644958496
                    ],
                    [
                        1.2276777029037476,
                        -0.19013580679893494,
                        -0.3975195586681366
                    ],
                    [
                        1.1022772789001465,
                        -0.0953255221247673,
                        -0.24350416660308838
                    ],
                    [
                        1.1780654191970825,
                        -0.17009994387626648,
                        -0.21231025457382202
                    ],
                    [
                        1.4704855680465698,
                        -0.16563767194747925,
                        -0.18838733434677124
                    ]
                ]
            ],
            "actions_pred": [
                [
                    [
                        0.6802486181259155,
                        0.8630767464637756,
                        0.6367782354354858,
                        0.5789803862571716,
                        0.9078086614608765,
                        0.9251225590705872,
                        1.2852243185043335,
                        1.4596518278121948,
                        1.3289684057235718,
                        1.2691901922225952,
                        1.0685898065567017,
                        1.5771753787994385,
                        1.4256116151809692,
                        1.2048572301864624,
                        1.4117562770843506,
                        1.0029680728912354,
                        1.2276777029037476,
                        1.1022772789001465,
                        1.1780654191970825,
                        1.4704855680465698
                    ],
                    [
                        0.40482965111732483,
                        -0.2935723662376404,
                        -0.4500918388366699,
                        -0.28691941499710083,
                        -0.2860856354236603,
                        -0.25367119908332825,
                        -0.31657931208610535,
                        -0.28341734409332275,
                        -0.2411864995956421,
                        0.020300481468439102,
                        -0.17750293016433716,
                        0.05398443713784218,
                        -0.0502338670194149,
                        0.028736446052789688,
                        0.15184804797172546,
                        0.05287373438477516,
                        -0.19013580679893494,
                        -0.0953255221247673,
                        -0.17009994387626648,
                        -0.16563767194747925
                    ],
                    [
                        -0.9872958660125732,
                        -0.7342807650566101,
                        -0.6893571615219116,
                        -0.4827651381492615,
                        -0.5149056315422058,
                        -0.5144714713096619,
                        -0.2393387258052826,
                        -0.28890496492385864,
                        -0.3172588348388672,
                        -0.33079224824905396,
                        -0.197014719247818,
                        -0.024293648079037666,
                        -0.30941247940063477,
                        -0.32662534713745117,
                        -0.27582573890686035,
                        -0.43677687644958496,
                        -0.3975195586681366,
                        -0.24350416660308838,
                        -0.21231025457382202,
                        -0.18838733434677124
                    ]
                ]
            ],
            "states": [
                [
                    [
                        1.0,
                        150000.0,
                        0.0,
                        10000.0,
                        0.0,
                        0.0,
                        6509146.0,
                        0.0
                    ],
                    [
                        1.0,
                        150000.0,
                        0.0,
                        10000.0,
                        0.0,
                        0.0,
                        6510646.0,
                        0.0
                    ],
                    [
                        1.0,
                        150000.0,
                        0.0,
                        10000.0,
                        0.0,
                        0.0,
                        6512146.0,
                        0.0
                    ],
                    [
                        1.0,
                        150000.0,
                        0.0,
                        10000.0,
                        0.0,
                        0.0,
                        6513646.0,
                        0.0
                    ],
                    [
                        0.0,
                        0.0,
                        501942144.0,
                        100000.0,
                        0.0,
                        0.0,
                        6913709.0,
                        95.0
                    ],
                    [
                        0.0,
                        0.0,
                        5210765.0,
                        80000.0,
                        81640000.0,
                        0.0,
                        7030789.0,
                        96.0
                    ],
                    [
                        1.0,
                        0.0,
                        134413680.0,
                        130000.0,
                        2090760192.0,
                        0.0,
                        6749146.0,
                        0.0
                    ],
                    [
                        1.0,
                        0.0,
                        134413680.0,
                        130000.0,
                        2225173760.0,
                        0.0,
                        6750646.0,
                        0.0
                    ],
                    [
                        0.0,
                        0.0,
                        5210765.0,
                        80000.0,
                        86850768.0,
                        0.0,
                        7030853.0,
                        96.0
                    ],
                    [
                        0.0,
                        0.0,
                        5210765.0,
                        80000.0,
                        92061536.0,
                        0.0,
                        7030905.0,
                        96.0
                    ],
                    [
                        1.0,
                        0.0,
                        134413680.0,
                        130000.0,
                        2090760192.0,
                        0.0,
                        6749146.0,
                        0.0
                    ],
                    [
                        1.0,
                        0.0,
                        134413680.0,
                        130000.0,
                        2225173760.0,
                        0.0,
                        6750646.0,
                        0.0
                    ],
                    [
                        0.0,
                        0.0,
                        5210765.0,
                        80000.0,
                        86850768.0,
                        0.0,
                        7030853.0,
                        96.0
                    ],
                    [
                        0.0,
                        0.0,
                        5210765.0,
                        80000.0,
                        92061536.0,
                        0.0,
                        7030905.0,
                        96.0
                    ],
                    [
                        1.0,
                        0.0,
                        134413680.0,
                        130000.0,
                        0.0,
                        0.0,
                        6752146.0,
                        0.0
                    ],
                    [
                        0.0,
                        0.0,
                        15109322.0,
                        90000.0,
                        284159264.0,
                        0.0,
                        7047201.0,
                        96.0
                    ],
                    [
                        0.0,
                        0.0,
                        15109322.0,
                        90000.0,
                        299268608.0,
                        0.0,
                        7047253.0,
                        96.0
                    ],
                    [
                        0.0,
                        0.0,
                        15109322.0,
                        50000.0,
                        314377920.0,
                        0.0,
                        7047305.0,
                        96.0
                    ],
                    [
                        0.0,
                        0.0,
                        15109322.0,
                        50000.0,
                        329487232.0,
                        0.0,
                        7047369.0,
                        96.0
                    ],
                    [
                        0.0,
                        0.0,
                        15109322.0,
                        50000.0,
                        344596544.0,
                        0.0,
                        7047421.0,
                        96.0
                    ]
                ]
            ],
            "actions": [
                [
                    [
                        0.3333333432674408
                    ],
                    [
                        0.3333333432674408
                    ],
                    [
                        0.3333333432674408
                    ],
                    [
                        0.3333333432674408
                    ],
                    [
                        0.6666666865348816
                    ],
                    [
                        0.3333333432674408
                    ],
                    [
                        0.3333333432674408
                    ],
                    [
                        0.3333333432674408
                    ],
                    [
                        0.3333333432674408
                    ],
                    [
                        0.3333333432674408
                    ],
                    [
                        0.3333333432674408
                    ],
                    [
                        0.3333333432674408
                    ],
                    [
                        0.3333333432674408
                    ],
                    [
                        0.3333333432674408
                    ],
                    [
                        1.0
                    ],
                    [
                        0.3333333432674408
                    ],
                    [
                        0.3333333432674408
                    ],
                    [
                        0.3333333432674408
                    ],
                    [
                        0.3333333432674408
                    ],
                    [
                        0.3333333432674408
                    ]
                ]
            ],
            "returns": [
                [
                    [
                        0.16433332860469818
                    ],
                    [
                        0.16429166495800018
                    ],
                    [
                        0.16425000131130219
                    ],
                    [
                        0.1642083376646042
                    ],
                    [
                        0.1641666740179062
                    ],
                    [
                        0.16374999284744263
                    ],
                    [
                        0.16341666877269745
                    ],
                    [
                        0.1628749966621399
                    ],
                    [
                        0.16233333945274353
                    ],
                    [
                        0.16200000047683716
                    ],
                    [
                        0.1616666615009308
                    ],
                    [
                        0.16112500429153442
                    ],
                    [
                        0.16058333218097687
                    ],
                    [
                        0.1602499932050705
                    ],
                    [
                        0.15991666913032532
                    ],
                    [
                        0.15937499701976776
                    ],
                    [
                        0.1589999943971634
                    ],
                    [
                        0.15862500667572021
                    ],
                    [
                        0.15841667354106903
                    ],
                    [
                        0.15820834040641785
                    ]
                ]
            ],
            "timesteps": [
                [
                    960,
                    961,
                    962,
                    963,
                    964,
                    965,
                    966,
                    967,
                    968,
                    969,
                    970,
                    971,
                    972,
                    973,
                    974,
                    975,
                    976,
                    977,
                    978,
                    979
                ]
            ],
            "labels": [
                [
                    0,
                    0,
                    0,
                    0,
                    1,
                    0,
                    0,
                    0,
                    0,
                    0,
                    0,
                    0,
                    0,
                    0,
                    2,
                    0,
                    0,
                    0,
                    0,
                    0
                ]
            ],
            "CPU Usage": 4.7,
            "RAM Usage": 17.4,
            "GPU Usage": 69.0,
            "VRAM Usage": 15400.0,
            "Disk Read Speed (MB/s)": 75057177.68652344,
            "Disk Write Speed (MB/s)": 506877991.2626953
        },
        {
            "step": 2,
            "train_loss": 0.016682755202054977,
            "actions_pred1": [
                [
                    [
                        1.322914719581604,
                        0.0522519089281559,
                        -0.07505246996879578
                    ],
                    [
                        1.1366007328033447,
                        0.10135335475206375,
                        -0.08583470433950424
                    ],
                    [
                        1.336963415145874,
                        0.01664057746529579,
                        -0.17028382420539856
                    ],
                    [
                        1.2522459030151367,
                        -0.03458770737051964,
                        -0.025416361168026924
                    ],
                    [
                        1.2768653631210327,
                        -0.16126149892807007,
                        -0.18488618731498718
                    ],
                    [
                        1.631367802619934,
                        -0.13184145092964172,
                        -0.09532467275857925
                    ],
                    [
                        1.2795934677124023,
                        -0.10675507038831711,
                        -0.31110960245132446
                    ],
                    [
                        1.2073009014129639,
                        -0.07593589276075363,
                        -0.24447858333587646
                    ],
                    [
                        1.159657597541809,
                        0.015890125185251236,
                        -0.4968836307525635
                    ],
                    [
                        1.2128268480300903,
                        -0.06588535755872726,
                        -0.30942463874816895
                    ],
                    [
                        1.3633149862289429,
                        -0.2541179358959198,
                        -0.49628037214279175
                    ],
                    [
                        0.7046719789505005,
                        -0.016309168189764023,
                        -0.5308086276054382
                    ],
                    [
                        1.156246542930603,
                        -0.19717621803283691,
                        -0.3777913451194763
                    ],
                    [
                        1.2896678447723389,
                        -0.10482745617628098,
                        -0.2810167074203491
                    ],
                    [
                        1.1376910209655762,
                        -0.01848706230521202,
                        -0.16064196825027466
                    ],
                    [
                        1.1607630252838135,
                        -0.13194161653518677,
                        -0.2623578906059265
                    ],
                    [
                        1.284813404083252,
                        -0.04023733362555504,
                        -0.2593438923358917
                    ],
                    [
                        1.3769681453704834,
                        -0.06106078252196312,
                        -0.25661736726760864
                    ],
                    [
                        1.2187436819076538,
                        -0.11718516796827316,
                        -0.48212745785713196
                    ],
                    [
                        1.4897133111953735,
                        0.1688813865184784,
                        -0.0824471116065979
                    ]
                ]
            ],
            "actions_pred": [
                [
                    [
                        1.322914719581604,
                        1.1366007328033447,
                        1.336963415145874,
                        1.2522459030151367,
                        1.2768653631210327,
                        1.631367802619934,
                        1.2795934677124023,
                        1.2073009014129639,
                        1.159657597541809,
                        1.2128268480300903,
                        1.3633149862289429,
                        0.7046719789505005,
                        1.156246542930603,
                        1.2896678447723389,
