{
    "steps": [
        {
            "step": 0,
            "train_loss": 0.0329924039542675,
            "actions_pred1": [
                [
                    [
                        -0.07254406064748764,
                        0.23322826623916626,
                        -0.47940316796302795
                    ],
                    [
                        -0.5622177124023438,
                        0.10618805885314941,
                        -0.49294790625572205
                    ],
                    [
                        -0.36944150924682617,
                        0.30991923809051514,
                        -0.2292492538690567
                    ],
                    [
                        0.11931605637073517,
                        0.15877798199653625,
                        -0.10472900420427322
                    ],
                    [
                        -0.030049443244934082,
                        0.29818734526634216,
                        -0.26561227440834045
                    ],
                    [
                        -0.095142662525177,
                        0.08184266090393066,
                        -0.28189778327941895
                    ],
                    [
                        -0.004775852896273136,
                        0.25135332345962524,
                        -0.2786646783351898
                    ],
                    [
                        0.05783626437187195,
                        0.19492985308170319,
                        -0.341917484998703
                    ],
                    [
                        -0.07169220596551895,
                        0.2330474555492401,
                        -0.5732237100601196
                    ],
                    [
                        -0.0013967016711831093,
                        0.2484009563922882,
                        -0.33055227994918823
                    ],
                    [
                        0.4720817804336548,
                        0.481281042098999,
                        -0.35844162106513977
                    ],
                    [
                        0.4185161590576172,
                        0.18548601865768433,
                        -0.2381439357995987
                    ],
                    [
                        0.41721534729003906,
                        0.3226630985736847,
                        -0.23486538231372833
                    ],
                    [
                        -0.08329916000366211,
                        0.48432499170303345,
                        -0.24909941852092743
                    ],
                    [
                        0.304631769657135,
                        0.11329197883605957,
                        -0.1516406238079071
                    ],
                    [
                        0.27427321672439575,
                        0.3097473084926605,
                        -0.3687102794647217
                    ],
                    [
                        0.3938761055469513,
                        0.20730191469192505,
                        -0.19043175876140594
                    ],
                    [
                        0.11148317158222198,
                        0.24597254395484924,
                        -0.34527188539505005
                    ],
                    [
                        0.01903054118156433,
                        0.16104966402053833,
                        -0.3241553008556366
                    ],
                    [
                        0.147879496216774,
                        0.23228716850280762,
                        -0.2898607552051544
                    ]
                ]
            ],
            "actions_pred": [
                [
                    [
                        -0.07254406064748764,
                        -0.5622177124023438,
                        -0.36944150924682617,
                        0.11931605637073517,
                        -0.030049443244934082,
                        -0.095142662525177,
                        -0.004775852896273136,
                        0.05783626437187195,
                        -0.07169220596551895,
                        -0.0013967016711831093,
                        0.4720817804336548,
                        0.4185161590576172,
                        0.41721534729003906,
                        -0.08329916000366211,
                        0.304631769657135,
                        0.27427321672439575,
                        0.3938761055469513,
                        0.11148317158222198,
                        0.01903054118156433,
                        0.147879496216774
                    ],
                    [
                        0.23322826623916626,
                        0.10618805885314941,
                        0.30991923809051514,
                        0.15877798199653625,
                        0.29818734526634216,
                        0.08184266090393066,
                        0.25135332345962524,
                        0.19492985308170319,
                        0.2330474555492401,
                        0.2484009563922882,
                        0.481281042098999,
                        0.18548601865768433,
                        0.3226630985736847,
                        0.48432499170303345,
                        0.11329197883605957,
                        0.3097473084926605,
                        0.20730191469192505,
                        0.24597254395484924,
                        0.16104966402053833,
                        0.23228716850280762
                    ],
                    [
                        -0.47940316796302795,
                        -0.49294790625572205,
                        -0.2292492538690567,
                        -0.10472900420427322,
                        -0.26561227440834045,
                        -0.28189778327941895,
                        -0.2786646783351898,
                        -0.341917484998703,
                        -0.5732237100601196,
                        -0.33055227994918823,
                        -0.35844162106513977,
                        -0.2381439357995987,
                        -0.23486538231372833,
                        -0.24909941852092743,
                        -0.1516406238079071,
                        -0.3687102794647217,
                        -0.19043175876140594,
                        -0.34527188539505005,
                        -0.3241553008556366,
                        -0.2898607552051544
                    ]
                ]
            ],
            "states": [
                [
                    [
                        0.0,
                        0.0,
                        165055680.0,
                        110000.0,
                        6890152960.0,
                        0.0,
                        5960489.0,
                        37.0
                    ],
                    [
                        0.0,
                        0.0,
                        165055680.0,
                        110000.0,
                        7055208960.0,
                        0.0,
                        5961989.0,
                        37.0
                    ],
                    [
                        0.0,
                        0.0,
                        204649920.0,
                        110000.0,
                        7259858944.0,
                        0.0,
                        5963489.0,
                        37.0
                    ],
                    [
                        0.0,
                        0.0,
                        204649920.0,
                        110000.0,
                        7464508928.0,
                        0.0,
                        5963541.0,
                        37.0
                    ],
                    [
                        0.0,
                        0.0,
                        204649920.0,
                        110000.0,
                        0.0,
                        0.0,
                        5963593.0,
                        37.0
                    ],
                    [
                        0.0,
                        0.0,
                        187872704.0,
                        90000.0,
                        12154746880.0,
                        0.0,
                        6018997.0,
                        38.0
                    ],
                    [
                        0.0,
                        0.0,
                        187872704.0,
                        90000.0,
                        12342620160.0,
                        0.0,
                        6019049.0,
                        38.0
                    ],
                    [
                        0.0,
                        0.0,
                        187872704.0,
                        90000.0,
                        12530492416.0,
                        0.0,
                        6019101.0,
                        38.0
                    ],
                    [
                        0.0,
                        0.0,
                        187872704.0,
                        90000.0,
                        12718365696.0,
                        0.0,
                        6019153.0,
                        38.0
                    ],
                    [
                        0.0,
                        0.0,
                        187872704.0,
                        90000.0,
                        12906237952.0,
                        0.0,
                        6019205.0,
                        38.0
                    ],
                    [
                        0.0,
                        0.0,
                        187872704.0,
                        90000.0,
                        12342620160.0,
                        0.0,
                        6019049.0,
                        38.0
                    ],
                    [
                        0.0,
                        0.0,
                        187872704.0,
                        90000.0,
                        12530492416.0,
                        0.0,
                        6019101.0,
                        38.0
                    ],
                    [
                        0.0,
                        0.0,
                        187872704.0,
                        90000.0,
                        12718365696.0,
                        0.0,
                        6019153.0,
                        38.0
                    ],
                    [
                        0.0,
                        0.0,
                        187872704.0,
                        90000.0,
                        12906237952.0,
                        0.0,
                        6019205.0,
                        38.0
                    ],
                    [
                        0.0,
                        0.0,
                        187872704.0,
                        90000.0,
                        0.0,
                        0.0,
                        6019257.0,
                        38.0
                    ],
                    [
                        0.0,
                        0.0,
                        277798560.0,
                        110000.0,
                        9970674688.0,
                        0.0,
                        6056765.0,
                        39.0
                    ],
                    [
                        0.0,
                        0.0,
                        277798560.0,
                        160000.0,
                        10248473600.0,
                        0.0,
                        6056817.0,
                        39.0
                    ],
                    [
                        0.0,
                        0.0,
                        277798560.0,
                        160000.0,
                        10526271488.0,
                        0.0,
                        6056869.0,
                        39.0
                    ],
                    [
                        0.0,
                        0.0,
                        277798560.0,
                        160000.0,
                        10804070400.0,
                        0.0,
                        6056921.0,
                        39.0
                    ],
                    [
                        0.0,
                        0.0,
                        277798560.0,
                        160000.0,
                        11081869312.0,
                        0.0,
                        6056973.0,
                        39.0
                    ]
                ]
            ],
            "actions": [
                [
                    [
                        0.3333333432674408
                    ],
                    [
                        0.3333333432674408
                    ],
                    [
                        0.3333333432674408
                    ],
                    [
                        0.3333333432674408
                    ],
                    [
                        0.6666666865348816
                    ],
                    [
                        0.3333333432674408
                    ],
                    [
                        0.3333333432674408
                    ],
                    [
                        0.3333333432674408
                    ],
                    [
                        0.3333333432674408
                    ],
                    [
                        0.3333333432674408
                    ],
                    [
                        0.3333333432674408
                    ],
                    [
                        0.3333333432674408
                    ],
                    [
                        0.3333333432674408
                    ],
                    [
                        0.3333333432674408
                    ],
                    [
                        0.6666666865348816
                    ],
                    [
                        0.3333333432674408
                    ],
                    [
                        0.3333333432674408
                    ],
                    [
                        0.3333333432674408
                    ],
                    [
                        0.3333333432674408
                    ],
                    [
                        0.3333333432674408
                    ]
                ]
            ],
            "returns": [
                [
                    [
                        0.41754165291786194
                    ],
                    [
                        0.4170833230018616
                    ],
                    [
                        0.4166249930858612
                    ],
                    [
                        0.41616666316986084
                    ],
                    [
                        0.4157083332538605
                    ],
                    [
                        0.4152500033378601
                    ],
                    [
                        0.41487500071525574
                    ],
                    [
                        0.41449999809265137
                    ],
                    [
                        0.414124995470047
                    ],
                    [
                        0.4137499928474426
                    ],
                    [
                        0.41337499022483826
                    ],
                    [
                        0.4129999876022339
                    ],
                    [
                        0.4126250147819519
                    ],
                    [
                        0.41225001215934753
                    ],
                    [
                        0.41187500953674316
                    ],
                    [
                        0.4115000069141388
                    ],
                    [
                        0.4110416769981384
                    ],
                    [
                        0.4103749990463257
                    ],
                    [
                        0.40970832109451294
                    ],
                    [
                        0.4090416729450226
                    ]
                ]
            ],
            "timesteps": [
                [
                    380,
                    381,
                    382,
                    383,
                    384,
                    385,
                    386,
                    387,
                    388,
                    389,
                    390,
                    391,
                    392,
                    393,
                    394,
                    395,
                    396,
                    397,
                    398,
                    399
                ]
            ],
            "labels": [
                [
                    0,
                    0,
                    0,
                    0,
                    1,
                    0,
                    0,
                    0,
                    0,
                    0,
                    0,
                    0,
                    0,
                    0,
                    1,
                    0,
                    0,
                    0,
                    0,
                    0
                ]
            ],
            "CPU Usage": 5.2,
            "RAM Usage": 17.4,
            "GPU Usage": 38.0,
            "VRAM Usage": 15400.0,
            "Disk Read Speed (MB/s)": 75057177.68652344,
            "Disk Write Speed (MB/s)": 506877929.4892578
        },
        {
            "step": 1,
            "train_loss": 0.02379542775452137,
            "actions_pred1": [
                [
                    [
                        0.2496752291917801,
                        -0.05808475613594055,
                        -0.10738224536180496
                    ],
                    [
                        0.3495689034461975,
                        0.29980310797691345,
                        -0.14849506318569183
                    ],
                    [
                        0.3220599293708801,
                        0.4250672459602356,
                        -0.09356260299682617
                    ],
                    [
                        0.34238263964653015,
                        0.22635188698768616,
                        -0.11387807875871658
                    ],
                    [
                        0.1623242348432541,
                        0.18363350629806519,
                        -0.23955200612545013
                    ],
                    [
                        0.7194710969924927,
                        0.3709617257118225,
                        -0.057518549263477325
                    ],
                    [
                        0.6192091703414917,
                        0.30536317825317383,
                        -0.1077767014503479
                    ],
                    [
                        1.0608444213867188,
                        0.23983553051948547,
                        -0.12609584629535675
                    ],
                    [
                        0.7629261016845703,
                        0.16766348481178284,
                        -0.09339186549186707
                    ],
                    [
                        0.6696417331695557,
                        0.09527663886547089,
                        -0.0761755034327507
                    ],
                    [
                        0.7158296704292297,
                        0.3857859969139099,
                        -0.10593148320913315
                    ],
                    [
                        1.047128438949585,
                        0.14885561168193817,
                        0.012896766886115074
                    ],
                    [
                        0.9403051137924194,
                        0.4113602340221405,
                        0.0029245074838399887
                    ],
                    [
                        0.7112727761268616,
                        0.3643115162849426,
                        -0.2079373300075531
                    ],
                    [
                        0.7860990762710571,
                        0.4376588463783264,
                        -0.06133309006690979
                    ],
                    [
                        1.1598061323165894,
                        0.28699108958244324,
                        0.12584887444972992
                    ],
                    [
                        0.8399874567985535,
                        0.16445598006248474,
                        0.1035681664943695
                    ],
                    [
                        1.1724141836166382,
                        0.2592458426952362,
                        -0.0590500682592392
                    ],
                    [
                        0.9977871775627136,
                        0.050433963537216187,
                        -0.030724653974175453
                    ],
                    [
                        0.7530228495597839,
                        0.2651945948600769,
                        0.08821127563714981
                    ]
                ]
            ],
            "actions_pred": [
                [
                    [
                        0.2496752291917801,
                        0.3495689034461975,
                        0.3220599293708801,
                        0.34238263964653015,
                        0.1623242348432541,
                        0.7194710969924927,
                        0.6192091703414917,
                        1.0608444213867188,
                        0.7629261016845703,
                        0.6696417331695557,
                        0.7158296704292297,
                        1.047128438949585,
                        0.9403051137924194,
                        0.7112727761268616,
                        0.7860990762710571,
                        1.1598061323165894,
                        0.8399874567985535,
                        1.1724141836166382,
                        0.9977871775627136,
                        0.7530228495597839
                    ],
                    [
                        -0.05808475613594055,
                        0.29980310797691345,
                        0.4250672459602356,
                        0.22635188698768616,
                        0.18363350629806519,
                        0.3709617257118225,
                        0.30536317825317383,
                        0.23983553051948547,
                        0.16766348481178284,
                        0.09527663886547089,
                        0.3857859969139099,
                        0.14885561168193817,
                        0.4113602340221405,
                        0.3643115162849426,
                        0.4376588463783264,
                        0.28699108958244324,
                        0.16445598006248474,
                        0.2592458426952362,
                        0.050433963537216187,
                        0.2651945948600769
                    ],
                    [
                        -0.10738224536180496,
                        -0.14849506318569183,
                        -0.09356260299682617,
                        -0.11387807875871658,
                        -0.23955200612545013,
                        -0.057518549263477325,
                        -0.1077767014503479,
                        -0.12609584629535675,
                        -0.09339186549186707,
                        -0.0761755034327507,
                        -0.10593148320913315,
                        0.012896766886115074,
                        0.0029245074838399887,
                        -0.2079373300075531,
                        -0.06133309006690979,
                        0.12584887444972992,
                        0.1035681664943695,
                        -0.0590500682592392,
                        -0.030724653974175453,
                        0.08821127563714981
                    ]
                ]
            ],
            "states": [
                [
                    [
                        0.0,
                        0.0,
                        557837824.0,
                        220000.0,
                        12485837824.0,
                        0.0,
                        3122993.0,
                        9.0
                    ],
                    [
                        0.0,
                        0.0,
                        557837824.0,
                        220000.0,
                        13043676160.0,
                        0.0,
                        3123045.0,
                        9.0
                    ],
                    [
                        0.0,
                        0.0,
                        557837824.0,
                        230000.0,
                        13601513472.0,
                        0.0,
                        3123097.0,
                        9.0
                    ],
                    [
                        0.0,
                        0.0,
                        557837824.0,
                        230000.0,
                        14159351808.0,
                        0.0,
                        3123149.0,
                        9.0
                    ],
                    [
                        0.0,
                        0.0,
                        557837824.0,
                        230000.0,
                        0.0,
                        0.0,
                        3123201.0,
                        9.0
                    ],
                    [
                        0.0,
                        0.0,
                        557837824.0,
                        230000.0,
                        1673513472.0,
                        0.0,
                        3123357.0,
                        10.0
                    ],
                    [
                        0.0,
                        0.0,
                        557837824.0,
                        230000.0,
                        2231351296.0,
                        0.0,
                        3123409.0,
                        10.0
                    ],
                    [
                        0.0,
                        0.0,
                        557837824.0,
                        230000.0,
                        2789189120.0,
                        0.0,
                        3123461.0,
                        10.0
                    ],
                    [
                        0.0,
                        0.0,
                        557837824.0,
                        230000.0,
                        3347026944.0,
                        0.0,
                        3123513.0,
                        10.0
                    ],
                    [
                        0.0,
                        0.0,
                        557837824.0,
                        230000.0,
                        3904864768.0,
                        0.0,
                        3123565.0,
                        10.0
                    ],
                    [
                        0.0,
                        0.0,
                        557837824.0,
                        230000.0,
                        2231351296.0,
                        0.0,
                        3123409.0,
                        10.0
                    ],
                    [
                        0.0,
                        0.0,
                        557837824.0,
                        230000.0,
                        2789189120.0,
                        0.0,
                        3123461.0,
                        10.0
                    ],
                    [
                        0.0,
                        0.0,
                        557837824.0,
                        230000.0,
                        3347026944.0,
                        0.0,
                        3123513.0,
                        10.0
                    ],
                    [
                        0.0,
                        0.0,
                        557837824.0,
                        230000.0,
                        3904864768.0,
                        0.0,
                        3123565.0,
                        10.0
                    ],
                    [
                        0.0,
                        0.0,
                        557837824.0,
                        230000.0,
                        0.0,
                        0.0,
                        3123617.0,
                        10.0
                    ],
                    [
                        0.0,
                        0.0,
                        643737152.0,
                        190000.0,
                        4978098688.0,
                        0.0,
                        3124057.0,
                        11.0
                    ],
                    [
                        0.0,
                        0.0,
                        643737152.0,
                        190000.0,
                        5621835776.0,
                        0.0,
                        3124121.0,
                        11.0
                    ],
                    [
                        0.0,
                        0.0,
                        643737152.0,
                        190000.0,
                        6265572864.0,
                        0.0,
                        3124173.0,
                        11.0
                    ],
                    [
                        0.0,
                        0.0,
                        643737152.0,
                        190000.0,
                        6909309952.0,
                        0.0,
                        3124237.0,
                        11.0
                    ],
                    [
                        0.0,
                        0.0,
                        643737152.0,
                        190000.0,
                        7553047552.0,
                        0.0,
                        3124301.0,
                        11.0
                    ]
                ]
            ],
            "actions": [
                [
                    [
                        0.3333333432674408
                    ],
                    [
                        0.3333333432674408
                    ],
                    [
                        0.3333333432674408
                    ],
                    [
                        0.3333333432674408
                    ],
                    [
                        0.6666666865348816
                    ],
                    [
                        0.3333333432674408
                    ],
                    [
                        0.3333333432674408
                    ],
                    [
                        0.3333333432674408
                    ],
                    [
                        0.3333333432674408
                    ],
                    [
                        0.3333333432674408
                    ],
                    [
                        0.3333333432674408
                    ],
                    [
                        0.3333333432674408
                    ],
                    [
                        0.3333333432674408
                    ],
                    [
                        0.3333333432674408
                    ],
                    [
                        0.6666666865348816
                    ],
                    [
                        0.3333333432674408
                    ],
                    [
                        0.3333333432674408
                    ],
                    [
                        0.3333333432674408
                    ],
                    [
                        0.3333333432674408
                    ],
                    [
                        0.3333333432674408
                    ]
                ]
            ],
            "returns": [
                [
                    [
                        0.5730833411216736
                    ],
                    [
                        0.5721666812896729
                    ],
                    [
                        0.5712500214576721
                    ],
                    [
                        0.5702916383743286
                    ],
                    [
                        0.5693333148956299
                    ],
                    [
                        0.5683749914169312
                    ],
                    [
                        0.5674166679382324
                    ],
                    [
                        0.5664583444595337
                    ],
                    [
                        0.565500020980835
                    ],
                    [
                        0.5645416378974915
                    ],
                    [
                        0.5635833144187927
                    ],
                    [
                        0.562624990940094
                    ],
                    [
                        0.5616666674613953
                    ],
                    [
                        0.5607083439826965
                    ],
                    [
                        0.5597500205039978
                    ],
                    [
                        0.5587916374206543
                    ],
                    [
                        0.5580000281333923
                    ],
                    [
                        0.5572083592414856
                    ],
                    [
                        0.5564166903495789
                    ],
                    [
                        0.5556250214576721
                    ]
                ]
            ],
            "timesteps": [
                [
                    100,
                    101,
                    102,
                    103,
                    104,
                    105,
                    106,
                    107,
                    108,
                    109,
                    110,
                    111,
                    112,
                    113,
                    114,
                    115,
                    116,
                    117,
                    118,
                    119
                ]
            ],
            "labels": [
                [
                    0,
                    0,
                    0,
                    0,
                    1,
                    0,
                    0,
                    0,
                    0,
                    0,
                    0,
                    0,
                    0,
                    0,
                    1,
                    0,
                    0,
                    0,
                    0,
                    0
                ]
            ],
            "CPU Usage": 5.9,
            "RAM Usage": 17.4,
            "GPU Usage": 81.0,
            "VRAM Usage": 15400.0,
            "Disk Read Speed (MB/s)": 75057177.68652344,
            "Disk Write Speed (MB/s)": 506877929.5830078
        },
        {
            "step": 2,
            "train_loss": 0.02891022339463234,
            "actions_pred1": [
                [
                    [
                        -0.47477248311042786,
                        0.6566343307495117,
                        -0.24501796066761017
                    ],
                    [
                        -0.040136948227882385,
                        0.4383205473423004,
                        -0.3215029835700989
                    ],
                    [
                        -0.29752182960510254,
                        0.4096722900867462,
                        -0.1859905868768692
                    ],
                    [
                        0.1530567705631256,
                        0.2750934958457947,
                        0.014019777998328209
                    ],
                    [
                        0.35179924964904785,
                        0.3123987913131714,
                        -0.2751483619213104
                    ],
                    [
                        0.5260245203971863,
                        0.2916734516620636,
                        -0.09873364120721817
                    ],
                    [
                        0.3131781220436096,
                        0.20353244245052338,
                        -0.0660785660147667
                    ],
                    [
                        0.3247322738170624,
                        0.19424502551555634,
                        0.032534487545490265
                    ],
                    [
                        0.43817776441574097,
                        0.1289859265089035,
                        -0.05929684638977051
                    ],
                    [
                        0.5689777135848999,
                        0.27276870608329773,
                        0.14282208681106567
                    ],
                    [
                        0.4602902829647064,
                        0.22111056745052338,
                        -0.11961836367845535
                    ],
                    [
                        0.8846456408500671,
                        0.06092926859855652,
                        0.09600847214460373
                    ],
                    [
                        0.9584758877754211,
                        -0.01022920198738575,
                        0.1694638729095459
                    ],
                    [
                        0.7784532904624939,
                        0.044580861926078796,
                        -0.008502783253788948
                    ],
                    [
                        0.6567789316177368,
                        0.06688542664051056,
                        0.021506061777472496
                    ],
                    [
                        0.5327571630477905,
                        0.09561480581760406,
                        -0.14133040606975555
                    ],
                    [
                        0.6161766052246094,
                        0.16608907282352448,
                        0.031620122492313385
                    ],
                    [
                        0.870560348033905,
                        0.26429611444473267,
                        0.10607627779245377
                    ],
                    [
                        0.8601135015487671,
                        0.11064216494560242,
                        0.10157131403684616
                    ],
                    [
                        0.883536159992218,
                        -0.00029370374977588654,
                        0.21026600897312164
                    ]
                ]
            ],
            "actions_pred": [
                [
                    [
                        -0.47477248311042786,
                        -0.040136948227882385,
                        -0.29752182960510254,
                        0.1530567705631256,
                        0.35179924964904785,
                        0.5260245203971863,
                        0.3131781220436096,
                        0.3247322738170624,
                        0.43817776441574097,
                        0.5689777135848999,
                        0.4602902829647064,
