{
    "steps": [
        {
            "step": 0,
            "train_loss": 0.013995234854519367,
            "actions_pred1": [
                [
                    [
                        1.7452095746994019,
                        -0.38925901055336,
                        -0.9698933362960815
                    ],
                    [
                        2.0026001930236816,
                        -0.2480737715959549,
                        -1.2969189882278442
                    ],
                    [
                        2.230360984802246,
                        -0.3898937404155731,
                        -1.2859225273132324
                    ],
                    [
                        2.1142468452453613,
                        -0.36531975865364075,
                        -1.156157374382019
                    ],
                    [
                        2.2139785289764404,
                        -0.18425540626049042,
                        -1.1745651960372925
                    ],
                    [
                        2.447988748550415,
                        -0.2468777447938919,
                        -1.1227163076400757
                    ],
                    [
                        2.4180941581726074,
                        -0.20837903022766113,
                        -1.503711462020874
                    ],
                    [
                        2.6460418701171875,
                        -0.2065637856721878,
                        -1.5892542600631714
                    ],
                    [
                        2.5106377601623535,
                        -0.19986309111118317,
                        -1.5324103832244873
                    ],
                    [
                        2.580106258392334,
                        -0.06628899276256561,
                        -1.3527885675430298
                    ],
                    [
                        2.6528964042663574,
                        0.008100581355392933,
                        -1.4727153778076172
                    ],
                    [
                        2.3542442321777344,
                        0.05020974203944206,
                        -1.6088476181030273
                    ],
                    [
                        2.5012691020965576,
                        -0.24351565539836884,
                        -1.3744995594024658
                    ],
                    [
                        2.278614044189453,
                        0.0816107839345932,
                        -1.3775259256362915
                    ],
                    [
                        2.338615655899048,
                        -0.1621437817811966,
                        -1.238762617111206
                    ],
                    [
                        2.638498544692993,
                        -0.23762665688991547,
                        -1.4748108386993408
                    ],
                    [
                        2.4263505935668945,
                        -0.012081879191100597,
                        -1.646885871887207
                    ],
                    [
                        2.5935699939727783,
                        -0.11758048832416534,
                        -1.6701985597610474
                    ],
                    [
                        2.507115125656128,
                        -0.05857275798916817,
                        -1.5873688459396362
                    ],
                    [
                        2.364356279373169,
                        -0.16896922886371613,
                        -1.4922682046890259
                    ]
                ]
            ],
            "actions_pred": [
                [
                    [
                        1.7452095746994019,
                        2.0026001930236816,
                        2.230360984802246,
                        2.1142468452453613,
                        2.2139785289764404,
                        2.447988748550415,
                        2.4180941581726074,
                        2.6460418701171875,
                        2.5106377601623535,
                        2.580106258392334,
                        2.6528964042663574,
                        2.3542442321777344,
                        2.5012691020965576,
                        2.278614044189453,
                        2.338615655899048,
                        2.638498544692993,
                        2.4263505935668945,
                        2.5935699939727783,
                        2.507115125656128,
                        2.364356279373169
                    ],
                    [
                        -0.38925901055336,
                        -0.2480737715959549,
                        -0.3898937404155731,
                        -0.36531975865364075,
                        -0.18425540626049042,
                        -0.2468777447938919,
                        -0.20837903022766113,
                        -0.2065637856721878,
                        -0.19986309111118317,
                        -0.06628899276256561,
                        0.008100581355392933,
                        0.05020974203944206,
                        -0.24351565539836884,
                        0.0816107839345932,
                        -0.1621437817811966,
                        -0.23762665688991547,
                        -0.012081879191100597,
                        -0.11758048832416534,
                        -0.05857275798916817,
                        -0.16896922886371613
                    ],
                    [
                        -0.9698933362960815,
                        -1.2969189882278442,
                        -1.2859225273132324,
                        -1.156157374382019,
                        -1.1745651960372925,
                        -1.1227163076400757,
                        -1.503711462020874,
                        -1.5892542600631714,
                        -1.5324103832244873,
                        -1.3527885675430298,
                        -1.4727153778076172,
                        -1.6088476181030273,
                        -1.3744995594024658,
                        -1.3775259256362915,
                        -1.238762617111206,
                        -1.4748108386993408,
                        -1.646885871887207,
                        -1.6701985597610474,
                        -1.5873688459396362,
                        -1.4922682046890259
                    ]
                ]
            ],
            "states": [
                [
                    [
                        0.0,
                        0.0,
                        15109322.0,
                        90000.0,
                        299268608.0,
                        0.0,
                        7047253.0,
                        96.0
                    ],
                    [
                        0.0,
                        0.0,
                        15109322.0,
                        50000.0,
                        314377920.0,
                        0.0,
                        7047305.0,
                        96.0
                    ],
                    [
                        0.0,
                        0.0,
                        15109322.0,
                        50000.0,
                        329487232.0,
                        0.0,
                        7047369.0,
                        96.0
                    ],
                    [
                        0.0,
                        0.0,
                        15109322.0,
                        50000.0,
                        344596544.0,
                        0.0,
                        7047421.0,
                        96.0
                    ],
                    [
                        1.0,
                        0.0,
                        84082032.0,
                        50000.0,
                        0.0,
                        0.0,
                        6777646.0,
                        0.0
                    ],
                    [
                        0.0,
                        0.0,
                        146051552.0,
                        140000.0,
                        3309766144.0,
                        0.0,
                        7825393.0,
                        96.0
                    ],
                    [
                        0.0,
                        0.0,
                        146051552.0,
                        140000.0,
                        3455817728.0,
                        0.0,
                        7825445.0,
                        96.0
                    ],
                    [
                        0.0,
                        0.0,
                        146051552.0,
                        150000.0,
                        3601869312.0,
                        0.0,
                        7825497.0,
                        96.0
                    ],
                    [
                        0.0,
                        0.0,
                        146051552.0,
                        150000.0,
                        3747920896.0,
                        0.0,
                        7825549.0,
                        96.0
                    ],
                    [
                        0.0,
                        0.0,
                        146051552.0,
                        150000.0,
                        3893972480.0,
                        0.0,
                        7825601.0,
                        96.0
                    ],
                    [
                        0.0,
                        0.0,
                        146051552.0,
                        140000.0,
                        3455817728.0,
                        0.0,
                        7825445.0,
                        96.0
                    ],
                    [
                        0.0,
                        0.0,
                        146051552.0,
                        150000.0,
                        3601869312.0,
                        0.0,
                        7825497.0,
                        96.0
                    ],
                    [
                        0.0,
                        0.0,
                        146051552.0,
                        150000.0,
                        3747920896.0,
                        0.0,
                        7825549.0,
                        96.0
                    ],
                    [
                        0.0,
                        0.0,
                        146051552.0,
                        150000.0,
                        3893972480.0,
                        0.0,
                        7825601.0,
                        96.0
                    ],
                    [
                        1.0,
                        0.0,
                        122217424.0,
                        70000.0,
                        0.0,
                        0.0,
                        8238646.0,
                        0.0
                    ],
                    [
                        0.0,
                        0.0,
                        176610992.0,
                        150000.0,
                        7339539968.0,
                        0.0,
                        8162305.0,
                        96.0
                    ],
                    [
                        1.0,
                        0.0,
                        133158000.0,
                        130000.0,
                        1260884864.0,
                        0.0,
                        8733646.0,
                        0.0
                    ],
                    [
                        1.0,
                        0.0,
                        133158000.0,
                        130000.0,
                        1394042880.0,
                        0.0,
                        8735146.0,
                        0.0
                    ],
                    [
                        0.0,
                        0.0,
                        176610992.0,
                        110000.0,
                        7516150784.0,
                        0.0,
                        8163805.0,
                        96.0
                    ],
                    [
                        0.0,
                        0.0,
                        176610992.0,
                        110000.0,
                        7692762112.0,
                        0.0,
                        8165305.0,
                        96.0
                    ]
                ]
            ],
            "actions": [
                [
                    [
                        0.3333333432674408
                    ],
                    [
                        0.3333333432674408
                    ],
                    [
                        0.3333333432674408
                    ],
                    [
                        0.3333333432674408
                    ],
                    [
                        1.0
                    ],
                    [
                        0.3333333432674408
                    ],
                    [
                        0.3333333432674408
                    ],
                    [
                        0.3333333432674408
                    ],
                    [
                        0.3333333432674408
                    ],
                    [
                        0.3333333432674408
                    ],
                    [
                        0.3333333432674408
                    ],
                    [
                        0.3333333432674408
                    ],
                    [
                        0.3333333432674408
                    ],
                    [
                        0.3333333432674408
                    ],
                    [
                        1.0
                    ],
                    [
                        0.3333333432674408
                    ],
                    [
                        0.3333333432674408
                    ],
                    [
                        0.3333333432674408
                    ],
                    [
                        0.3333333432674408
                    ],
                    [
                        0.3333333432674408
                    ]
                ]
            ],
            "returns": [
                [
                    [
                        0.15800000727176666
                    ],
                    [
                        0.1576250046491623
                    ],
                    [
                        0.1574166715145111
                    ],
                    [
                        0.15720833837985992
                    ],
                    [
                        0.15700000524520874
                    ],
                    [
                        0.15679167211055756
                    ],
                    [
                        0.156208336353302
                    ],
                    [
                        0.15562500059604645
                    ],
                    [
                        0.1550000011920929
                    ],
                    [
                        0.15437500178813934
                    ],
                    [
                        0.1537500023841858
                    ],
                    [
                        0.15316666662693024
                    ],
                    [
                        0.15254166722297668
                    ],
                    [
                        0.15191666781902313
                    ],
                    [
                        0.15129166841506958
                    ],
                    [
                        0.1509999930858612
                    ],
                    [
                        0.15037499368190765
                    ],
                    [
                        0.1498333364725113
                    ],
                    [
                        0.14929166436195374
                    ],
                    [
                        0.14883333444595337
                    ]
                ]
            ],
            "timesteps": [
                [
                    980,
                    981,
                    982,
                    983,
                    984,
                    985,
                    986,
                    987,
                    988,
                    989,
                    990,
                    991,
                    992,
                    993,
                    994,
                    995,
                    996,
                    997,
                    998,
                    999
                ]
            ],
            "labels": [
                [
                    0,
                    0,
                    0,
                    0,
                    2,
                    0,
                    0,
                    0,
                    0,
                    0,
                    0,
                    0,
                    0,
                    0,
                    2,
                    0,
                    0,
                    0,
                    0,
                    0
                ]
            ],
            "CPU Usage": 5.4,
            "RAM Usage": 17.4,
            "GPU Usage": 34.0,
            "VRAM Usage": 15400.0,
            "Disk Read Speed (MB/s)": 75057177.68652344,
            "Disk Write Speed (MB/s)": 506878081.01660156
        },
        {
            "step": 1,
            "train_loss": 0.010816420428454876,
            "actions_pred1": [
                [
                    [
                        1.6869593858718872,
                        0.19817064702510834,
                        -1.522220492362976
                    ],
                    [
                        1.9521408081054688,
                        0.11286775767803192,
                        -1.9000954627990723
                    ],
                    [
                        2.414673328399658,
                        0.04490847513079643,
                        -2.0051841735839844
                    ],
                    [
                        2.13375186920166,
                        0.07298780977725983,
                        -1.7469810247421265
                    ],
                    [
                        2.5007059574127197,
                        -0.0021818457171320915,
                        -1.6481775045394897
                    ],
                    [
                        2.53517484664917,
                        -0.11083094775676727,
                        -1.528917908668518
                    ],
                    [
                        2.562962532043457,
                        -0.15685369074344635,
                        -1.795706033706665
                    ],
                    [
                        2.5990054607391357,
                        -0.012426245026290417,
                        -1.804910659790039
                    ],
                    [
                        2.3952853679656982,
                        -0.18434636294841766,
                        -1.9485235214233398
                    ],
                    [
                        2.4824368953704834,
                        -0.09957481920719147,
                        -1.811942458152771
                    ],
                    [
                        2.73307466506958,
                        -0.14283473789691925,
                        -1.8586231470108032
                    ],
                    [
                        2.9334514141082764,
                        -0.1699528843164444,
                        -1.710670828819275
                    ],
                    [
                        2.600572109222412,
                        -0.13732777535915375,
                        -1.9437862634658813
                    ],
                    [
                        2.7642416954040527,
                        -0.055204588919878006,
                        -1.915892481803894
                    ],
                    [
                        2.4232189655303955,
                        0.03510887548327446,
                        -1.2368508577346802
                    ],
                    [
                        2.202394723892212,
                        -0.20754854381084442,
                        -1.368000864982605
                    ],
                    [
                        1.9409066438674927,
                        -0.13433526456356049,
                        -1.6011940240859985
                    ],
                    [
                        2.214663505554199,
                        -0.20255832374095917,
                        -1.4175764322280884
                    ],
                    [
                        2.278752326965332,
                        -0.19918037950992584,
                        -1.869911551475525
                    ],
                    [
                        2.8156261444091797,
                        -0.22517667710781097,
                        -1.6099143028259277
                    ]
                ]
            ],
            "actions_pred": [
                [
                    [
                        1.6869593858718872,
                        1.9521408081054688,
                        2.414673328399658,
                        2.13375186920166,
                        2.5007059574127197,
                        2.53517484664917,
                        2.562962532043457,
                        2.5990054607391357,
                        2.3952853679656982,
                        2.4824368953704834,
                        2.73307466506958,
                        2.9334514141082764,
                        2.600572109222412,
                        2.7642416954040527,
                        2.4232189655303955,
                        2.202394723892212,
                        1.9409066438674927,
                        2.214663505554199,
                        2.278752326965332,
                        2.8156261444091797
                    ],
                    [
                        0.19817064702510834,
                        0.11286775767803192,
                        0.04490847513079643,
                        0.07298780977725983,
                        -0.0021818457171320915,
                        -0.11083094775676727,
                        -0.15685369074344635,
                        -0.012426245026290417,
                        -0.18434636294841766,
                        -0.09957481920719147,
                        -0.14283473789691925,
                        -0.1699528843164444,
                        -0.13732777535915375,
                        -0.055204588919878006,
                        0.03510887548327446,
                        -0.20754854381084442,
                        -0.13433526456356049,
                        -0.20255832374095917,
                        -0.19918037950992584,
                        -0.22517667710781097
                    ],
                    [
                        -1.522220492362976,
                        -1.9000954627990723,
                        -2.0051841735839844,
                        -1.7469810247421265,
                        -1.6481775045394897,
                        -1.528917908668518,
                        -1.795706033706665,
                        -1.804910659790039,
                        -1.9485235214233398,
                        -1.811942458152771,
                        -1.8586231470108032,
                        -1.710670828819275,
                        -1.9437862634658813,
                        -1.915892481803894,
                        -1.2368508577346802,
                        -1.368000864982605,
                        -1.6011940240859985,
                        -1.4175764322280884,
                        -1.869911551475525,
                        -1.6099143028259277
                    ]
                ]
            ],
            "states": [
                [
                    [
                        0.0,
                        0.0,
                        601263296.0,
                        140000.0,
                        16133444608.0,
                        0.0,
                        6698357.0,
                        81.0
                    ],
                    [
                        0.0,
                        0.0,
                        601263296.0,
                        140000.0,
                        16734708736.0,
                        0.0,
                        6698409.0,
                        81.0
                    ],
                    [
                        0.0,
                        0.0,
                        601263296.0,
                        140000.0,
                        17335971840.0,
                        0.0,
                        6698461.0,
                        81.0
                    ],
                    [
                        0.0,
                        0.0,
                        601263296.0,
                        140000.0,
                        17937233920.0,
                        0.0,
                        6698541.0,
                        81.0
                    ],
                    [
                        0.0,
                        0.0,
                        601263296.0,
                        140000.0,
                        18538498048.0,
                        0.0,
                        6698593.0,
                        81.0
                    ],
                    [
                        0.0,
                        0.0,
                        634817728.0,
                        110000.0,
                        9488710656.0,
                        0.0,
                        6702449.0,
                        82.0
                    ],
                    [
                        0.0,
                        0.0,
                        634817728.0,
                        110000.0,
                        10123529216.0,
                        0.0,
                        6702501.0,
                        82.0
                    ],
                    [
                        0.0,
                        0.0,
                        634817728.0,
                        70000.0,
                        10758346752.0,
                        0.0,
                        6702581.0,
                        82.0
                    ],
                    [
                        0.0,
                        0.0,
                        634817728.0,
                        70000.0,
                        11393164288.0,
                        0.0,
                        6702661.0,
                        82.0
                    ],
                    [
                        0.0,
                        0.0,
                        634817728.0,
                        70000.0,
                        12027981824.0,
                        0.0,
                        6702733.0,
                        82.0
                    ],
                    [
                        0.0,
                        0.0,
                        634817728.0,
                        110000.0,
                        10123529216.0,
                        0.0,
                        6702501.0,
                        82.0
                    ],
                    [
                        0.0,
                        0.0,
                        634817728.0,
                        70000.0,
                        10758346752.0,
                        0.0,
                        6702581.0,
                        82.0
                    ],
                    [
                        0.0,
                        0.0,
                        634817728.0,
                        70000.0,
                        11393164288.0,
                        0.0,
                        6702661.0,
                        82.0
                    ],
                    [
                        0.0,
                        0.0,
                        634817728.0,
                        70000.0,
                        12027981824.0,
                        0.0,
                        6702733.0,
                        82.0
                    ],
                    [
                        0.0,
                        0.0,
                        634817728.0,
                        70000.0,
                        0.0,
                        0.0,
                        6702813.0,
                        82.0
                    ],
                    [
                        1.0,
                        150000.0,
                        0.0,
                        0.0,
                        0.0,
                        0.0,
                        6135646.0,
                        0.0
                    ],
                    [
                        1.0,
                        150000.0,
                        0.0,
                        0.0,
                        0.0,
                        0.0,
                        6137146.0,
                        0.0
                    ],
                    [
                        1.0,
                        150000.0,
                        0.0,
                        0.0,
                        0.0,
                        0.0,
                        6138646.0,
                        0.0
                    ],
                    [
                        1.0,
                        150000.0,
                        0.0,
                        0.0,
                        0.0,
                        0.0,
                        6140146.0,
                        0.0
                    ],
                    [
                        0.0,
                        0.0,
                        504626496.0,
                        80000.0,
                        5510626304.0,
                        0.0,
                        6703585.0,
                        83.0
                    ]
                ]
            ],
            "actions": [
                [
                    [
                        0.3333333432674408
                    ],
                    [
                        0.3333333432674408
                    ],
                    [
                        0.3333333432674408
                    ],
                    [
                        0.3333333432674408
                    ],
                    [
                        0.6666666865348816
                    ],
                    [
                        0.3333333432674408
                    ],
                    [
                        0.3333333432674408
                    ],
                    [
                        0.3333333432674408
                    ],
                    [
                        0.3333333432674408
                    ],
                    [
                        0.3333333432674408
                    ],
                    [
                        0.3333333432674408
                    ],
                    [
                        0.3333333432674408
                    ],
                    [
                        0.3333333432674408
                    ],
                    [
                        0.3333333432674408
                    ],
                    [
                        0.6666666865348816
                    ],
                    [
                        0.3333333432674408
                    ],
                    [
                        0.3333333432674408
                    ],
                    [
                        0.3333333432674408
                    ],
                    [
                        0.3333333432674408
                    ],
                    [
                        0.3333333432674408
                    ]
                ]
            ],
            "returns": [
                [
                    [
                        0.20370833575725555
                    ],
                    [
                        0.203125
                    ],
                    [
                        0.20254166424274445
                    ],
                    [
                        0.2019583284854889
                    ],
                    [
                        0.20137499272823334
                    ],
                    [
                        0.20079167187213898
                    ],
                    [
                        0.20033332705497742
                    ],
                    [
                        0.19987499713897705
                    ],
                    [
                        0.19958333671092987
                    ],
                    [
                        0.1992916613817215
                    ],
                    [
                        0.19900000095367432
                    ],
                    [
                        0.19854167103767395
                    ],
                    [
                        0.19824999570846558
                    ],
                    [
                        0.1979583352804184
                    ],
                    [
                        0.19766665995121002
                    ],
                    [
                        0.19737499952316284
                    ],
                    [
                        0.19737499952316284
                    ],
                    [
                        0.19737499952316284
                    ],
                    [
                        0.19737499952316284
                    ],
                    [
                        0.19737499952316284
                    ]
                ]
            ],
            "timesteps": [
                [
                    820,
                    821,
                    822,
                    823,
                    824,
                    825,
                    826,
                    827,
                    828,
                    829,
                    830,
                    831,
                    832,
                    833,
                    834,
                    835,
                    836,
                    837,
                    838,
                    839
                ]
            ],
            "labels": [
                [
                    0,
                    0,
                    0,
                    0,
                    1,
                    0,
                    0,
                    0,
                    0,
                    0,
                    0,
                    0,
                    0,
                    0,
                    1,
                    0,
                    0,
                    0,
                    0,
                    0
                ]
            ],
            "CPU Usage": 6.4,
            "RAM Usage": 17.4,
            "GPU Usage": 73.0,
            "VRAM Usage": 15400.0,
            "Disk Read Speed (MB/s)": 75057177.68652344,
            "Disk Write Speed (MB/s)": 506878081.01660156
        },
        {
            "step": 2,
            "train_loss": 0.010945137590169907,
            "actions_pred1": [
                [
                    [
                        1.1627862453460693,
                        0.39978471398353577,
                        -1.2245278358459473
                    ],
                    [
                        1.3812283277511597,
                        0.17820610105991364,
                        -0.9381900429725647
                    ],
                    [
                        1.5398597717285156,
                        0.07057149708271027,
                        -1.450539469718933
                    ],
                    [
                        1.9665215015411377,
                        0.1750967651605606,
                        -1.45564603805542
                    ],
                    [
                        2.081230401992798,
                        0.5485092401504517,
                        -1.1846725940704346
                    ],
                    [
                        1.9625355005264282,
                        0.08271986246109009,
                        -1.520871639251709
                    ],
                    [
                        1.9784079790115356,
                        0.11667785048484802,
                        -1.538976788520813
                    ],
                    [
                        1.966451644897461,
                        0.15569160878658295,
                        -1.7597858905792236
                    ],
                    [
                        2.3225197792053223,
                        0.2693253755569458,
                        -1.5156909227371216
                    ],
                    [
                        2.2222399711608887,
                        -0.09074774384498596,
                        -1.794244647026062
                    ],
                    [
                        2.3329784870147705,
                        0.004584384150803089,
                        -1.6422746181488037
                    ],
                    [
                        2.4243361949920654,
                        -0.02029319480061531,
                        -1.7944236993789673
                    ],
                    [
                        2.285581111907959,
                        0.07425852119922638,
                        -1.671168565750122
                    ],
                    [
                        2.6730098724365234,
                        0.12137384712696075,
                        -1.538856863975525
                    ],
                    [
                        2.262225866317749,
                        -0.06429047882556915,
                        -1.5335546731948853
                    ],
                    [
                        2.69462251663208,
                        0.04583759233355522,
                        -1.4899985790252686
                    ],
                    [
                        2.6237714290618896,
                        -0.18960484862327576,
                        -1.6896308660507202
                    ],
                    [
                        2.538971424102783,
                        0.04316416010260582,
                        -2.0094852447509766
                    ],
                    [
                        2.57643461227417,
                        0.11289595067501068,
                        -1.73776113986969
                    ],
                    [
                        2.638852834701538,
                        0.034287553280591965,
                        -1.5758857727050781
                    ]
                ]
            ],
            "actions_pred": [
                [
                    [
                        1.1627862453460693,
                        1.3812283277511597,
                        1.5398597717285156,
                        1.9665215015411377,
                        2.081230401992798,
                        1.9625355005264282,
                        1.9784079790115356,
                        1.966451644897461,
                        2.3225197792053223,
                        2.2222399711608887,
                        2.3329784870147705,
                        2.4243361949920654,
                        2.285581111907959,
                        2.6730098724365234,
                        2.262225866317749,
                        2.69462251663208,
