{
    "steps": [
        {
            "step": 0,
            "train_loss": 0.030154746025800705,
            "actions_pred1": [
                [
                    [
                        0.8814053535461426,
                        -1.346670150756836,
                        -1.6477473974227905
                    ],
                    [
                        0.683723509311676,
                        -1.2452555894851685,
                        -1.5833892822265625
                    ],
                    [
                        1.383569359779358,
                        -0.7299628853797913,
                        -1.3280614614486694
                    ],
                    [
                        1.7802492380142212,
                        -0.780255138874054,
                        -1.1554210186004639
                    ],
                    [
                        1.6333082914352417,
                        -0.4454643726348877,
                        -1.4864606857299805
                    ],
                    [
                        1.5752140283584595,
                        -0.6223450899124146,
                        -1.7601009607315063
                    ],
                    [
                        2.026512384414673,
                        -0.3685562014579773,
                        -1.667363166809082
                    ],
                    [
                        2.1445460319519043,
                        -0.5517171621322632,
                        -1.6705924272537231
                    ],
                    [
                        2.0508196353912354,
                        -0.41908055543899536,
                        -1.2276012897491455
                    ],
                    [
                        2.3970868587493896,
                        -0.4709782898426056,
                        -1.4190434217453003
                    ],
                    [
                        1.8954901695251465,
                        -0.5727164149284363,
                        -1.734251618385315
                    ],
                    [
                        2.2883872985839844,
                        -0.4518502354621887,
                        -1.5629714727401733
                    ],
                    [
                        2.092662811279297,
                        -0.4098677337169647,
                        -1.3128018379211426
                    ],
                    [
                        2.389470100402832,
                        -0.42594125866889954,
                        -1.5662800073623657
                    ],
                    [
                        2.1447763442993164,
                        -0.43441182374954224,
                        -1.3343793153762817
                    ],
                    [
                        2.238032579421997,
                        -0.4176529049873352,
                        -1.2807071208953857
                    ],
                    [
                        2.4181058406829834,
                        -0.465917706489563,
                        -1.3432292938232422
                    ],
                    [
                        2.317481279373169,
                        -0.5173552632331848,
                        -1.3219797611236572
                    ],
                    [
                        2.2713451385498047,
                        -0.22590325772762299,
                        -1.5389564037322998
                    ],
                    [
                        2.555922746658325,
                        -0.37661653757095337,
                        -1.4283150434494019
                    ]
                ]
            ],
            "actions_pred": [
                [
                    [
                        0.8814053535461426,
                        0.683723509311676,
                        1.383569359779358,
                        1.7802492380142212,
                        1.6333082914352417,
                        1.5752140283584595,
                        2.026512384414673,
                        2.1445460319519043,
                        2.0508196353912354,
                        2.3970868587493896,
                        1.8954901695251465,
                        2.2883872985839844,
                        2.092662811279297,
                        2.389470100402832,
                        2.1447763442993164,
                        2.238032579421997,
                        2.4181058406829834,
                        2.317481279373169,
                        2.2713451385498047,
                        2.555922746658325
                    ],
                    [
                        -1.346670150756836,
                        -1.2452555894851685,
                        -0.7299628853797913,
                        -0.780255138874054,
                        -0.4454643726348877,
                        -0.6223450899124146,
                        -0.3685562014579773,
                        -0.5517171621322632,
                        -0.41908055543899536,
                        -0.4709782898426056,
                        -0.5727164149284363,
                        -0.4518502354621887,
                        -0.4098677337169647,
                        -0.42594125866889954,
                        -0.43441182374954224,
                        -0.4176529049873352,
                        -0.465917706489563,
                        -0.5173552632331848,
                        -0.22590325772762299,
                        -0.37661653757095337
                    ],
                    [
                        -1.6477473974227905,
                        -1.5833892822265625,
                        -1.3280614614486694,
                        -1.1554210186004639,
                        -1.4864606857299805,
                        -1.7601009607315063,
                        -1.667363166809082,
                        -1.6705924272537231,
                        -1.2276012897491455,
                        -1.4190434217453003,
                        -1.734251618385315,
                        -1.5629714727401733,
                        -1.3128018379211426,
                        -1.5662800073623657,
                        -1.3343793153762817,
                        -1.2807071208953857,
                        -1.3432292938232422,
                        -1.3219797611236572,
                        -1.5389564037322998,
                        -1.4283150434494019
                    ]
                ]
            ],
            "states": [
                [
                    [
                        0.0,
                        0.0,
                        124402392.0,
                        30000.0,
                        17722372096.0,
                        0.0,
                        11536797.0,
                        123.0
                    ],
                    [
                        0.0,
                        0.0,
                        124402392.0,
                        30000.0,
                        17846773760.0,
                        0.0,
                        11538297.0,
                        123.0
                    ],
                    [
                        0.0,
                        0.0,
                        124402392.0,
                        30000.0,
                        17971177472.0,
                        0.0,
                        11538349.0,
                        123.0
                    ],
                    [
                        0.0,
                        0.0,
                        124402392.0,
                        30000.0,
                        18095579136.0,
                        0.0,
                        11539849.0,
                        123.0
                    ],
                    [
                        0.0,
                        0.0,
                        124402392.0,
                        30000.0,
                        18219982848.0,
                        0.0,
                        11541349.0,
                        123.0
                    ],
                    [
                        0.0,
                        0.0,
                        124402392.0,
                        30000.0,
                        17971177472.0,
                        0.0,
                        11538349.0,
                        123.0
                    ],
                    [
                        0.0,
                        0.0,
                        124402392.0,
                        30000.0,
                        18095579136.0,
                        0.0,
                        11539849.0,
                        123.0
                    ],
                    [
                        0.0,
                        0.0,
                        124402392.0,
                        30000.0,
                        18219982848.0,
                        0.0,
                        11541349.0,
                        123.0
                    ],
                    [
                        0.0,
                        0.0,
                        59306792.0,
                        40000.0,
                        18279288832.0,
                        0.0,
                        11541401.0,
                        123.0
                    ],
                    [
                        0.0,
                        0.0,
                        59306792.0,
                        40000.0,
                        18338594816.0,
                        0.0,
                        11542901.0,
                        123.0
                    ],
                    [
                        0.0,
                        0.0,
                        124402392.0,
                        30000.0,
                        18095579136.0,
                        0.0,
                        11539849.0,
                        123.0
                    ],
                    [
                        0.0,
                        0.0,
                        124402392.0,
                        30000.0,
                        18219982848.0,
                        0.0,
                        11541349.0,
                        123.0
                    ],
                    [
                        0.0,
                        0.0,
                        59306792.0,
                        40000.0,
                        18279288832.0,
                        0.0,
                        11541401.0,
                        123.0
                    ],
                    [
                        0.0,
                        0.0,
                        59306792.0,
                        40000.0,
                        18338594816.0,
                        0.0,
                        11542901.0,
                        123.0
                    ],
                    [
                        0.0,
                        0.0,
                        59306792.0,
                        40000.0,
                        18397902848.0,
                        0.0,
                        11544401.0,
                        123.0
                    ],
                    [
                        0.0,
                        0.0,
                        64675500.0,
                        60000.0,
                        2851843840.0,
                        0.0,
                        11564221.0,
                        124.0
                    ],
                    [
                        0.0,
                        0.0,
                        64675500.0,
                        60000.0,
                        2916519168.0,
                        0.0,
                        11564273.0,
                        124.0
                    ],
                    [
                        1.0,
                        105000.0,
                        739899.0,
                        70000.0,
                        1466009.0,
                        0.0,
                        11969198.0,
                        0.0
                    ],
                    [
                        1.0,
                        105000.0,
                        739899.0,
                        70000.0,
                        2205908.0,
                        0.0,
                        11970698.0,
                        0.0
                    ],
                    [
                        1.0,
                        105000.0,
                        739899.0,
                        70000.0,
                        2945807.0,
                        0.0,
                        11972198.0,
                        0.0
                    ]
                ]
            ],
            "actions": [
                [
                    [
                        0.3333333432674408
                    ],
                    [
                        0.3333333432674408
                    ],
                    [
                        0.3333333432674408
                    ],
                    [
                        0.3333333432674408
                    ],
                    [
                        0.3333333432674408
                    ],
                    [
                        0.3333333432674408
                    ],
                    [
                        0.3333333432674408
                    ],
                    [
                        0.3333333432674408
                    ],
                    [
                        1.0
                    ],
                    [
                        1.0
                    ],
                    [
                        0.3333333432674408
                    ],
                    [
                        0.3333333432674408
                    ],
                    [
                        1.0
                    ],
                    [
                        1.0
                    ],
                    [
                        0.6666666865348816
                    ],
                    [
                        0.3333333432674408
                    ],
                    [
                        0.3333333432674408
                    ],
                    [
                        0.3333333432674408
                    ],
                    [
                        0.3333333432674408
                    ],
                    [
                        0.3333333432674408
                    ]
                ]
            ],
            "returns": [
                [
                    [
                        0.03312499821186066
                    ],
                    [
                        0.032999999821186066
                    ],
                    [
                        0.032875001430511475
                    ],
                    [
                        0.032749999314546585
                    ],
                    [
                        0.032625000923871994
                    ],
                    [
                        0.032499998807907104
                    ],
                    [
                        0.03237500041723251
                    ],
                    [
                        0.032249998301267624
                    ],
                    [
                        0.03212499991059303
                    ],
                    [
                        0.031958334147930145
                    ],
                    [
                        0.03179166838526726
                    ],
                    [
                        0.03166666626930237
                    ],
                    [
                        0.03154166787862778
                    ],
                    [
                        0.03137499839067459
                    ],
                    [
                        0.031208332628011703
                    ],
                    [
                        0.031041666865348816
                    ],
                    [
                        0.030791666358709335
                    ],
                    [
                        0.030541665852069855
                    ],
                    [
                        0.030249999836087227
                    ],
                    [
                        0.0299583338201046
                    ]
                ]
            ],
            "timesteps": [
                [
                    1300,
                    1301,
                    1302,
                    1303,
                    1304,
                    1305,
                    1306,
                    1307,
                    1308,
                    1309,
                    1310,
                    1311,
                    1312,
                    1313,
                    1314,
                    1315,
                    1316,
                    1317,
                    1318,
                    1319
                ]
            ],
            "labels": [
                [
                    0,
                    0,
                    0,
                    0,
                    0,
                    0,
                    0,
                    0,
                    2,
                    2,
                    0,
                    0,
                    2,
                    2,
                    1,
                    0,
                    0,
                    0,
                    0,
                    0
                ]
            ],
            "CPU Usage": 5.0,
            "RAM Usage": 17.4,
            "GPU Usage": 15.0,
            "VRAM Usage": 15400.0,
            "Disk Read Speed (MB/s)": 75057177.68652344,
            "Disk Write Speed (MB/s)": 506878060.05566406
        },
        {
            "step": 1,
            "train_loss": 0.014141323044896126,
            "actions_pred1": [
                [
                    [
                        2.224493980407715,
                        -0.25522539019584656,
                        -0.9252251982688904
                    ],
                    [
                        2.538618564605713,
                        -0.13288243114948273,
                        -1.0449472665786743
                    ],
                    [
                        2.561882495880127,
                        -0.15583576261997223,
                        -1.0269787311553955
                    ],
                    [
                        2.356956720352173,
                        -0.1958063840866089,
                        -1.3310296535491943
                    ],
                    [
                        2.3358705043792725,
                        -0.0641232579946518,
                        -1.1528600454330444
                    ],
                    [
                        2.7172627449035645,
                        -0.15978525578975677,
                        -1.3427186012268066
                    ],
                    [
                        2.845228433609009,
                        -0.23448558151721954,
                        -1.1433210372924805
                    ],
                    [
                        2.9585816860198975,
                        -0.28009337186813354,
                        -1.390525460243225
                    ],
                    [
                        3.0164129734039307,
                        -0.2653287649154663,
                        -1.0211238861083984
                    ],
                    [
                        2.783885955810547,
                        0.0937948226928711,
                        -1.5444997549057007
                    ],
                    [
                        2.7440760135650635,
                        -0.23683328926563263,
                        -1.2071433067321777
                    ],
                    [
                        2.885044574737549,
                        -0.1453363001346588,
                        -1.4184160232543945
                    ],
                    [
                        2.7141683101654053,
                        -0.2124338001012802,
                        -1.2177122831344604
                    ],
                    [
                        2.7362823486328125,
                        -0.3092550039291382,
                        -1.2173603773117065
                    ],
                    [
                        2.245426893234253,
                        -0.1819945126771927,
                        -0.9480770826339722
                    ],
                    [
                        2.68288254737854,
                        -0.002084699459373951,
                        -1.0939574241638184
                    ],
                    [
                        2.899658203125,
                        -0.31798040866851807,
                        -1.1154367923736572
                    ],
                    [
                        2.831676483154297,
                        -0.414842426776886,
                        -1.0848379135131836
                    ],
                    [
                        2.8486130237579346,
                        -0.2673790156841278,
                        -1.015288233757019
                    ],
                    [
                        2.761972665786743,
                        -0.37389346957206726,
                        -1.242218017578125
                    ]
                ]
            ],
            "actions_pred": [
                [
                    [
                        2.224493980407715,
                        2.538618564605713,
                        2.561882495880127,
                        2.356956720352173,
                        2.3358705043792725,
                        2.7172627449035645,
                        2.845228433609009,
                        2.9585816860198975,
                        3.0164129734039307,
                        2.783885955810547,
                        2.7440760135650635,
                        2.885044574737549,
                        2.7141683101654053,
                        2.7362823486328125,
                        2.245426893234253,
                        2.68288254737854,
                        2.899658203125,
                        2.831676483154297,
                        2.8486130237579346,
                        2.761972665786743
                    ],
                    [
                        -0.25522539019584656,
                        -0.13288243114948273,
                        -0.15583576261997223,
                        -0.1958063840866089,
                        -0.0641232579946518,
                        -0.15978525578975677,
                        -0.23448558151721954,
                        -0.28009337186813354,
                        -0.2653287649154663,
                        0.0937948226928711,
                        -0.23683328926563263,
                        -0.1453363001346588,
                        -0.2124338001012802,
                        -0.3092550039291382,
                        -0.1819945126771927,
                        -0.002084699459373951,
                        -0.31798040866851807,
                        -0.414842426776886,
                        -0.2673790156841278,
                        -0.37389346957206726
                    ],
                    [
                        -0.9252251982688904,
                        -1.0449472665786743,
                        -1.0269787311553955,
                        -1.3310296535491943,
                        -1.1528600454330444,
                        -1.3427186012268066,
                        -1.1433210372924805,
                        -1.390525460243225,
                        -1.0211238861083984,
                        -1.5444997549057007,
                        -1.2071433067321777,
                        -1.4184160232543945,
                        -1.2177122831344604,
                        -1.2173603773117065,
                        -0.9480770826339722,
                        -1.0939574241638184,
                        -1.1154367923736572,
                        -1.0848379135131836,
                        -1.015288233757019,
                        -1.242218017578125
                    ]
                ]
            ],
            "states": [
                [
                    [
                        0.0,
                        0.0,
                        401474176.0,
                        110000.0,
                        2408845056.0,
                        0.0,
                        3264413.0,
                        21.0
                    ],
                    [
                        0.0,
                        0.0,
                        401474176.0,
                        110000.0,
                        2810319104.0,
                        0.0,
                        3265913.0,
                        21.0
                    ],
                    [
                        0.0,
                        0.0,
                        401474176.0,
                        110000.0,
                        3211793408.0,
                        0.0,
                        3267413.0,
                        21.0
                    ],
                    [
                        0.0,
                        0.0,
                        401474176.0,
                        110000.0,
                        3613267456.0,
                        0.0,
                        3268913.0,
                        21.0
                    ],
                    [
                        0.0,
                        0.0,
                        401474176.0,
                        110000.0,
                        0.0,
                        0.0,
                        3270413.0,
                        21.0
                    ],
                    [
                        1.0,
                        120000.0,
                        9830.0,
                        10000.0,
                        196595.0,
                        0.0,
                        2393146.0,
                        0.0
                    ],
                    [
                        0.0,
                        0.0,
                        426975520.0,
                        110000.0,
                        2032872192.0,
                        0.0,
                        3277913.0,
                        22.0
                    ],
                    [
                        0.0,
                        0.0,
                        426975520.0,
                        110000.0,
                        2459847680.0,
                        0.0,
                        3279413.0,
                        22.0
                    ],
                    [
                        0.0,
                        0.0,
                        426975520.0,
                        110000.0,
                        2886823168.0,
                        0.0,
                        3280913.0,
                        22.0
                    ],
                    [
                        0.0,
                        0.0,
                        426975520.0,
                        110000.0,
                        3313798912.0,
                        0.0,
                        3282413.0,
                        22.0
                    ],
                    [
                        0.0,
                        0.0,
                        426975520.0,
                        110000.0,
                        2032872192.0,
                        0.0,
                        3277913.0,
                        22.0
                    ],
                    [
                        0.0,
                        0.0,
                        426975520.0,
                        110000.0,
                        2459847680.0,
                        0.0,
                        3279413.0,
                        22.0
                    ],
                    [
                        0.0,
                        0.0,
                        426975520.0,
                        110000.0,
                        2886823168.0,
                        0.0,
                        3280913.0,
                        22.0
                    ],
                    [
                        0.0,
                        0.0,
                        426975520.0,
                        110000.0,
                        3313798912.0,
                        0.0,
                        3282413.0,
                        22.0
                    ],
                    [
                        0.0,
                        0.0,
                        426975520.0,
                        110000.0,
                        0.0,
                        0.0,
                        3283913.0,
                        22.0
                    ],
                    [
                        0.0,
                        0.0,
                        426975520.0,
                        110000.0,
                        0.0,
                        0.0,
                        3283913.0,
                        22.0
                    ],
                    [
                        0.0,
                        0.0,
                        426975520.0,
                        110000.0,
                        426975520.0,
                        0.0,
                        3285413.0,
                        23.0
                    ],
                    [
                        0.0,
                        0.0,
                        426975520.0,
                        110000.0,
                        853951040.0,
                        0.0,
                        3286913.0,
                        23.0
                    ],
                    [
                        0.0,
                        0.0,
                        426975520.0,
                        110000.0,
                        1280926592.0,
                        0.0,
                        3288413.0,
                        23.0
                    ],
                    [
                        0.0,
                        0.0,
                        426975520.0,
                        110000.0,
                        1707902080.0,
                        0.0,
                        3289913.0,
                        23.0
                    ]
                ]
            ],
            "actions": [
                [
                    [
                        0.3333333432674408
                    ],
                    [
                        0.3333333432674408
                    ],
                    [
                        0.3333333432674408
                    ],
                    [
                        0.3333333432674408
                    ],
                    [
                        0.6666666865348816
                    ],
                    [
                        0.3333333432674408
                    ],
                    [
                        0.3333333432674408
                    ],
                    [
                        0.3333333432674408
                    ],
                    [
                        0.3333333432674408
                    ],
                    [
                        0.3333333432674408
                    ],
                    [
                        0.3333333432674408
                    ],
                    [
                        0.3333333432674408
                    ],
                    [
                        0.3333333432674408
                    ],
                    [
                        0.3333333432674408
                    ],
                    [
                        0.6666666865348816
                    ],
                    [
                        0.6666666865348816
                    ],
                    [
                        0.3333333432674408
                    ],
                    [
                        0.3333333432674408
                    ],
                    [
                        0.3333333432674408
                    ],
                    [
                        0.3333333432674408
                    ]
                ]
            ],
            "returns": [
                [
                    [
                        0.48995834589004517
                    ],
                    [
                        0.4894999861717224
                    ],
                    [
                        0.48904165625572205
                    ],
                    [
                        0.4885833263397217
                    ],
                    [
                        0.4881249964237213
                    ],
                    [
                        0.48766666650772095
                    ],
                    [
                        0.48762500286102295
                    ],
                    [
                        0.4871666729450226
                    ],
                    [
                        0.4867083430290222
                    ],
                    [
                        0.48625001311302185
                    ],
                    [
                        0.4857916533946991
                    ],
                    [
                        0.48533332347869873
                    ],
                    [
                        0.48487499356269836
                    ],
                    [
                        0.484416663646698
                    ],
                    [
                        0.48395833373069763
                    ],
                    [
                        0.48350000381469727
                    ],
                    [
                        0.4830416738986969
                    ],
                    [
                        0.48258334398269653
                    ],
                    [
                        0.48212501406669617
                    ],
                    [
                        0.4816666543483734
                    ]
                ]
            ],
            "timesteps": [
                [
                    220,
                    221,
                    222,
                    223,
                    224,
                    225,
                    226,
                    227,
                    228,
                    229,
                    230,
                    231,
                    232,
                    233,
                    234,
                    235,
                    236,
                    237,
                    238,
                    239
                ]
            ],
            "labels": [
                [
                    0,
                    0,
                    0,
                    0,
                    1,
                    0,
                    0,
                    0,
                    0,
                    0,
                    0,
                    0,
                    0,
                    0,
                    1,
                    1,
                    0,
                    0,
                    0,
                    0
                ]
            ],
            "CPU Usage": 4.6,
            "RAM Usage": 17.4,
            "GPU Usage": 56.99999999999999,
            "VRAM Usage": 15400.0,
            "Disk Read Speed (MB/s)": 75057177.68652344,
            "Disk Write Speed (MB/s)": 506878060.05566406
        },
        {
            "step": 2,
            "train_loss": 0.010928499512374401,
            "actions_pred1": [
                [
                    [
                        1.8960846662521362,
                        -0.5697345733642578,
                        -1.478578805923462
                    ],
                    [
                        1.6007674932479858,
                        -0.534131646156311,
                        -1.2632410526275635
                    ],
                    [
                        1.7535759210586548,
                        -0.44755151867866516,
                        -1.3514111042022705
                    ],
                    [
                        2.089824676513672,
                        -0.5492044687271118,
                        -1.2117547988891602
                    ],
                    [
                        2.0197174549102783,
                        -0.30430617928504944,
                        -1.179639458656311
                    ],
                    [
                        2.0314459800720215,
                        -0.17631955444812775,
                        -1.3225674629211426
                    ],
                    [
                        2.1346421241760254,
                        -0.30294346809387207,
                        -1.2002589702606201
                    ],
                    [
                        2.3387677669525146,
                        -0.3700803518295288,
                        -1.0170620679855347
                    ],
                    [
                        2.363309860229492,
                        -0.6502686738967896,
                        -1.2432291507720947
                    ],
                    [
                        2.4036638736724854,
                        -0.38245782256126404,
                        -1.012507438659668
                    ],
                    [
                        2.137329339981079,
                        -0.39766114950180054,
                        -1.2314764261245728
                    ],
                    [
                        2.197993040084839,
                        -0.13822270929813385,
                        -1.1338317394256592
                    ],
                    [
                        2.424330711364746,
                        -0.2853318452835083,
                        -1.0392969846725464
                    ],
                    [
                        2.2717130184173584,
                        -0.42889997363090515,
                        -1.2046728134155273
                    ],
                    [
                        2.1357104778289795,
                        -0.362684041261673,
                        -1.0834159851074219
                    ],
                    [
                        2.4919612407684326,
                        -0.27806973457336426,
                        -0.9919347167015076
                    ],
                    [
                        2.3870246410369873,
                        -0.21393388509750366,
                        -1.123094916343689
                    ],
                    [
                        2.3493080139160156,
                        -0.2630549371242523,
                        -0.9575837850570679
                    ],
                    [
                        2.4559860229492188,
                        -0.2694767117500305,
                        -1.0924019813537598
                    ],
                    [
                        2.4889094829559326,
                        -0.1728435605764389,
                        -1.1497890949249268
                    ]
                ]
            ],
            "actions_pred": [
                [
                    [
                        1.8960846662521362,
                        1.6007674932479858,
                        1.7535759210586548,
                        2.089824676513672,
                        2.0197174549102783,
                        2.0314459800720215,
                        2.1346421241760254,
                        2.3387677669525146,
                        2.363309860229492,
                        2.4036638736724854,
                        2.137329339981079,
                        2.197993040084839,
                        2.424330711364746,
