{
    "steps": [
        {
            "step": 0,
            "train_loss": 0.005592288915067911,
            "actions_pred1": [
                [
                    [
                        3.642798662185669,
                        -1.87931227684021,
                        -1.712792158126831
                    ],
                    [
                        3.5153825283050537,
                        -1.526953935623169,
                        -2.2609217166900635
                    ],
                    [
                        3.88325834274292,
                        -1.3135759830474854,
                        -2.5471384525299072
                    ],
                    [
                        3.2254443168640137,
                        0.029314760118722916,
                        -2.2525980472564697
                    ],
                    [
                        2.6606781482696533,
                        -0.28728625178337097,
                        -2.115293264389038
                    ],
                    [
                        2.4481213092803955,
                        -0.3114164471626282,
                        -2.200899124145508
                    ],
                    [
                        2.5983099937438965,
                        -0.5040290951728821,
                        -1.8270941972732544
                    ],
                    [
                        2.8870608806610107,
                        -0.7064420580863953,
                        -1.8094987869262695
                    ],
                    [
                        3.034423589706421,
                        -0.36444926261901855,
                        -1.7329769134521484
                    ],
                    [
                        3.071108341217041,
                        -0.6086656451225281,
                        -1.1523927450180054
                    ],
                    [
                        3.782320737838745,
                        -0.921970009803772,
                        -1.9864671230316162
                    ],
                    [
                        2.7363381385803223,
                        -0.12238851189613342,
                        -1.3854182958602905
                    ],
                    [
                        3.2945046424865723,
                        -0.0444791205227375,
                        -1.4959348440170288
                    ],
                    [
                        2.816481590270996,
                        -0.17638221383094788,
                        -1.830492377281189
                    ],
                    [
                        -0.2162814885377884,
                        3.5029537677764893,
                        -1.2310904264450073
                    ],
                    [
                        4.242241382598877,
                        -1.6975619792938232,
                        -1.5546163320541382
                    ],
                    [
                        4.644399642944336,
                        -1.360146403312683,
                        -1.457351803779602
                    ],
                    [
                        3.6594178676605225,
                        -0.33465003967285156,
                        -1.7687348127365112
                    ],
                    [
                        4.196091651916504,
                        -1.4484682083129883,
                        -1.8593534231185913
                    ],
                    [
                        4.482242107391357,
                        -1.1954439878463745,
                        -1.686448574066162
                    ]
                ]
            ],
            "actions_pred": [
                [
                    [
                        3.642798662185669,
                        3.5153825283050537,
                        3.88325834274292,
                        3.2254443168640137,
                        2.6606781482696533,
                        2.4481213092803955,
                        2.5983099937438965,
                        2.8870608806610107,
                        3.034423589706421,
                        3.071108341217041,
                        3.782320737838745,
                        2.7363381385803223,
                        3.2945046424865723,
                        2.816481590270996,
                        -0.2162814885377884,
                        4.242241382598877,
                        4.644399642944336,
                        3.6594178676605225,
                        4.196091651916504,
                        4.482242107391357
                    ],
                    [
                        -1.87931227684021,
                        -1.526953935623169,
                        -1.3135759830474854,
                        0.029314760118722916,
                        -0.28728625178337097,
                        -0.3114164471626282,
                        -0.5040290951728821,
                        -0.7064420580863953,
                        -0.36444926261901855,
                        -0.6086656451225281,
                        -0.921970009803772,
                        -0.12238851189613342,
                        -0.0444791205227375,
                        -0.17638221383094788,
                        3.5029537677764893,
                        -1.6975619792938232,
                        -1.360146403312683,
                        -0.33465003967285156,
                        -1.4484682083129883,
                        -1.1954439878463745
                    ],
                    [
                        -1.712792158126831,
                        -2.2609217166900635,
                        -2.5471384525299072,
                        -2.2525980472564697,
                        -2.115293264389038,
                        -2.200899124145508,
                        -1.8270941972732544,
                        -1.8094987869262695,
                        -1.7329769134521484,
                        -1.1523927450180054,
                        -1.9864671230316162,
                        -1.3854182958602905,
                        -1.4959348440170288,
                        -1.830492377281189,
                        -1.2310904264450073,
                        -1.5546163320541382,
                        -1.457351803779602,
                        -1.7687348127365112,
                        -1.8593534231185913,
                        -1.686448574066162
                    ]
                ]
            ],
            "states": [
                [
                    [
                        0.0,
                        0.0,
                        496573472.0,
                        130000.0,
                        16711602176.0,
                        0.0,
                        6481301.0,
                        61.0
                    ],
                    [
                        0.0,
                        0.0,
                        496573472.0,
                        130000.0,
                        17208176640.0,
                        0.0,
                        6481381.0,
                        61.0
                    ],
                    [
                        0.0,
                        0.0,
                        496573472.0,
                        130000.0,
                        17704749056.0,
                        0.0,
                        6481433.0,
                        61.0
                    ],
                    [
                        0.0,
                        0.0,
                        496573472.0,
                        130000.0,
                        18201323520.0,
                        0.0,
                        6481513.0,
                        61.0
                    ],
                    [
                        0.0,
                        0.0,
                        496573472.0,
                        130000.0,
                        18697895936.0,
                        0.0,
                        6481565.0,
                        61.0
                    ],
                    [
                        0.0,
                        0.0,
                        539523136.0,
                        150000.0,
                        5505257472.0,
                        0.0,
                        6485201.0,
                        62.0
                    ],
                    [
                        0.0,
                        0.0,
                        539523136.0,
                        150000.0,
                        6044781056.0,
                        0.0,
                        6486701.0,
                        62.0
                    ],
                    [
                        0.0,
                        0.0,
                        539523136.0,
                        150000.0,
                        6584304128.0,
                        0.0,
                        6488201.0,
                        62.0
                    ],
                    [
                        0.0,
                        0.0,
                        539523136.0,
                        150000.0,
                        7123827200.0,
                        0.0,
                        6488253.0,
                        62.0
                    ],
                    [
                        0.0,
                        0.0,
                        539523136.0,
                        180000.0,
                        7663350272.0,
                        0.0,
                        6488305.0,
                        62.0
                    ],
                    [
                        0.0,
                        0.0,
                        539523136.0,
                        150000.0,
                        6044781056.0,
                        0.0,
                        6486701.0,
                        62.0
                    ],
                    [
                        0.0,
                        0.0,
                        539523136.0,
                        150000.0,
                        6584304128.0,
                        0.0,
                        6488201.0,
                        62.0
                    ],
                    [
                        0.0,
                        0.0,
                        539523136.0,
                        150000.0,
                        7123827200.0,
                        0.0,
                        6488253.0,
                        62.0
                    ],
                    [
                        0.0,
                        0.0,
                        539523136.0,
                        180000.0,
                        7663350272.0,
                        0.0,
                        6488305.0,
                        62.0
                    ],
                    [
                        0.0,
                        0.0,
                        539523136.0,
                        180000.0,
                        0.0,
                        0.0,
                        6489805.0,
                        62.0
                    ],
                    [
                        1.0,
                        45000.0,
                        43909.0,
                        60000.0,
                        63370596.0,
                        0.0,
                        5877646.0,
                        0.0
                    ],
                    [
                        1.0,
                        45000.0,
                        43909.0,
                        60000.0,
                        63414504.0,
                        0.0,
                        5879146.0,
                        0.0
                    ],
                    [
                        0.0,
                        0.0,
                        582472832.0,
                        190000.0,
                        6106553344.0,
                        0.0,
                        6499065.0,
                        63.0
                    ],
                    [
                        1.0,
                        45000.0,
                        43909.0,
                        60000.0,
                        63458412.0,
                        0.0,
                        5880646.0,
                        0.0
                    ],
                    [
                        1.0,
                        45000.0,
                        43909.0,
                        60000.0,
                        63502320.0,
                        0.0,
                        5882146.0,
                        0.0
                    ]
                ]
            ],
            "actions": [
                [
                    [
                        0.3333333432674408
                    ],
                    [
                        0.3333333432674408
                    ],
                    [
                        0.3333333432674408
                    ],
                    [
                        0.3333333432674408
                    ],
                    [
                        0.6666666865348816
                    ],
                    [
                        0.3333333432674408
                    ],
                    [
                        0.3333333432674408
                    ],
                    [
                        0.3333333432674408
                    ],
                    [
                        0.3333333432674408
                    ],
                    [
                        0.3333333432674408
                    ],
                    [
                        0.3333333432674408
                    ],
                    [
                        0.3333333432674408
                    ],
                    [
                        0.3333333432674408
                    ],
                    [
                        0.3333333432674408
                    ],
                    [
                        0.6666666865348816
                    ],
                    [
                        0.3333333432674408
                    ],
                    [
                        0.3333333432674408
                    ],
                    [
                        0.3333333432674408
                    ],
                    [
                        0.3333333432674408
                    ],
                    [
                        0.3333333432674408
                    ]
                ]
            ],
            "returns": [
                [
                    [
                        0.2944166660308838
                    ],
                    [
                        0.2938750088214874
                    ],
                    [
                        0.2933333218097687
                    ],
                    [
                        0.2927916646003723
                    ],
                    [
                        0.29225000739097595
                    ],
                    [
                        0.2917083203792572
                    ],
                    [
                        0.29108333587646484
                    ],
                    [
                        0.2904583215713501
                    ],
                    [
                        0.28983333706855774
                    ],
                    [
                        0.289208322763443
                    ],
                    [
                        0.28845834732055664
                    ],
                    [
                        0.2878333330154419
                    ],
                    [
                        0.28720831871032715
                    ],
                    [
                        0.2865833342075348
                    ],
                    [
                        0.28583332896232605
                    ],
                    [
                        0.2850833237171173
                    ],
                    [
                        0.2848333418369293
                    ],
                    [
                        0.28458333015441895
                    ],
                    [
                        0.2837916612625122
                    ],
                    [
                        0.2835416793823242
                    ]
                ]
            ],
            "timesteps": [
                [
                    620,
                    621,
                    622,
                    623,
                    624,
                    625,
                    626,
                    627,
                    628,
                    629,
                    630,
                    631,
                    632,
                    633,
                    634,
                    635,
                    636,
                    637,
                    638,
                    639
                ]
            ],
            "labels": [
                [
                    0,
                    0,
                    0,
                    0,
                    1,
                    0,
                    0,
                    0,
                    0,
                    0,
                    0,
                    0,
                    0,
                    0,
                    1,
                    0,
                    0,
                    0,
                    0,
                    0
                ]
            ],
            "CPU Usage": 3.9,
            "RAM Usage": 17.4,
            "GPU Usage": 41.0,
            "VRAM Usage": 15400.0,
            "Disk Read Speed (MB/s)": 75057177.68652344,
            "Disk Write Speed (MB/s)": 506878202.2314453
        },
        {
            "step": 1,
            "train_loss": 0.0005426444113254547,
            "actions_pred1": [
                [
                    [
                        5.334515571594238,
                        -1.754533290863037,
                        -1.7498259544372559
                    ],
                    [
                        5.310363292694092,
                        -1.5521963834762573,
                        -1.7981410026550293
                    ],
                    [
                        4.394334316253662,
                        -1.272949457168579,
                        -2.091182231903076
                    ],
                    [
                        4.855232238769531,
                        -0.9154009222984314,
                        -1.8228490352630615
                    ],
                    [
                        1.2317944765090942,
                        3.0865039825439453,
                        -0.4163641631603241
                    ],
                    [
                        3.615243434906006,
                        -0.07348568737506866,
                        -1.871170997619629
                    ],
                    [
                        6.322092533111572,
                        -0.684983491897583,
                        -2.077120542526245
                    ],
                    [
                        5.402677059173584,
                        -1.3032846450805664,
                        -2.039670944213867
                    ],
                    [
                        6.416238784790039,
                        -1.5960497856140137,
                        -1.1869347095489502
                    ],
                    [
                        4.997701644897461,
                        -1.2767484188079834,
                        -1.3527294397354126
                    ],
                    [
                        4.5544209480285645,
                        -0.7852330803871155,
                        -2.099804401397705
                    ],
                    [
                        5.21435546875,
                        -1.6856980323791504,
                        -2.182143449783325
                    ],
                    [
                        6.680902481079102,
                        -1.6677757501602173,
                        -0.9577788710594177
                    ],
                    [
                        5.239739894866943,
                        -1.0337998867034912,
                        -1.1291913986206055
                    ],
                    [
                        0.34639766812324524,
                        3.36268949508667,
                        0.02636517956852913
                    ],
                    [
                        4.808659076690674,
                        -0.3115852475166321,
                        -0.8823326230049133
                    ],
                    [
                        5.1058573722839355,
                        -0.7614185810089111,
                        -1.4808006286621094
                    ],
                    [
                        4.838047027587891,
                        -1.825231909751892,
                        -0.41566935181617737
                    ],
                    [
                        4.93256139755249,
                        -0.49112194776535034,
                        -0.9831071496009827
                    ],
                    [
                        4.977904796600342,
                        -0.7274488210678101,
                        -0.6324076056480408
                    ]
                ]
            ],
            "actions_pred": [
                [
                    [
                        5.334515571594238,
                        5.310363292694092,
                        4.394334316253662,
                        4.855232238769531,
                        1.2317944765090942,
                        3.615243434906006,
                        6.322092533111572,
                        5.402677059173584,
                        6.416238784790039,
                        4.997701644897461,
                        4.5544209480285645,
                        5.21435546875,
                        6.680902481079102,
                        5.239739894866943,
                        0.34639766812324524,
                        4.808659076690674,
                        5.1058573722839355,
                        4.838047027587891,
                        4.93256139755249,
                        4.977904796600342
                    ],
                    [
                        -1.754533290863037,
                        -1.5521963834762573,
                        -1.272949457168579,
                        -0.9154009222984314,
                        3.0865039825439453,
                        -0.07348568737506866,
                        -0.684983491897583,
                        -1.3032846450805664,
                        -1.5960497856140137,
                        -1.2767484188079834,
                        -0.7852330803871155,
                        -1.6856980323791504,
                        -1.6677757501602173,
                        -1.0337998867034912,
                        3.36268949508667,
                        -0.3115852475166321,
                        -0.7614185810089111,
                        -1.825231909751892,
                        -0.49112194776535034,
                        -0.7274488210678101
                    ],
                    [
                        -1.7498259544372559,
                        -1.7981410026550293,
                        -2.091182231903076,
                        -1.8228490352630615,
                        -0.4163641631603241,
                        -1.871170997619629,
                        -2.077120542526245,
                        -2.039670944213867,
                        -1.1869347095489502,
                        -1.3527294397354126,
                        -2.099804401397705,
                        -2.182143449783325,
                        -0.9577788710594177,
                        -1.1291913986206055,
                        0.02636517956852913,
                        -0.8823326230049133,
                        -1.4808006286621094,
                        -0.41566935181617737,
                        -0.9831071496009827,
                        -0.6324076056480408
                    ]
                ]
            ],
            "states": [
                [
                    [
                        0.0,
                        0.0,
                        350276128.0,
                        100000.0,
                        6627092992.0,
                        0.0,
                        6446493.0,
                        59.0
                    ],
                    [
                        0.0,
                        0.0,
                        350276128.0,
                        100000.0,
                        6977369088.0,
                        0.0,
                        6447993.0,
                        59.0
                    ],
                    [
                        0.0,
                        0.0,
                        350276128.0,
                        100000.0,
                        7327645184.0,
                        0.0,
                        6449493.0,
                        59.0
                    ],
                    [
                        0.0,
                        0.0,
                        350276128.0,
                        100000.0,
                        7677921280.0,
                        0.0,
                        6450993.0,
                        59.0
                    ],
                    [
                        0.0,
                        0.0,
                        350276128.0,
                        100000.0,
                        0.0,
                        0.0,
                        6452493.0,
                        59.0
                    ],
                    [
                        1.0,
                        150000.0,
                        0.0,
                        10000.0,
                        0.0,
                        0.0,
                        5799646.0,
                        0.0
                    ],
                    [
                        1.0,
                        150000.0,
                        0.0,
                        10000.0,
                        0.0,
                        0.0,
                        5801146.0,
                        0.0
                    ],
                    [
                        1.0,
                        150000.0,
                        0.0,
                        10000.0,
                        0.0,
                        0.0,
                        5802646.0,
                        0.0
                    ],
                    [
                        0.0,
                        0.0,
                        350276128.0,
                        110000.0,
                        10158008320.0,
                        0.0,
                        6474561.0,
                        60.0
                    ],
                    [
                        0.0,
                        0.0,
                        350276128.0,
                        110000.0,
                        10508283904.0,
                        0.0,
                        6476061.0,
                        60.0
                    ],
                    [
                        1.0,
                        150000.0,
                        0.0,
                        10000.0,
                        0.0,
                        0.0,
                        5801146.0,
                        0.0
                    ],
                    [
                        1.0,
                        150000.0,
                        0.0,
                        10000.0,
                        0.0,
                        0.0,
                        5802646.0,
                        0.0
                    ],
                    [
                        0.0,
                        0.0,
                        350276128.0,
                        110000.0,
                        10158008320.0,
                        0.0,
                        6474561.0,
                        60.0
                    ],
                    [
                        0.0,
                        0.0,
                        350276128.0,
                        110000.0,
                        10508283904.0,
                        0.0,
                        6476061.0,
                        60.0
                    ],
                    [
                        0.0,
                        0.0,
                        350276128.0,
                        110000.0,
                        0.0,
                        0.0,
                        6477561.0,
                        60.0
                    ],
                    [
                        0.0,
                        0.0,
                        496573472.0,
                        130000.0,
                        16215028736.0,
                        0.0,
                        6481249.0,
                        61.0
                    ],
                    [
                        0.0,
                        0.0,
                        496573472.0,
                        130000.0,
                        16711602176.0,
                        0.0,
                        6481301.0,
                        61.0
                    ],
                    [
                        0.0,
                        0.0,
                        496573472.0,
                        130000.0,
                        17208176640.0,
                        0.0,
                        6481381.0,
                        61.0
                    ],
                    [
                        0.0,
                        0.0,
                        496573472.0,
                        130000.0,
                        17704749056.0,
                        0.0,
                        6481433.0,
                        61.0
                    ],
                    [
                        0.0,
                        0.0,
                        496573472.0,
                        130000.0,
                        18201323520.0,
                        0.0,
                        6481513.0,
                        61.0
                    ]
                ]
            ],
            "actions": [
                [
                    [
                        0.3333333432674408
                    ],
                    [
                        0.3333333432674408
                    ],
                    [
                        0.3333333432674408
                    ],
                    [
                        0.3333333432674408
                    ],
                    [
                        0.6666666865348816
                    ],
                    [
                        0.3333333432674408
                    ],
                    [
                        0.3333333432674408
                    ],
                    [
                        0.3333333432674408
                    ],
                    [
                        0.3333333432674408
                    ],
                    [
                        0.3333333432674408
                    ],
                    [
                        0.3333333432674408
                    ],
                    [
                        0.3333333432674408
                    ],
                    [
                        0.3333333432674408
                    ],
                    [
                        0.3333333432674408
                    ],
                    [
                        0.6666666865348816
                    ],
                    [
                        0.3333333432674408
                    ],
                    [
                        0.3333333432674408
                    ],
                    [
                        0.3333333432674408
                    ],
                    [
                        0.3333333432674408
                    ],
                    [
                        0.3333333432674408
                    ]
                ]
            ],
            "returns": [
                [
                    [
                        0.3017083406448364
                    ],
                    [
                        0.30129167437553406
                    ],
                    [
                        0.3008750081062317
                    ],
                    [
                        0.3004583418369293
                    ],
                    [
                        0.30004167556762695
                    ],
                    [
                        0.2996250092983246
                    ],
                    [
                        0.2995833456516266
                    ],
                    [
                        0.2995416522026062
                    ],
                    [
                        0.2994999885559082
                    ],
                    [
                        0.29904165863990784
                    ],
                    [
                        0.29858332872390747
                    ],
                    [
                        0.2985416650772095
                    ],
                    [
                        0.2985000014305115
                    ],
                    [
                        0.2980416715145111
                    ],
                    [
                        0.29758334159851074
                    ],
                    [
                        0.2971250116825104
                    ],
                    [
                        0.2965833246707916
                    ],
                    [
                        0.29604166746139526
                    ],
                    [
                        0.2955000102519989
                    ],
                    [
                        0.29495832324028015
                    ]
                ]
            ],
            "timesteps": [
                [
                    600,
                    601,
                    602,
                    603,
                    604,
                    605,
                    606,
                    607,
                    608,
                    609,
                    610,
                    611,
                    612,
                    613,
                    614,
                    615,
                    616,
                    617,
                    618,
                    619
                ]
            ],
            "labels": [
                [
                    0,
                    0,
                    0,
                    0,
                    1,
                    0,
                    0,
                    0,
                    0,
                    0,
                    0,
                    0,
                    0,
                    0,
                    1,
                    0,
                    0,
                    0,
                    0,
                    0
                ]
            ],
            "CPU Usage": 3.6,
            "RAM Usage": 17.4,
            "GPU Usage": 76.0,
            "VRAM Usage": 15400.0,
            "Disk Read Speed (MB/s)": 75057177.68652344,
            "Disk Write Speed (MB/s)": 506878202.3095703
        },
        {
            "step": 2,
            "train_loss": 0.0008883761474862695,
            "actions_pred1": [
                [
                    [
                        4.662089824676514,
                        0.5253651142120361,
                        0.01601751521229744
                    ],
                    [
                        5.298633098602295,
                        0.7094117999076843,
                        -0.3822917640209198
                    ],
                    [
                        4.722426891326904,
                        0.27938875555992126,
                        -0.6509788632392883
                    ],
                    [
                        3.5607457160949707,
                        0.4557338058948517,
                        -0.011718313209712505
                    ],
                    [
                        4.27312707901001,
                        0.034098926931619644,
                        -0.3579559624195099
                    ],
                    [
                        4.180665969848633,
                        0.579879105091095,
                        -0.5955142974853516
                    ],
                    [
                        4.290309429168701,
                        0.3873073160648346,
                        -0.1695796251296997
                    ],
                    [
                        3.5329978466033936,
                        0.2029377967119217,
                        -1.233627438545227
                    ],
                    [
                        4.271891117095947,
                        -0.16464388370513916,
                        -1.7518973350524902
                    ],
                    [
                        0.3324223756790161,
                        3.882023334503174,
                        -0.79274582862854
                    ],
                    [
                        3.5627222061157227,
                        -0.6734269857406616,
                        -1.1558345556259155
                    ],
                    [
                        3.8086490631103516,
                        -0.36305510997772217,
                        -1.2989987134933472
                    ],
                    [
                        4.304980754852295,
                        0.17924167215824127,
                        -1.3110531568527222
                    ],
                    [
                        4.073509216308594,
                        -0.23351074755191803,
                        -1.484721302986145
                    ],
                    [
                        3.8238308429718018,
                        -0.5867516398429871,
                        -0.7471584677696228
                    ],
                    [
                        4.066701412200928,
                        0.20243576169013977,
                        -1.7178853750228882
                    ],
                    [
                        3.3660123348236084,
                        0.2531314194202423,
                        -1.4284815788269043
                    ],
                    [
                        4.43956184387207,
                        0.008603076450526714,
                        -1.2243539094924927
                    ],
                    [
                        5.052614688873291,
                        -0.9352546334266663,
                        -2.773510217666626
                    ],
                    [
                        0.10745999962091446,
                        3.046862840652466,
                        -1.5201904773712158
                    ]
                ]
            ],
            "actions_pred": [
                [
                    [
                        4.662089824676514,
                        5.298633098602295,
                        4.722426891326904,
                        3.5607457160949707,
                        4.27312707901001,
                        4.180665969848633,
                        4.290309429168701,
                        3.5329978466033936,
                        4.271891117095947,
                        0.3324223756790161,
                        3.5627222061157227,
                        3.8086490631103516,
                        4.304980754852295,
                        4.073509216308594,
                        3.8238308429718018,
                        4.066701412200928,
                        3.3660123348236084,
