{
    "steps": [
        {
            "step": 0,
            "train_loss": 0.007228579372167587,
            "actions_pred1": [
                [
                    [
                        3.8523216247558594,
                        -2.4942634105682373,
                        -0.9075736403465271
                    ],
                    [
                        2.7695930004119873,
                        -1.4668728113174438,
                        -0.8353126049041748
                    ],
                    [
                        3.524744749069214,
                        -1.4235864877700806,
                        -1.5623759031295776
                    ],
                    [
                        3.6712145805358887,
                        -1.1481276750564575,
                        -0.9900473952293396
                    ],
                    [
                        2.6691951751708984,
                        -0.3189772665500641,
                        -1.3838385343551636
                    ],
                    [
                        3.0110340118408203,
                        0.296443372964859,
                        -1.2556859254837036
                    ],
                    [
                        3.625218152999878,
                        0.5663085579872131,
                        -1.3838504552841187
                    ],
                    [
                        3.4238953590393066,
                        -0.2615406811237335,
                        -1.6001547574996948
                    ],
                    [
                        3.9764158725738525,
                        -0.5995398163795471,
                        -1.2747472524642944
                    ],
                    [
                        3.843592643737793,
                        -0.544317364692688,
                        -1.4876383543014526
                    ],
                    [
                        4.157525539398193,
                        0.28702375292778015,
                        -1.9858882427215576
                    ],
                    [
                        3.2135448455810547,
                        -0.2683614194393158,
                        -2.469430446624756
                    ],
                    [
                        3.753558874130249,
                        -0.5316007733345032,
                        -1.4199895858764648
                    ],
                    [
                        3.9152932167053223,
                        -0.7826575636863708,
                        -1.9696358442306519
                    ],
                    [
                        0.7106594443321228,
                        2.2502121925354004,
                        -1.8005741834640503
                    ],
                    [
                        1.5445700883865356,
                        1.655957818031311,
                        -1.0907871723175049
                    ],
                    [
                        3.2572226524353027,
                        0.9168972969055176,
                        -2.216973066329956
                    ],
                    [
                        3.880521059036255,
                        0.5194859504699707,
                        -2.0137829780578613
                    ],
                    [
                        2.761077642440796,
                        -0.14743919670581818,
                        -1.5665314197540283
                    ],
                    [
                        3.820521116256714,
                        -0.39820703864097595,
                        -1.3683007955551147
                    ]
                ]
            ],
            "actions_pred": [
                [
                    [
                        3.8523216247558594,
                        2.7695930004119873,
                        3.524744749069214,
                        3.6712145805358887,
                        2.6691951751708984,
                        3.0110340118408203,
                        3.625218152999878,
                        3.4238953590393066,
                        3.9764158725738525,
                        3.843592643737793,
                        4.157525539398193,
                        3.2135448455810547,
                        3.753558874130249,
                        3.9152932167053223,
                        0.7106594443321228,
                        1.5445700883865356,
                        3.2572226524353027,
                        3.880521059036255,
                        2.761077642440796,
                        3.820521116256714
                    ],
                    [
                        -2.4942634105682373,
                        -1.4668728113174438,
                        -1.4235864877700806,
                        -1.1481276750564575,
                        -0.3189772665500641,
                        0.296443372964859,
                        0.5663085579872131,
                        -0.2615406811237335,
                        -0.5995398163795471,
                        -0.544317364692688,
                        0.28702375292778015,
                        -0.2683614194393158,
                        -0.5316007733345032,
                        -0.7826575636863708,
                        2.2502121925354004,
                        1.655957818031311,
                        0.9168972969055176,
                        0.5194859504699707,
                        -0.14743919670581818,
                        -0.39820703864097595
                    ],
                    [
                        -0.9075736403465271,
                        -0.8353126049041748,
                        -1.5623759031295776,
                        -0.9900473952293396,
                        -1.3838385343551636,
                        -1.2556859254837036,
                        -1.3838504552841187,
                        -1.6001547574996948,
                        -1.2747472524642944,
                        -1.4876383543014526,
                        -1.9858882427215576,
                        -2.469430446624756,
                        -1.4199895858764648,
                        -1.9696358442306519,
                        -1.8005741834640503,
                        -1.0907871723175049,
                        -2.216973066329956,
                        -2.0137829780578613,
                        -1.5665314197540283,
                        -1.3683007955551147
                    ]
                ]
            ],
            "states": [
                [
                    [
                        0.0,
                        0.0,
                        202160848.0,
                        60000.0,
                        17433825280.0,
                        0.0,
                        3186341.0,
                        17.0
                    ],
                    [
                        0.0,
                        0.0,
                        202160848.0,
                        60000.0,
                        17635985408.0,
                        0.0,
                        3186393.0,
                        17.0
                    ],
                    [
                        0.0,
                        0.0,
                        248465952.0,
                        60000.0,
                        17884450816.0,
                        0.0,
                        3186445.0,
                        17.0
                    ],
                    [
                        0.0,
                        0.0,
                        248465952.0,
                        60000.0,
                        18132916224.0,
                        0.0,
                        3187945.0,
                        17.0
                    ],
                    [
                        0.0,
                        0.0,
                        248465952.0,
                        60000.0,
                        18381383680.0,
                        0.0,
                        3187997.0,
                        17.0
                    ],
                    [
                        0.0,
                        0.0,
                        333023136.0,
                        110000.0,
                        5726307328.0,
                        0.0,
                        3205061.0,
                        18.0
                    ],
                    [
                        0.0,
                        0.0,
                        333023136.0,
                        110000.0,
                        6059330048.0,
                        0.0,
                        3206561.0,
                        18.0
                    ],
                    [
                        0.0,
                        0.0,
                        333023136.0,
                        110000.0,
                        6392353280.0,
                        0.0,
                        3206641.0,
                        18.0
                    ],
                    [
                        0.0,
                        0.0,
                        333023136.0,
                        110000.0,
                        6725376512.0,
                        0.0,
                        3208141.0,
                        18.0
                    ],
                    [
                        0.0,
                        0.0,
                        333023136.0,
                        110000.0,
                        7058399744.0,
                        0.0,
                        3208193.0,
                        18.0
                    ],
                    [
                        0.0,
                        0.0,
                        333023136.0,
                        110000.0,
                        6059330048.0,
                        0.0,
                        3206561.0,
                        18.0
                    ],
                    [
                        0.0,
                        0.0,
                        333023136.0,
                        110000.0,
                        6392353280.0,
                        0.0,
                        3206641.0,
                        18.0
                    ],
                    [
                        0.0,
                        0.0,
                        333023136.0,
                        110000.0,
                        6725376512.0,
                        0.0,
                        3208141.0,
                        18.0
                    ],
                    [
                        0.0,
                        0.0,
                        333023136.0,
                        110000.0,
                        7058399744.0,
                        0.0,
                        3208193.0,
                        18.0
                    ],
                    [
                        0.0,
                        0.0,
                        333023136.0,
                        110000.0,
                        0.0,
                        0.0,
                        3208245.0,
                        18.0
                    ],
                    [
                        1.0,
                        150000.0,
                        0.0,
                        10000.0,
                        0.0,
                        0.0,
                        2357146.0,
                        0.0
                    ],
                    [
                        1.0,
                        150000.0,
                        0.0,
                        10000.0,
                        0.0,
                        0.0,
                        2358646.0,
                        0.0
                    ],
                    [
                        1.0,
                        150000.0,
                        0.0,
                        10000.0,
                        0.0,
                        0.0,
                        2360146.0,
                        0.0
                    ],
                    [
                        0.0,
                        0.0,
                        375972800.0,
                        110000.0,
                        8303776768.0,
                        0.0,
                        3231205.0,
                        19.0
                    ],
                    [
                        0.0,
                        0.0,
                        375972800.0,
                        110000.0,
                        8679749632.0,
                        0.0,
                        3232705.0,
                        19.0
                    ]
                ]
            ],
            "actions": [
                [
                    [
                        0.3333333432674408
                    ],
                    [
                        0.3333333432674408
                    ],
                    [
                        0.3333333432674408
                    ],
                    [
                        0.3333333432674408
                    ],
                    [
                        0.6666666865348816
                    ],
                    [
                        0.3333333432674408
                    ],
                    [
                        0.3333333432674408
                    ],
                    [
                        0.3333333432674408
                    ],
                    [
                        0.3333333432674408
                    ],
                    [
                        0.3333333432674408
                    ],
                    [
                        0.3333333432674408
                    ],
                    [
                        0.3333333432674408
                    ],
                    [
                        0.3333333432674408
                    ],
                    [
                        0.3333333432674408
                    ],
                    [
                        0.6666666865348816
                    ],
                    [
                        0.3333333432674408
                    ],
                    [
                        0.3333333432674408
                    ],
                    [
                        0.3333333432674408
                    ],
                    [
                        0.3333333432674408
                    ],
                    [
                        0.3333333432674408
                    ]
                ]
            ],
            "returns": [
                [
                    [
                        0.5047500133514404
                    ],
                    [
                        0.5044999718666077
                    ],
                    [
                        0.5042499899864197
                    ],
                    [
                        0.5040000081062317
                    ],
                    [
                        0.5037500262260437
                    ],
                    [
                        0.5034999847412109
                    ],
                    [
                        0.503041684627533
                    ],
                    [
                        0.5025833249092102
                    ],
                    [
                        0.5021250247955322
                    ],
                    [
                        0.5016666650772095
                    ],
                    [
                        0.5012083053588867
                    ],
                    [
                        0.5007500052452087
                    ],
                    [
                        0.500291645526886
                    ],
                    [
                        0.499833345413208
                    ],
                    [
                        0.49937498569488525
                    ],
                    [
                        0.4989166557788849
                    ],
                    [
                        0.4988749921321869
                    ],
                    [
                        0.4988333284854889
                    ],
                    [
                        0.4987916648387909
                    ],
                    [
                        0.4983333349227905
                    ]
                ]
            ],
            "timesteps": [
                [
                    180,
                    181,
                    182,
                    183,
                    184,
                    185,
                    186,
                    187,
                    188,
                    189,
                    190,
                    191,
                    192,
                    193,
                    194,
                    195,
                    196,
                    197,
                    198,
                    199
                ]
            ],
            "labels": [
                [
                    0,
                    0,
                    0,
                    0,
                    1,
                    0,
                    0,
                    0,
                    0,
                    0,
                    0,
                    0,
                    0,
                    0,
                    1,
                    0,
                    0,
                    0,
                    0,
                    0
                ]
            ],
            "CPU Usage": 3.8,
            "RAM Usage": 17.4,
            "GPU Usage": 41.0,
            "VRAM Usage": 15400.0,
            "Disk Read Speed (MB/s)": 75057177.68652344,
            "Disk Write Speed (MB/s)": 506878188.44628906
        },
        {
            "step": 1,
            "train_loss": 0.0010996356140822172,
            "actions_pred1": [
                [
                    [
                        3.8206851482391357,
                        -2.1995763778686523,
                        -1.744528889656067
                    ],
                    [
                        3.5473787784576416,
                        -1.6376558542251587,
                        -1.1261037588119507
                    ],
                    [
                        3.8806381225585938,
                        -2.308802843093872,
                        -1.6687374114990234
                    ],
                    [
                        2.6985459327697754,
                        -1.379871129989624,
                        -1.6403731107711792
                    ],
                    [
                        -0.38575899600982666,
                        1.831375002861023,
                        -1.7289761304855347
                    ],
                    [
                        -0.809266984462738,
                        2.084800958633423,
                        -1.0358911752700806
                    ],
                    [
                        3.7565388679504395,
                        -0.9410910606384277,
                        -1.0068227052688599
                    ],
                    [
                        2.931044101715088,
                        -0.44930025935173035,
                        -1.7916392087936401
                    ],
                    [
                        3.207566499710083,
                        -0.8138098120689392,
                        -1.278617262840271
                    ],
                    [
                        3.3062236309051514,
                        -1.2664424180984497,
                        -1.7878623008728027
                    ],
                    [
                        2.7522592544555664,
                        -0.99177086353302,
                        -2.1326262950897217
                    ],
                    [
                        3.166651964187622,
                        -0.23592817783355713,
                        -0.7867631316184998
                    ],
                    [
                        3.234609365463257,
                        -0.7480771541595459,
                        -0.94400554895401
                    ],
                    [
                        3.6093268394470215,
                        -0.9371252059936523,
                        -1.0472209453582764
                    ],
                    [
                        0.25149041414260864,
                        3.3418216705322266,
                        -1.5920900106430054
                    ],
                    [
                        3.215402364730835,
                        -0.36953967809677124,
                        -0.8418691754341125
                    ],
                    [
                        3.49869966506958,
                        -1.0275226831436157,
                        -1.5703321695327759
                    ],
                    [
                        4.141170978546143,
                        0.29822400212287903,
                        -1.3624602556228638
                    ],
                    [
                        3.5470917224884033,
                        0.17871013283729553,
                        -2.4711735248565674
                    ],
                    [
                        4.154099464416504,
                        -0.9211905002593994,
                        -1.3864613771438599
                    ]
                ]
            ],
            "actions_pred": [
                [
                    [
                        3.8206851482391357,
                        3.5473787784576416,
                        3.8806381225585938,
                        2.6985459327697754,
                        -0.38575899600982666,
                        -0.809266984462738,
                        3.7565388679504395,
                        2.931044101715088,
                        3.207566499710083,
                        3.3062236309051514,
                        2.7522592544555664,
                        3.166651964187622,
                        3.234609365463257,
                        3.6093268394470215,
                        0.25149041414260864,
                        3.215402364730835,
                        3.49869966506958,
                        4.141170978546143,
                        3.5470917224884033,
                        4.154099464416504
                    ],
                    [
                        -2.1995763778686523,
                        -1.6376558542251587,
                        -2.308802843093872,
                        -1.379871129989624,
                        1.831375002861023,
                        2.084800958633423,
                        -0.9410910606384277,
                        -0.44930025935173035,
                        -0.8138098120689392,
                        -1.2664424180984497,
                        -0.99177086353302,
                        -0.23592817783355713,
                        -0.7480771541595459,
                        -0.9371252059936523,
                        3.3418216705322266,
                        -0.36953967809677124,
                        -1.0275226831436157,
                        0.29822400212287903,
                        0.17871013283729553,
                        -0.9211905002593994
                    ],
                    [
                        -1.744528889656067,
                        -1.1261037588119507,
                        -1.6687374114990234,
                        -1.6403731107711792,
                        -1.7289761304855347,
                        -1.0358911752700806,
                        -1.0068227052688599,
                        -1.7916392087936401,
                        -1.278617262840271,
                        -1.7878623008728027,
                        -2.1326262950897217,
                        -0.7867631316184998,
                        -0.94400554895401,
                        -1.0472209453582764,
                        -1.5920900106430054,
                        -0.8418691754341125,
                        -1.5703321695327759,
                        -1.3624602556228638,
                        -2.4711735248565674,
                        -1.3864613771438599
                    ]
                ]
            ],
            "states": [
                [
                    [
                        0.0,
                        0.0,
                        402621024.0,
                        80000.0,
                        11222385664.0,
                        0.0,
                        6868965.0,
                        91.0
                    ],
                    [
                        0.0,
                        0.0,
                        402621024.0,
                        80000.0,
                        11625007104.0,
                        0.0,
                        6869045.0,
                        91.0
                    ],
                    [
                        1.0,
                        0.0,
                        11593972.0,
                        80000.0,
                        309841664.0,
                        0.0,
                        6444646.0,
                        0.0
                    ],
                    [
                        1.0,
                        0.0,
                        11593972.0,
                        80000.0,
                        321435648.0,
                        0.0,
                        6446146.0,
                        0.0
                    ],
                    [
                        0.0,
                        0.0,
                        402621024.0,
                        80000.0,
                        0.0,
                        0.0,
                        6870545.0,
                        91.0
                    ],
                    [
                        0.0,
                        0.0,
                        402621024.0,
                        80000.0,
                        0.0,
                        0.0,
                        6870545.0,
                        91.0
                    ],
                    [
                        0.0,
                        0.0,
                        402621024.0,
                        80000.0,
                        402621024.0,
                        0.0,
                        6870597.0,
                        92.0
                    ],
                    [
                        0.0,
                        0.0,
                        402621024.0,
                        100000.0,
                        805242048.0,
                        0.0,
                        6870649.0,
                        92.0
                    ],
                    [
                        0.0,
                        0.0,
                        402621024.0,
                        100000.0,
                        1207863040.0,
                        0.0,
                        6872149.0,
                        92.0
                    ],
                    [
                        0.0,
                        0.0,
                        402621024.0,
                        100000.0,
                        1610484096.0,
                        0.0,
                        6873649.0,
                        92.0
                    ],
                    [
                        0.0,
                        0.0,
                        402621024.0,
                        80000.0,
                        402621024.0,
                        0.0,
                        6870597.0,
                        92.0
                    ],
                    [
                        0.0,
                        0.0,
                        402621024.0,
                        100000.0,
                        805242048.0,
                        0.0,
                        6870649.0,
                        92.0
                    ],
                    [
                        0.0,
                        0.0,
                        402621024.0,
                        100000.0,
                        1207863040.0,
                        0.0,
                        6872149.0,
                        92.0
                    ],
                    [
                        0.0,
                        0.0,
                        402621024.0,
                        100000.0,
                        1610484096.0,
                        0.0,
                        6873649.0,
                        92.0
                    ],
                    [
                        0.0,
                        0.0,
                        402621024.0,
                        100000.0,
                        0.0,
                        0.0,
                        6873701.0,
                        92.0
                    ],
                    [
                        0.0,
                        0.0,
                        449597248.0,
                        90000.0,
                        12930946048.0,
                        0.0,
                        6898405.0,
                        93.0
                    ],
                    [
                        0.0,
                        0.0,
                        449597248.0,
                        90000.0,
                        13380542464.0,
                        0.0,
                        6899905.0,
                        93.0
                    ],
                    [
                        0.0,
                        0.0,
                        449597248.0,
                        90000.0,
                        13830139904.0,
                        0.0,
                        6899957.0,
                        93.0
                    ],
                    [
                        0.0,
                        0.0,
                        449597248.0,
                        90000.0,
                        14279737344.0,
                        0.0,
                        6900009.0,
                        93.0
                    ],
                    [
                        0.0,
                        0.0,
                        449597248.0,
                        90000.0,
                        14729334784.0,
                        0.0,
                        6900061.0,
                        93.0
                    ]
                ]
            ],
            "actions": [
                [
                    [
                        0.3333333432674408
                    ],
                    [
                        0.3333333432674408
                    ],
                    [
                        0.3333333432674408
                    ],
                    [
                        0.3333333432674408
                    ],
                    [
                        0.6666666865348816
                    ],
                    [
                        0.6666666865348816
                    ],
                    [
                        0.3333333432674408
                    ],
                    [
                        0.3333333432674408
                    ],
                    [
                        0.3333333432674408
                    ],
                    [
                        0.3333333432674408
                    ],
                    [
                        0.3333333432674408
                    ],
                    [
                        0.3333333432674408
                    ],
                    [
                        0.3333333432674408
                    ],
                    [
                        0.3333333432674408
                    ],
                    [
                        0.6666666865348816
                    ],
                    [
                        0.3333333432674408
                    ],
                    [
                        0.3333333432674408
                    ],
                    [
                        0.3333333432674408
                    ],
                    [
                        0.3333333432674408
                    ],
                    [
                        0.3333333432674408
                    ]
                ]
            ],
            "returns": [
                [
                    [
                        0.17879167199134827
                    ],
                    [
                        0.1784583330154419
                    ],
                    [
                        0.17812499403953552
                    ],
                    [
                        0.17779166996479034
                    ],
                    [
                        0.17745833098888397
                    ],
                    [
                        0.1771250069141388
                    ],
                    [
                        0.17679166793823242
                    ],
                    [
                        0.17645832896232605
                    ],
                    [
                        0.17604166269302368
                    ],
                    [
                        0.1756249964237213
                    ],
                    [
                        0.17520833015441895
                    ],
                    [
                        0.17487500607967377
                    ],
                    [
                        0.1744583398103714
                    ],
                    [
                        0.17404167354106903
                    ],
                    [
                        0.17362500727176666
                    ],
                    [
                        0.1732083261013031
                    ],
                    [
                        0.17283333837985992
                    ],
                    [
                        0.17245833575725555
                    ],
                    [
                        0.17208333313465118
                    ],
                    [
                        0.17170833051204681
                    ]
                ]
            ],
            "timesteps": [
                [
                    920,
                    921,
                    922,
                    923,
                    924,
                    925,
                    926,
                    927,
                    928,
                    929,
                    930,
                    931,
                    932,
                    933,
                    934,
                    935,
                    936,
                    937,
                    938,
                    939
                ]
            ],
            "labels": [
                [
                    0,
                    0,
                    0,
                    0,
                    1,
                    1,
                    0,
                    0,
                    0,
                    0,
                    0,
                    0,
                    0,
                    0,
                    1,
                    0,
                    0,
                    0,
                    0,
                    0
                ]
            ],
            "CPU Usage": 3.5,
            "RAM Usage": 17.4,
            "GPU Usage": 48.0,
            "VRAM Usage": 15400.0,
            "Disk Read Speed (MB/s)": 75057177.68652344,
            "Disk Write Speed (MB/s)": 506878188.44628906
        },
        {
            "step": 2,
            "train_loss": 0.006227423902601004,
            "actions_pred1": [
                [
                    [
                        3.4600489139556885,
                        -0.6114875674247742,
                        -2.1448774337768555
                    ],
                    [
                        2.8735251426696777,
                        -0.6572674512863159,
                        -1.673157811164856
                    ],
                    [
                        3.1345465183258057,
                        -0.3030720055103302,
                        -1.60002601146698
                    ],
                    [
                        3.7855165004730225,
                        -0.7517503499984741,
                        -1.1272631883621216
                    ],
                    [
                        4.1771016120910645,
                        -1.1635820865631104,
                        -1.4234989881515503
                    ],
                    [
                        4.083517074584961,
                        0.22684890031814575,
                        -1.2765493392944336
                    ],
                    [
                        4.104359149932861,
                        -0.40747538208961487,
                        -1.5956859588623047
                    ],
                    [
                        4.261532306671143,
                        -0.7315238118171692,
                        -1.6555759906768799
                    ],
                    [
                        3.7550597190856934,
                        -0.16060024499893188,
                        -1.3829689025878906
                    ],
                    [
                        3.4017221927642822,
                        -0.0943688303232193,
                        -1.1921863555908203
                    ],
                    [
                        3.675302743911743,
                        -0.4325905740261078,
                        -1.3459041118621826
                    ],
                    [
                        3.8972043991088867,
                        -0.5027660727500916,
                        -1.531491756439209
                    ],
                    [
                        4.2623748779296875,
                        -0.4436291754245758,
                        -1.2489525079727173
                    ],
                    [
                        3.2907562255859375,
                        -0.30524855852127075,
                        -1.4038342237472534
                    ],
                    [
                        3.1231837272644043,
                        -0.38095027208328247,
                        -1.8863285779953003
                    ],
                    [
                        3.6436381340026855,
                        -0.5256145596504211,
                        -2.0181591510772705
                    ],
                    [
                        4.091583728790283,
                        -0.587311863899231,
                        -1.2661608457565308
                    ],
                    [
                        4.46226167678833,
                        -0.5799118280410767,
                        -2.0040931701660156
                    ],
                    [
                        3.8229522705078125,
                        -0.26032012701034546,
                        -1.8516913652420044
                    ],
                    [
                        0.28923043608665466,
                        3.24129319190979,
                        -1.0329331159591675
                    ]
                ]
            ],
            "actions_pred": [
                [
                    [
                        3.4600489139556885,
                        2.8735251426696777,
                        3.1345465183258057,
                        3.7855165004730225,
                        4.1771016120910645,
                        4.083517074584961,
                        4.104359149932861,
                        4.261532306671143,
                        3.7550597190856934,
                        3.4017221927642822,
                        3.675302743911743,
                        3.8972043991088867,
                        4.2623748779296875,
                        3.2907562255859375,
                        3.1231837272644043,
                        3.6436381340026855,
