{
    "steps": [
        {
            "step": 0,
            "train_loss": 0.009398745372891426,
            "actions_pred1": [
                [
                    [
                        2.4926326274871826,
                        0.1924954205751419,
                        -1.393818736076355
                    ],
                    [
                        2.502408742904663,
                        0.09374897181987762,
                        -1.4524433612823486
                    ],
                    [
                        2.346170425415039,
                        0.10012146830558777,
                        -1.5542025566101074
                    ],
                    [
                        2.4129066467285156,
                        0.06726546585559845,
                        -1.502435326576233
                    ],
                    [
                        2.2486765384674072,
                        0.2671513557434082,
                        -1.2078677415847778
                    ],
                    [
                        2.674985647201538,
                        -0.1040101945400238,
                        -1.356862187385559
                    ],
                    [
                        2.795902967453003,
                        -0.11979779601097107,
                        -1.562666893005371
                    ],
                    [
                        2.735746383666992,
                        -0.06770439445972443,
                        -1.6742054224014282
                    ],
                    [
                        2.8632071018218994,
                        0.10756109654903412,
                        -1.6021583080291748
                    ],
                    [
                        2.8511099815368652,
                        0.22369037568569183,
                        -1.6450835466384888
                    ],
                    [
                        2.777117967605591,
                        0.17757724225521088,
                        -1.6159883737564087
                    ],
                    [
                        2.430767774581909,
                        0.331694096326828,
                        -1.629119873046875
                    ],
                    [
                        2.5961434841156006,
                        0.09092037379741669,
                        -1.4577213525772095
                    ],
                    [
                        2.6242988109588623,
                        0.3343271315097809,
                        -1.499497652053833
                    ],
                    [
                        2.390313148498535,
                        0.2577917277812958,
                        -1.6897108554840088
                    ],
                    [
                        2.772306442260742,
                        0.2011355757713318,
                        -1.6987459659576416
                    ],
                    [
                        2.8494207859039307,
                        0.0840858668088913,
                        -1.658054232597351
                    ],
                    [
                        2.674787998199463,
                        0.06735183298587799,
                        -1.7427692413330078
                    ],
                    [
                        3.0398080348968506,
                        0.100690558552742,
                        -1.7307438850402832
                    ],
                    [
                        2.7325234413146973,
                        0.28848591446876526,
                        -2.0986268520355225
                    ]
                ]
            ],
            "actions_pred": [
                [
                    [
                        2.4926326274871826,
                        2.502408742904663,
                        2.346170425415039,
                        2.4129066467285156,
                        2.2486765384674072,
                        2.674985647201538,
                        2.795902967453003,
                        2.735746383666992,
                        2.8632071018218994,
                        2.8511099815368652,
                        2.777117967605591,
                        2.430767774581909,
                        2.5961434841156006,
                        2.6242988109588623,
                        2.390313148498535,
                        2.772306442260742,
                        2.8494207859039307,
                        2.674787998199463,
                        3.0398080348968506,
                        2.7325234413146973
                    ],
                    [
                        0.1924954205751419,
                        0.09374897181987762,
                        0.10012146830558777,
                        0.06726546585559845,
                        0.2671513557434082,
                        -0.1040101945400238,
                        -0.11979779601097107,
                        -0.06770439445972443,
                        0.10756109654903412,
                        0.22369037568569183,
                        0.17757724225521088,
                        0.331694096326828,
                        0.09092037379741669,
                        0.3343271315097809,
                        0.2577917277812958,
                        0.2011355757713318,
                        0.0840858668088913,
                        0.06735183298587799,
                        0.100690558552742,
                        0.28848591446876526
                    ],
                    [
                        -1.393818736076355,
                        -1.4524433612823486,
                        -1.5542025566101074,
                        -1.502435326576233,
                        -1.2078677415847778,
                        -1.356862187385559,
                        -1.562666893005371,
                        -1.6742054224014282,
                        -1.6021583080291748,
                        -1.6450835466384888,
                        -1.6159883737564087,
                        -1.629119873046875,
                        -1.4577213525772095,
                        -1.499497652053833,
                        -1.6897108554840088,
                        -1.6987459659576416,
                        -1.658054232597351,
                        -1.7427692413330078,
                        -1.7307438850402832,
                        -2.0986268520355225
                    ]
                ]
            ],
            "states": [
                [
                    [
                        1.0,
                        120000.0,
                        182844.0,
                        40000.0,
                        2414325.0,
                        0.0,
                        6254146.0,
                        0.0
                    ],
                    [
                        0.0,
                        0.0,
                        351618304.0,
                        80000.0,
                        13232581632.0,
                        0.0,
                        6764921.0,
                        87.0
                    ],
                    [
                        0.0,
                        0.0,
                        351618304.0,
                        80000.0,
                        13584200704.0,
                        0.0,
                        6764985.0,
                        87.0
                    ],
                    [
                        0.0,
                        0.0,
                        351618304.0,
                        80000.0,
                        13935818752.0,
                        0.0,
                        6765037.0,
                        87.0
                    ],
                    [
                        0.0,
                        0.0,
                        351618304.0,
                        80000.0,
                        0.0,
                        0.0,
                        6765101.0,
                        87.0
                    ],
                    [
                        0.0,
                        0.0,
                        237533232.0,
                        30000.0,
                        17068106752.0,
                        0.0,
                        6800061.0,
                        88.0
                    ],
                    [
                        0.0,
                        0.0,
                        237533232.0,
                        30000.0,
                        17305638912.0,
                        0.0,
                        6800113.0,
                        88.0
                    ],
                    [
                        0.0,
                        0.0,
                        237533232.0,
                        30000.0,
                        17543172096.0,
                        0.0,
                        6800177.0,
                        88.0
                    ],
                    [
                        0.0,
                        0.0,
                        237533232.0,
                        30000.0,
                        17780705280.0,
                        0.0,
                        6800241.0,
                        88.0
                    ],
                    [
                        0.0,
                        0.0,
                        237533232.0,
                        30000.0,
                        18018240512.0,
                        0.0,
                        6800321.0,
                        88.0
                    ],
                    [
                        0.0,
                        0.0,
                        237533232.0,
                        30000.0,
                        17305638912.0,
                        0.0,
                        6800113.0,
                        88.0
                    ],
                    [
                        0.0,
                        0.0,
                        237533232.0,
                        30000.0,
                        17543172096.0,
                        0.0,
                        6800177.0,
                        88.0
                    ],
                    [
                        0.0,
                        0.0,
                        237533232.0,
                        30000.0,
                        17780705280.0,
                        0.0,
                        6800241.0,
                        88.0
                    ],
                    [
                        0.0,
                        0.0,
                        237533232.0,
                        30000.0,
                        18018240512.0,
                        0.0,
                        6800321.0,
                        88.0
                    ],
                    [
                        0.0,
                        0.0,
                        237533232.0,
                        30000.0,
                        18255773696.0,
                        0.0,
                        6800401.0,
                        88.0
                    ],
                    [
                        0.0,
                        0.0,
                        363697888.0,
                        100000.0,
                        14359785472.0,
                        0.0,
                        6826205.0,
                        89.0
                    ],
                    [
                        1.0,
                        30000.0,
                        4044225.0,
                        80000.0,
                        65220072.0,
                        0.0,
                        6401146.0,
                        0.0
                    ],
                    [
                        0.0,
                        0.0,
                        363697888.0,
                        110000.0,
                        14723483648.0,
                        0.0,
                        6826285.0,
                        89.0
                    ],
                    [
                        0.0,
                        0.0,
                        363697888.0,
                        110000.0,
                        15087181824.0,
                        0.0,
                        6827785.0,
                        89.0
                    ],
                    [
                        0.0,
                        0.0,
                        363697888.0,
                        110000.0,
                        15450878976.0,
                        0.0,
                        6829285.0,
                        89.0
                    ]
                ]
            ],
            "actions": [
                [
                    [
                        0.3333333432674408
                    ],
                    [
                        0.3333333432674408
                    ],
                    [
                        0.3333333432674408
                    ],
                    [
                        0.3333333432674408
                    ],
                    [
                        0.6666666865348816
                    ],
                    [
                        0.3333333432674408
                    ],
                    [
                        0.3333333432674408
                    ],
                    [
                        0.3333333432674408
                    ],
                    [
                        0.3333333432674408
                    ],
                    [
                        0.3333333432674408
                    ],
                    [
                        0.3333333432674408
                    ],
                    [
                        0.3333333432674408
                    ],
                    [
                        0.3333333432674408
                    ],
                    [
                        0.3333333432674408
                    ],
                    [
                        0.6666666865348816
                    ],
                    [
                        0.3333333432674408
                    ],
                    [
                        0.3333333432674408
                    ],
                    [
                        0.3333333432674408
                    ],
                    [
                        0.3333333432674408
                    ],
                    [
                        0.3333333432674408
                    ]
                ]
            ],
            "returns": [
                [
                    [
                        0.19041666388511658
                    ],
                    [
                        0.1902499943971634
                    ],
                    [
                        0.1899166703224182
                    ],
                    [
                        0.18958333134651184
                    ],
                    [
                        0.18925000727176666
                    ],
                    [
                        0.1889166682958603
                    ],
                    [
                        0.1887916624546051
                    ],
                    [
                        0.1886666715145111
                    ],
                    [
                        0.18854166567325592
                    ],
                    [
                        0.18841665983200073
                    ],
                    [
                        0.18829166889190674
                    ],
                    [
                        0.18816666305065155
                    ],
                    [
                        0.18804167211055756
                    ],
                    [
                        0.18791666626930237
                    ],
                    [
                        0.18779166042804718
                    ],
                    [
                        0.18766666948795319
                    ],
                    [
                        0.18725000321865082
                    ],
                    [
                        0.18691666424274445
                    ],
                    [
                        0.18645833432674408
                    ],
                    [
                        0.1860000044107437
                    ]
                ]
            ],
            "timesteps": [
                [
                    880,
                    881,
                    882,
                    883,
                    884,
                    885,
                    886,
                    887,
                    888,
                    889,
                    890,
                    891,
                    892,
                    893,
                    894,
                    895,
                    896,
                    897,
                    898,
                    899
                ]
            ],
            "labels": [
                [
                    0,
                    0,
                    0,
                    0,
                    1,
                    0,
                    0,
                    0,
                    0,
                    0,
                    0,
                    0,
                    0,
                    0,
                    1,
                    0,
                    0,
                    0,
                    0,
                    0
                ]
            ],
            "CPU Usage": 4.5,
            "RAM Usage": 17.4,
            "GPU Usage": 41.0,
            "VRAM Usage": 15400.0,
            "Disk Read Speed (MB/s)": 75057177.68652344,
            "Disk Write Speed (MB/s)": 506878101.07910156
        },
        {
            "step": 1,
            "train_loss": 0.008901323191821575,
            "actions_pred1": [
                [
                    [
                        2.247127056121826,
                        0.21933923661708832,
                        -2.109636068344116
                    ],
                    [
                        2.327059268951416,
                        0.5757310390472412,
                        -2.0334320068359375
                    ],
                    [
                        2.2693607807159424,
                        0.3580669164657593,
                        -2.072502613067627
                    ],
                    [
                        2.524348020553589,
                        0.38813525438308716,
                        -2.1245720386505127
                    ],
                    [
                        1.9869060516357422,
                        0.5132651925086975,
                        -2.026369571685791
                    ],
                    [
                        2.2597413063049316,
                        0.3098829388618469,
                        -1.8810616731643677
                    ],
                    [
                        2.068352699279785,
                        0.4136720299720764,
                        -2.160088062286377
                    ],
                    [
                        2.3470423221588135,
                        0.2835446000099182,
                        -1.8934987783432007
                    ],
                    [
                        2.6273303031921387,
                        0.1932331919670105,
                        -2.003549098968506
                    ],
                    [
                        2.535399913787842,
                        0.4328090250492096,
                        -1.7119464874267578
                    ],
                    [
                        2.7210962772369385,
                        0.26145482063293457,
                        -1.8015682697296143
                    ],
                    [
                        2.6408581733703613,
                        0.30146127939224243,
                        -1.7792205810546875
                    ],
                    [
                        2.471280813217163,
                        0.28437793254852295,
                        -1.7021726369857788
                    ],
                    [
                        2.694272041320801,
                        0.44476091861724854,
                        -1.8191434144973755
                    ],
                    [
                        2.1821529865264893,
                        0.5537729859352112,
                        -1.4026018381118774
                    ],
                    [
                        2.4684553146362305,
                        0.3941922187805176,
                        -1.590450406074524
                    ],
                    [
                        2.5699610710144043,
                        0.22879748046398163,
                        -1.9737741947174072
                    ],
                    [
                        2.830137014389038,
                        0.2415042668581009,
                        -2.0609493255615234
                    ],
                    [
                        2.9768147468566895,
                        0.24447061121463776,
                        -1.7063806056976318
                    ],
                    [
                        2.7447965145111084,
                        0.36218738555908203,
                        -1.7687668800354004
                    ]
                ]
            ],
            "actions_pred": [
                [
                    [
                        2.247127056121826,
                        2.327059268951416,
                        2.2693607807159424,
                        2.524348020553589,
                        1.9869060516357422,
                        2.2597413063049316,
                        2.068352699279785,
                        2.3470423221588135,
                        2.6273303031921387,
                        2.535399913787842,
                        2.7210962772369385,
                        2.6408581733703613,
                        2.471280813217163,
                        2.694272041320801,
                        2.1821529865264893,
                        2.4684553146362305,
                        2.5699610710144043,
                        2.830137014389038,
                        2.9768147468566895,
                        2.7447965145111084
                    ],
                    [
                        0.21933923661708832,
                        0.5757310390472412,
                        0.3580669164657593,
                        0.38813525438308716,
                        0.5132651925086975,
                        0.3098829388618469,
                        0.4136720299720764,
                        0.2835446000099182,
                        0.1932331919670105,
                        0.4328090250492096,
                        0.26145482063293457,
                        0.30146127939224243,
                        0.28437793254852295,
                        0.44476091861724854,
                        0.5537729859352112,
                        0.3941922187805176,
                        0.22879748046398163,
                        0.2415042668581009,
                        0.24447061121463776,
                        0.36218738555908203
                    ],
                    [
                        -2.109636068344116,
                        -2.0334320068359375,
                        -2.072502613067627,
                        -2.1245720386505127,
                        -2.026369571685791,
                        -1.8810616731643677,
                        -2.160088062286377,
                        -1.8934987783432007,
                        -2.003549098968506,
                        -1.7119464874267578,
                        -1.8015682697296143,
                        -1.7792205810546875,
                        -1.7021726369857788,
                        -1.8191434144973755,
                        -1.4026018381118774,
                        -1.590450406074524,
                        -1.9737741947174072,
                        -2.0609493255615234,
                        -1.7063806056976318,
                        -1.7687668800354004
                    ]
                ]
            ],
            "states": [
                [
                    [
                        0.0,
                        0.0,
                        277798560.0,
                        160000.0,
                        10248473600.0,
                        0.0,
                        6056817.0,
                        39.0
                    ],
                    [
                        0.0,
                        0.0,
                        277798560.0,
                        160000.0,
                        10526271488.0,
                        0.0,
                        6056869.0,
                        39.0
                    ],
                    [
                        0.0,
                        0.0,
                        277798560.0,
                        160000.0,
                        10804070400.0,
                        0.0,
                        6056921.0,
                        39.0
                    ],
                    [
                        0.0,
                        0.0,
                        277798560.0,
                        160000.0,
                        11081869312.0,
                        0.0,
                        6056973.0,
                        39.0
                    ],
                    [
                        0.0,
                        0.0,
                        277798560.0,
                        160000.0,
                        0.0,
                        0.0,
                        6057025.0,
                        39.0
                    ],
                    [
                        0.0,
                        0.0,
                        244244144.0,
                        90000.0,
                        3175173888.0,
                        0.0,
                        6064941.0,
                        40.0
                    ],
                    [
                        0.0,
                        0.0,
                        244244144.0,
                        90000.0,
                        3419418112.0,
                        0.0,
                        6066441.0,
                        40.0
                    ],
                    [
                        0.0,
                        0.0,
                        244244144.0,
                        90000.0,
                        3663662080.0,
                        0.0,
                        6066493.0,
                        40.0
                    ],
                    [
                        0.0,
                        0.0,
                        244244144.0,
                        90000.0,
                        3907906304.0,
                        0.0,
                        6066545.0,
                        40.0
                    ],
                    [
                        0.0,
                        0.0,
                        244244144.0,
                        90000.0,
                        4152150528.0,
                        0.0,
                        6068045.0,
                        40.0
                    ],
                    [
                        0.0,
                        0.0,
                        244244144.0,
                        90000.0,
                        3419418112.0,
                        0.0,
                        6066441.0,
                        40.0
                    ],
                    [
                        0.0,
                        0.0,
                        244244144.0,
                        90000.0,
                        3663662080.0,
                        0.0,
                        6066493.0,
                        40.0
                    ],
                    [
                        0.0,
                        0.0,
                        244244144.0,
                        90000.0,
                        3907906304.0,
                        0.0,
                        6066545.0,
                        40.0
                    ],
                    [
                        0.0,
                        0.0,
                        244244144.0,
                        90000.0,
                        4152150528.0,
                        0.0,
                        6068045.0,
                        40.0
                    ],
                    [
                        0.0,
                        0.0,
                        244244144.0,
                        90000.0,
                        0.0,
                        0.0,
                        6069545.0,
                        40.0
                    ],
                    [
                        0.0,
                        0.0,
                        244244144.0,
                        100000.0,
                        8304301056.0,
                        0.0,
                        6108961.0,
                        41.0
                    ],
                    [
                        0.0,
                        0.0,
                        244244144.0,
                        100000.0,
                        8548545024.0,
                        0.0,
                        6110461.0,
                        41.0
                    ],
                    [
                        0.0,
                        0.0,
                        244244144.0,
                        100000.0,
                        8792788992.0,
                        0.0,
                        6111961.0,
                        41.0
                    ],
                    [
                        0.0,
                        0.0,
                        244244144.0,
                        100000.0,
                        9037033472.0,
                        0.0,
                        6113461.0,
                        41.0
                    ],
                    [
                        0.0,
                        0.0,
                        244244144.0,
                        100000.0,
                        9281277952.0,
                        0.0,
                        6114961.0,
                        41.0
                    ]
                ]
            ],
            "actions": [
                [
                    [
                        0.3333333432674408
                    ],
                    [
                        0.3333333432674408
                    ],
                    [
                        0.3333333432674408
                    ],
                    [
                        0.3333333432674408
                    ],
                    [
                        0.6666666865348816
                    ],
                    [
                        0.3333333432674408
                    ],
                    [
                        0.3333333432674408
                    ],
                    [
                        0.3333333432674408
                    ],
                    [
                        0.3333333432674408
                    ],
                    [
                        0.3333333432674408
                    ],
                    [
                        0.3333333432674408
                    ],
                    [
                        0.3333333432674408
                    ],
                    [
                        0.3333333432674408
                    ],
                    [
                        0.3333333432674408
                    ],
                    [
                        0.6666666865348816
                    ],
                    [
                        0.3333333432674408
                    ],
                    [
                        0.3333333432674408
                    ],
                    [
                        0.3333333432674408
                    ],
                    [
                        0.3333333432674408
                    ],
                    [
                        0.3333333432674408
                    ]
                ]
            ],
            "returns": [
                [
                    [
                        0.40837499499320984
                    ],
                    [
                        0.4077083468437195
                    ],
                    [
                        0.40704166889190674
                    ],
                    [
                        0.406374990940094
                    ],
                    [
                        0.40570834279060364
                    ],
                    [
                        0.4050416648387909
                    ],
                    [
                        0.4046666622161865
                    ],
                    [
                        0.40429165959358215
                    ],
                    [
                        0.4039166569709778
                    ],
                    [
                        0.4035416543483734
                    ],
                    [
                        0.40316668152809143
                    ],
                    [
                        0.40279167890548706
                    ],
                    [
                        0.4024166762828827
                    ],
                    [
                        0.4020416736602783
                    ],
                    [
                        0.40166667103767395
                    ],
                    [
                        0.4012916684150696
                    ],
                    [
                        0.4008750021457672
                    ],
                    [
                        0.40045833587646484
                    ],
                    [
                        0.4000416696071625
                    ],
                    [
                        0.3996250033378601
                    ]
                ]
            ],
            "timesteps": [
                [
                    400,
                    401,
                    402,
                    403,
                    404,
                    405,
                    406,
                    407,
                    408,
                    409,
                    410,
                    411,
                    412,
                    413,
                    414,
                    415,
                    416,
                    417,
                    418,
                    419
                ]
            ],
            "labels": [
                [
                    0,
                    0,
                    0,
                    0,
                    1,
                    0,
                    0,
                    0,
                    0,
                    0,
                    0,
                    0,
                    0,
                    0,
                    1,
                    0,
                    0,
                    0,
                    0,
                    0
                ]
            ],
            "CPU Usage": 3.4,
            "RAM Usage": 17.4,
            "GPU Usage": 77.0,
            "VRAM Usage": 15400.0,
            "Disk Read Speed (MB/s)": 75057177.68652344,
            "Disk Write Speed (MB/s)": 506878101.07910156
        },
        {
            "step": 2,
            "train_loss": 0.009291641414165497,
            "actions_pred1": [
                [
                    [
                        2.377232789993286,
                        -0.4194527268409729,
                        -2.263291358947754
                    ],
                    [
                        2.0141685009002686,
                        -0.30596378445625305,
                        -2.0447025299072266
                    ],
                    [
                        2.0315933227539062,
                        -0.13849283754825592,
                        -2.1466681957244873
                    ],
                    [
                        2.239866256713867,
                        -0.16411437094211578,
                        -1.9813365936279297
                    ],
                    [
                        1.8581790924072266,
                        0.2720504403114319,
                        -1.8982460498809814
                    ],
                    [
                        2.1528804302215576,
                        0.21512721478939056,
                        -2.085146903991699
                    ],
                    [
                        2.3379032611846924,
                        0.07593999803066254,
                        -2.0280823707580566
                    ],
                    [
                        2.4486875534057617,
                        0.04565311595797539,
                        -1.7744866609573364
                    ],
                    [
                        2.490135431289673,
                        -0.26921120285987854,
                        -2.030413866043091
                    ],
                    [
                        2.471604108810425,
                        0.057629864662885666,
                        -1.7737607955932617
                    ],
                    [
                        2.2574007511138916,
                        -0.0016664601862430573,
                        -2.0098464488983154
                    ],
                    [
                        2.3323910236358643,
                        0.25155389308929443,
                        -1.9595259428024292
                    ],
                    [
                        2.559110164642334,
                        0.1337251365184784,
                        -1.8271348476409912
                    ],
                    [
                        2.396240234375,
                        -0.016506347805261612,
                        -2.0350098609924316
                    ],
                    [
                        2.221468925476074,
                        0.055886413902044296,
                        -1.8957620859146118
                    ],
                    [
                        2.590252161026001,
                        0.16566915810108185,
                        -1.7327690124511719
                    ],
                    [
                        2.5234498977661133,
                        0.2022651880979538,
                        -1.9378552436828613
                    ],
                    [
                        2.4487414360046387,
                        0.18355143070220947,
                        -1.7723162174224854
                    ],
                    [
                        2.54573655128479,
                        0.12676741182804108,
                        -1.9103739261627197
                    ],
                    [
                        2.658738851547241,
                        0.26409053802490234,
                        -1.9968609809875488
                    ]
                ]
            ],
            "actions_pred": [
                [
                    [
                        2.377232789993286,
                        2.0141685009002686,
                        2.0315933227539062,
                        2.239866256713867,
                        1.8581790924072266,
                        2.1528804302215576,
                        2.3379032611846924,
                        2.4486875534057617,
                        2.490135431289673,
                        2.471604108810425,
                        2.2574007511138916,
                        2.3323910236358643,
                        2.559110164642334,
                        2.396240234375,
                        2.221468925476074,
