{
    "steps": [
        {
            "step": 0,
            "train_loss": 0.008871574886143208,
            "actions_pred1": [
                [
                    [
                        4.706292152404785,
                        -1.7890664339065552,
                        -1.6859101057052612
                    ],
                    [
                        4.625892639160156,
                        -1.0765419006347656,
                        -1.6830048561096191
                    ],
                    [
                        4.848843574523926,
                        -0.8633894920349121,
                        -1.6656664609909058
                    ],
                    [
                        4.565454483032227,
                        -1.2310925722122192,
                        -1.8294415473937988
                    ],
                    [
                        3.6557400226593018,
                        -0.9449288249015808,
                        -0.8453971743583679
                    ],
                    [
                        3.39786958694458,
                        -0.6676931977272034,
                        -0.8524239659309387
                    ],
                    [
                        3.5270562171936035,
                        -0.2742678225040436,
                        -1.2512315511703491
                    ],
                    [
                        3.9961249828338623,
                        -0.10309016704559326,
                        -0.6015554666519165
                    ],
                    [
                        3.6341214179992676,
                        -0.15846550464630127,
                        -0.5521450042724609
                    ],
                    [
                        3.762474536895752,
                        -0.26325908303260803,
                        -0.7269909381866455
                    ],
                    [
                        3.8968050479888916,
                        -0.6694620847702026,
                        -0.5905829071998596
                    ],
                    [
                        3.5763416290283203,
                        -0.10500206053256989,
                        -0.9669904708862305
                    ],
                    [
                        4.028209686279297,
                        -0.4226945638656616,
                        -0.26105308532714844
                    ],
                    [
                        4.21536111831665,
                        -0.036296844482421875,
                        -0.7317010164260864
                    ],
                    [
                        0.01342356950044632,
                        3.226496696472168,
                        0.14620104432106018
                    ],
                    [
                        1.7315893173217773,
                        0.8011525869369507,
                        -0.7072920203208923
                    ],
                    [
                        2.6794393062591553,
                        0.698517918586731,
                        -1.4404263496398926
                    ],
                    [
                        3.224594831466675,
                        -0.08581800758838654,
                        -1.8849856853485107
                    ],
                    [
                        2.4203455448150635,
                        -0.06996827572584152,
                        -0.7526483535766602
                    ],
                    [
                        4.985867977142334,
                        -1.113884449005127,
                        -1.3905787467956543
                    ]
                ]
            ],
            "actions_pred": [
                [
                    [
                        4.706292152404785,
                        4.625892639160156,
                        4.848843574523926,
                        4.565454483032227,
                        3.6557400226593018,
                        3.39786958694458,
                        3.5270562171936035,
                        3.9961249828338623,
                        3.6341214179992676,
                        3.762474536895752,
                        3.8968050479888916,
                        3.5763416290283203,
                        4.028209686279297,
                        4.21536111831665,
                        0.01342356950044632,
                        1.7315893173217773,
                        2.6794393062591553,
                        3.224594831466675,
                        2.4203455448150635,
                        4.985867977142334
                    ],
                    [
                        -1.7890664339065552,
                        -1.0765419006347656,
                        -0.8633894920349121,
                        -1.2310925722122192,
                        -0.9449288249015808,
                        -0.6676931977272034,
                        -0.2742678225040436,
                        -0.10309016704559326,
                        -0.15846550464630127,
                        -0.26325908303260803,
                        -0.6694620847702026,
                        -0.10500206053256989,
                        -0.4226945638656616,
                        -0.036296844482421875,
                        3.226496696472168,
                        0.8011525869369507,
                        0.698517918586731,
                        -0.08581800758838654,
                        -0.06996827572584152,
                        -1.113884449005127
                    ],
                    [
                        -1.6859101057052612,
                        -1.6830048561096191,
                        -1.6656664609909058,
                        -1.8294415473937988,
                        -0.8453971743583679,
                        -0.8524239659309387,
                        -1.2512315511703491,
                        -0.6015554666519165,
                        -0.5521450042724609,
                        -0.7269909381866455,
                        -0.5905829071998596,
                        -0.9669904708862305,
                        -0.26105308532714844,
                        -0.7317010164260864,
                        0.14620104432106018,
                        -0.7072920203208923,
                        -1.4404263496398926,
                        -1.8849856853485107,
                        -0.7526483535766602,
                        -1.3905787467956543
                    ]
                ]
            ],
            "states": [
                [
                    [
                        0.0,
                        0.0,
                        475293920.0,
                        120000.0,
                        16404959232.0,
                        0.0,
                        3383021.0,
                        27.0
                    ],
                    [
                        0.0,
                        0.0,
                        475293920.0,
                        120000.0,
                        16880252928.0,
                        0.0,
                        3384521.0,
                        27.0
                    ],
                    [
                        0.0,
                        0.0,
                        475293920.0,
                        120000.0,
                        17355546624.0,
                        0.0,
                        3386021.0,
                        27.0
                    ],
                    [
                        0.0,
                        0.0,
                        475293920.0,
                        120000.0,
                        17830840320.0,
                        0.0,
                        3387521.0,
                        27.0
                    ],
                    [
                        0.0,
                        0.0,
                        475293920.0,
                        120000.0,
                        18306134016.0,
                        0.0,
                        3389021.0,
                        27.0
                    ],
                    [
                        0.0,
                        0.0,
                        475293920.0,
                        130000.0,
                        2851763456.0,
                        0.0,
                        3392229.0,
                        28.0
                    ],
                    [
                        0.0,
                        0.0,
                        475293920.0,
                        130000.0,
                        3327057408.0,
                        0.0,
                        3392281.0,
                        28.0
                    ],
                    [
                        0.0,
                        0.0,
                        475293920.0,
                        130000.0,
                        3802351360.0,
                        0.0,
                        3392345.0,
                        28.0
                    ],
                    [
                        0.0,
                        0.0,
                        475293920.0,
                        130000.0,
                        4277645312.0,
                        0.0,
                        3392417.0,
                        28.0
                    ],
                    [
                        0.0,
                        0.0,
                        475293920.0,
                        130000.0,
                        4752939008.0,
                        0.0,
                        3392469.0,
                        28.0
                    ],
                    [
                        0.0,
                        0.0,
                        475293920.0,
                        130000.0,
                        3327057408.0,
                        0.0,
                        3392281.0,
                        28.0
                    ],
                    [
                        0.0,
                        0.0,
                        475293920.0,
                        130000.0,
                        3802351360.0,
                        0.0,
                        3392345.0,
                        28.0
                    ],
                    [
                        0.0,
                        0.0,
                        475293920.0,
                        130000.0,
                        4277645312.0,
                        0.0,
                        3392417.0,
                        28.0
                    ],
                    [
                        0.0,
                        0.0,
                        475293920.0,
                        130000.0,
                        4752939008.0,
                        0.0,
                        3392469.0,
                        28.0
                    ],
                    [
                        0.0,
                        0.0,
                        475293920.0,
                        130000.0,
                        0.0,
                        0.0,
                        3393969.0,
                        28.0
                    ],
                    [
                        1.0,
                        150000.0,
                        0.0,
                        80000.0,
                        0.0,
                        0.0,
                        2451646.0,
                        0.0
                    ],
                    [
                        1.0,
                        150000.0,
                        0.0,
                        80000.0,
                        0.0,
                        0.0,
                        2453146.0,
                        0.0
                    ],
                    [
                        1.0,
                        150000.0,
                        0.0,
                        80000.0,
                        0.0,
                        0.0,
                        2454646.0,
                        0.0
                    ],
                    [
                        1.0,
                        150000.0,
                        0.0,
                        80000.0,
                        0.0,
                        0.0,
                        2456146.0,
                        0.0
                    ],
                    [
                        0.0,
                        0.0,
                        561193280.0,
                        140000.0,
                        7169510912.0,
                        0.0,
                        3403525.0,
                        29.0
                    ]
                ]
            ],
            "actions": [
                [
                    [
                        0.3333333432674408
                    ],
                    [
                        0.3333333432674408
                    ],
                    [
                        0.3333333432674408
                    ],
                    [
                        0.3333333432674408
                    ],
                    [
                        0.6666666865348816
                    ],
                    [
                        0.3333333432674408
                    ],
                    [
                        0.3333333432674408
                    ],
                    [
                        0.3333333432674408
                    ],
                    [
                        0.3333333432674408
                    ],
                    [
                        0.3333333432674408
                    ],
                    [
                        0.3333333432674408
                    ],
                    [
                        0.3333333432674408
                    ],
                    [
                        0.3333333432674408
                    ],
                    [
                        0.3333333432674408
                    ],
                    [
                        0.6666666865348816
                    ],
                    [
                        0.3333333432674408
                    ],
                    [
                        0.3333333432674408
                    ],
                    [
                        0.3333333432674408
                    ],
                    [
                        0.3333333432674408
                    ],
                    [
                        0.3333333432674408
                    ]
                ]
            ],
            "returns": [
                [
                    [
                        0.46187499165534973
                    ],
                    [
                        0.46137499809265137
                    ],
                    [
                        0.460875004529953
                    ],
                    [
                        0.46037501096725464
                    ],
                    [
                        0.4598749876022339
                    ],
                    [
                        0.4593749940395355
                    ],
                    [
                        0.45883333683013916
                    ],
                    [
                        0.4582916796207428
                    ],
                    [
                        0.45774999260902405
                    ],
                    [
                        0.4572083353996277
                    ],
                    [
                        0.4566666781902313
                    ],
                    [
                        0.4561249911785126
                    ],
                    [
                        0.4555833339691162
                    ],
                    [
                        0.45504167675971985
                    ],
                    [
                        0.4544999897480011
                    ],
                    [
                        0.45395833253860474
                    ],
                    [
                        0.45362499356269836
                    ],
                    [
                        0.453291654586792
                    ],
                    [
                        0.452958345413208
                    ],
                    [
                        0.45262500643730164
                    ]
                ]
            ],
            "timesteps": [
                [
                    280,
                    281,
                    282,
                    283,
                    284,
                    285,
                    286,
                    287,
                    288,
                    289,
                    290,
                    291,
                    292,
                    293,
                    294,
                    295,
                    296,
                    297,
                    298,
                    299
                ]
            ],
            "labels": [
                [
                    0,
                    0,
                    0,
                    0,
                    1,
                    0,
                    0,
                    0,
                    0,
                    0,
                    0,
                    0,
                    0,
                    0,
                    1,
                    0,
                    0,
                    0,
                    0,
                    0
                ]
            ],
            "CPU Usage": 4.1,
            "RAM Usage": 17.4,
            "GPU Usage": 41.0,
            "VRAM Usage": 15400.0,
            "Disk Read Speed (MB/s)": 75057177.68652344,
            "Disk Write Speed (MB/s)": 506878184.89160156
        },
        {
            "step": 1,
            "train_loss": 0.06546151638031006,
            "actions_pred1": [
                [
                    [
                        3.032227039337158,
                        -0.9181942343711853,
                        -1.582381248474121
                    ],
                    [
                        2.581932306289673,
                        -0.6983811259269714,
                        -1.7028553485870361
                    ],
                    [
                        2.891066789627075,
                        -0.6272921562194824,
                        -1.4187040328979492
                    ],
                    [
                        2.9689178466796875,
                        -0.9275001883506775,
                        -0.8105173707008362
                    ],
                    [
                        3.3909125328063965,
                        -1.129903793334961,
                        -1.4417049884796143
                    ],
                    [
                        3.07534122467041,
                        -0.7379114031791687,
                        -0.9385334849357605
                    ],
                    [
                        2.9152846336364746,
                        -0.37964656949043274,
                        -1.1595391035079956
                    ],
                    [
                        3.2290408611297607,
                        -0.8923630714416504,
                        -1.3495862483978271
                    ],
                    [
                        2.9724228382110596,
                        -0.3290761709213257,
                        -1.1467841863632202
                    ],
                    [
                        3.5913448333740234,
                        -0.7932631373405457,
                        -0.7524147033691406
                    ],
                    [
                        3.349764347076416,
                        -0.4890892505645752,
                        -1.1483012437820435
                    ],
                    [
                        2.8468081951141357,
                        -0.20291674137115479,
                        -1.2646510601043701
                    ],
                    [
                        2.9689509868621826,
                        -0.6199735999107361,
                        -0.9513581991195679
                    ],
                    [
                        2.804619550704956,
                        -0.21122345328330994,
                        -1.1414591073989868
                    ],
                    [
                        3.0183145999908447,
                        -0.37312549352645874,
                        -1.2318631410598755
                    ],
                    [
                        2.7322397232055664,
                        -0.10155558586120605,
                        -1.1862108707427979
                    ],
                    [
                        3.143097400665283,
                        -0.2616557776927948,
                        -1.3258166313171387
                    ],
                    [
                        3.355557680130005,
                        -0.622351884841919,
                        -1.0494091510772705
                    ],
                    [
                        2.8520312309265137,
                        -0.00910414569079876,
                        -1.2425702810287476
                    ],
                    [
                        3.155627965927124,
                        -0.31053730845451355,
                        -0.9646263122558594
                    ]
                ]
            ],
            "actions_pred": [
                [
                    [
                        3.032227039337158,
                        2.581932306289673,
                        2.891066789627075,
                        2.9689178466796875,
                        3.3909125328063965,
                        3.07534122467041,
                        2.9152846336364746,
                        3.2290408611297607,
                        2.9724228382110596,
                        3.5913448333740234,
                        3.349764347076416,
                        2.8468081951141357,
                        2.9689509868621826,
                        2.804619550704956,
                        3.0183145999908447,
                        2.7322397232055664,
                        3.143097400665283,
                        3.355557680130005,
                        2.8520312309265137,
                        3.155627965927124
                    ],
                    [
                        -0.9181942343711853,
                        -0.6983811259269714,
                        -0.6272921562194824,
                        -0.9275001883506775,
                        -1.129903793334961,
                        -0.7379114031791687,
                        -0.37964656949043274,
                        -0.8923630714416504,
                        -0.3290761709213257,
                        -0.7932631373405457,
                        -0.4890892505645752,
                        -0.20291674137115479,
                        -0.6199735999107361,
                        -0.21122345328330994,
                        -0.37312549352645874,
                        -0.10155558586120605,
                        -0.2616557776927948,
                        -0.622351884841919,
                        -0.00910414569079876,
                        -0.31053730845451355
                    ],
                    [
                        -1.582381248474121,
                        -1.7028553485870361,
                        -1.4187040328979492,
                        -0.8105173707008362,
                        -1.4417049884796143,
                        -0.9385334849357605,
                        -1.1595391035079956,
                        -1.3495862483978271,
                        -1.1467841863632202,
                        -0.7524147033691406,
                        -1.1483012437820435,
                        -1.2646510601043701,
                        -0.9513581991195679,
                        -1.1414591073989868,
                        -1.2318631410598755,
                        -1.1862108707427979,
                        -1.3258166313171387,
                        -1.0494091510772705,
                        -1.2425702810287476,
                        -0.9646263122558594
                    ]
                ]
            ],
            "states": [
                [
                    [
                        0.0,
                        0.0,
                        114919328.0,
                        60000.0,
                        17688748032.0,
                        0.0,
                        2853037.0,
                        4.0
                    ],
                    [
                        0.0,
                        0.0,
                        114919328.0,
                        60000.0,
                        17803667456.0,
                        0.0,
                        2854537.0,
                        4.0
                    ],
                    [
                        0.0,
                        0.0,
                        114919328.0,
                        60000.0,
                        17918584832.0,
                        0.0,
                        2856037.0,
                        4.0
                    ],
                    [
                        0.0,
                        0.0,
                        114919328.0,
                        60000.0,
                        18033504256.0,
                        0.0,
                        2857537.0,
                        4.0
                    ],
                    [
                        0.0,
                        0.0,
                        114919328.0,
                        60000.0,
                        18148423680.0,
                        0.0,
                        2859037.0,
                        4.0
                    ],
                    [
                        0.0,
                        0.0,
                        114919328.0,
                        60000.0,
                        18952859648.0,
                        0.0,
                        2869537.0,
                        4.0
                    ],
                    [
                        0.0,
                        0.0,
                        114919328.0,
                        60000.0,
                        19067779072.0,
                        0.0,
                        2871037.0,
                        4.0
                    ],
                    [
                        0.0,
                        0.0,
                        114919328.0,
                        60000.0,
                        19182698496.0,
                        0.0,
                        2872537.0,
                        4.0
                    ],
                    [
                        0.0,
                        0.0,
                        114919328.0,
                        60000.0,
                        19297617920.0,
                        0.0,
                        2874037.0,
                        4.0
                    ],
                    [
                        0.0,
                        0.0,
                        114919328.0,
                        60000.0,
                        19412537344.0,
                        0.0,
                        2875537.0,
                        4.0
                    ],
                    [
                        0.0,
                        0.0,
                        114919328.0,
                        60000.0,
                        19067779072.0,
                        0.0,
                        2871037.0,
                        4.0
                    ],
                    [
                        0.0,
                        0.0,
                        114919328.0,
                        60000.0,
                        19182698496.0,
                        0.0,
                        2872537.0,
                        4.0
                    ],
                    [
                        0.0,
                        0.0,
                        114919328.0,
                        60000.0,
                        19297617920.0,
                        0.0,
                        2874037.0,
                        4.0
                    ],
                    [
                        0.0,
                        0.0,
                        114919328.0,
                        60000.0,
                        19412537344.0,
                        0.0,
                        2875537.0,
                        4.0
                    ],
                    [
                        0.0,
                        0.0,
                        114919328.0,
                        60000.0,
                        19527456768.0,
                        0.0,
                        2877037.0,
                        4.0
                    ],
                    [
                        0.0,
                        0.0,
                        281349312.0,
                        150000.0,
                        12424854528.0,
                        0.0,
                        2991573.0,
                        5.0
                    ],
                    [
                        0.0,
                        0.0,
                        281349312.0,
                        150000.0,
                        12706203648.0,
                        0.0,
                        2993073.0,
                        5.0
                    ],
                    [
                        0.0,
                        0.0,
                        281349312.0,
                        150000.0,
                        12987552768.0,
                        0.0,
                        2993125.0,
                        5.0
                    ],
                    [
                        0.0,
                        0.0,
                        281349312.0,
                        150000.0,
                        13268901888.0,
                        0.0,
                        2993177.0,
                        5.0
                    ],
                    [
                        0.0,
                        0.0,
                        281349312.0,
                        150000.0,
                        13550251008.0,
                        0.0,
                        2994677.0,
                        5.0
                    ]
                ]
            ],
            "actions": [
                [
                    [
                        0.3333333432674408
                    ],
                    [
                        0.3333333432674408
                    ],
                    [
                        0.3333333432674408
                    ],
                    [
                        0.3333333432674408
                    ],
                    [
                        0.3333333432674408
                    ],
                    [
                        1.0
                    ],
                    [
                        1.0
                    ],
                    [
                        1.0
                    ],
                    [
                        1.0
                    ],
                    [
                        1.0
                    ],
                    [
                        1.0
                    ],
                    [
                        1.0
                    ],
                    [
                        1.0
                    ],
                    [
                        1.0
                    ],
                    [
                        0.6666666865348816
                    ],
                    [
                        0.3333333432674408
                    ],
                    [
                        0.3333333432674408
                    ],
                    [
                        0.3333333432674408
                    ],
                    [
                        0.3333333432674408
                    ],
                    [
                        0.3333333432674408
                    ]
                ]
            ],
            "returns": [
                [
                    [
                        0.6083333492279053
                    ],
                    [
                        0.6080833077430725
                    ],
                    [
                        0.6078333258628845
                    ],
                    [
                        0.6075833439826965
                    ],
                    [
                        0.6073333621025085
                    ],
                    [
                        0.6070833206176758
                    ],
                    [
                        0.6068333387374878
                    ],
                    [
                        0.6065833568572998
                    ],
                    [
                        0.606333315372467
                    ],
                    [
                        0.606083333492279
                    ],
                    [
                        0.6058333516120911
                    ],
                    [
                        0.6055833101272583
                    ],
                    [
                        0.6053333282470703
                    ],
                    [
                        0.6050833463668823
                    ],
                    [
                        0.6048333048820496
                    ],
                    [
                        0.6045833230018616
                    ],
                    [
                        0.6039583086967468
                    ],
                    [
                        0.6033333539962769
                    ],
                    [
                        0.6027083396911621
                    ],
                    [
                        0.6020833253860474
                    ]
                ]
            ],
            "timesteps": [
                [
                    40,
                    41,
                    42,
                    43,
                    44,
                    45,
                    46,
                    47,
                    48,
                    49,
                    50,
                    51,
                    52,
                    53,
                    54,
                    55,
                    56,
                    57,
                    58,
                    59
                ]
            ],
            "labels": [
                [
                    0,
                    0,
                    0,
                    0,
                    0,
                    2,
                    2,
                    2,
                    2,
                    2,
                    2,
                    2,
                    2,
                    2,
                    1,
                    0,
                    0,
                    0,
                    0,
                    0
                ]
            ],
            "CPU Usage": 7.8,
            "RAM Usage": 17.4,
            "GPU Usage": 80.0,
            "VRAM Usage": 15400.0,
            "Disk Read Speed (MB/s)": 75057177.68652344,
            "Disk Write Speed (MB/s)": 506878184.89160156
        },
        {
            "step": 2,
            "train_loss": 0.006912024226039648,
            "actions_pred1": [
                [
                    [
                        0.8332493305206299,
                        0.8898254632949829,
                        -1.5995069742202759
                    ],
                    [
                        2.209181308746338,
                        -0.8290576934814453,
                        -0.7588432431221008
                    ],
                    [
                        3.386445999145508,
                        -0.6460422873497009,
                        -1.0074528455734253
                    ],
                    [
                        2.7460477352142334,
                        -0.8630610704421997,
                        -1.5518590211868286
                    ],
                    [
                        0.8111527562141418,
                        0.9091328978538513,
                        -1.2850761413574219
                    ],
                    [
                        3.1806998252868652,
                        -1.8609743118286133,
                        -1.7862523794174194
                    ],
                    [
                        3.304515838623047,
                        -2.063389301300049,
                        -0.8647597432136536
                    ],
                    [
                        3.126129627227783,
                        -1.2850909233093262,
                        -0.9466491937637329
                    ],
                    [
                        3.7944114208221436,
                        -1.9184917211532593,
                        -1.2748721837997437
                    ],
                    [
                        3.1699700355529785,
                        -2.2363028526306152,
                        -1.7745808362960815
                    ],
                    [
                        3.734264850616455,
                        -2.3108417987823486,
                        -1.2823407649993896
                    ],
                    [
                        3.4716243743896484,
                        -2.2336490154266357,
                        -1.1819547414779663
                    ],
                    [
                        3.167346954345703,
                        -1.3846815824508667,
                        -0.79869145154953
                    ],
                    [
                        2.7320055961608887,
                        -1.3164477348327637,
                        -1.1680644750595093
                    ],
                    [
                        0.09853125363588333,
                        1.3804304599761963,
                        -0.8929150700569153
                    ],
                    [
                        3.0609488487243652,
                        -1.4476032257080078,
                        -1.010545253753662
                    ],
                    [
                        3.8645284175872803,
                        -1.5435711145401,
                        -1.3270162343978882
                    ],
                    [
                        3.0587575435638428,
                        -2.0799713134765625,
                        -1.2506134510040283
                    ],
                    [
                        3.835871934890747,
                        -2.4064810276031494,
                        -0.7407746315002441
                    ],
                    [
                        3.861177682876587,
                        -1.576179027557373,
                        -0.7023405432701111
                    ]
                ]
            ],
            "actions_pred": [
                [
                    [
                        0.8332493305206299,
                        2.209181308746338,
                        3.386445999145508,
                        2.7460477352142334,
                        0.8111527562141418,
                        3.1806998252868652,
                        3.304515838623047,
                        3.126129627227783,
                        3.7944114208221436,
                        3.1699700355529785,
                        3.734264850616455,
                        3.4716243743896484,
                        3.167346954345703,
                        2.7320055961608887,
                        0.09853125363588333,
                        3.0609488487243652,
                        3.8645284175872803,
                        3.0587575435638428,
