{
    "steps": [
        {
            "step": 0,
            "train_loss": 0.00756069365888834,
            "actions_pred1": [
                [
                    [
                        2.505188465118408,
                        -0.8429973721504211,
                        -1.9758447408676147
                    ],
                    [
                        2.3702895641326904,
                        -0.7222201228141785,
                        -2.081367015838623
                    ],
                    [
                        2.3330483436584473,
                        -0.5811058878898621,
                        -2.0318095684051514
                    ],
                    [
                        2.006101608276367,
                        -0.16450773179531097,
                        -2.2962706089019775
                    ],
                    [
                        0.5604968667030334,
                        0.6681351065635681,
                        -1.6174582242965698
                    ],
                    [
                        2.47023606300354,
                        -0.7571658492088318,
                        -1.8691593408584595
                    ],
                    [
                        2.4561548233032227,
                        -0.6029877066612244,
                        -2.034935712814331
                    ],
                    [
                        2.232672929763794,
                        -0.6104585528373718,
                        -1.9718220233917236
                    ],
                    [
                        2.41951060295105,
                        -0.6545990109443665,
                        -2.047471761703491
                    ],
                    [
                        2.602992296218872,
                        -0.6925886273384094,
                        -2.183983325958252
                    ],
                    [
                        2.5804619789123535,
                        -0.5257418751716614,
                        -2.27886700630188
                    ],
                    [
                        2.7973227500915527,
                        -0.3875732123851776,
                        -2.2367334365844727
                    ],
                    [
                        2.9804024696350098,
                        -0.3486451208591461,
                        -2.2234106063842773
                    ],
                    [
                        2.8966710567474365,
                        -0.5303526520729065,
                        -2.3976261615753174
                    ],
                    [
                        2.8933496475219727,
                        -0.3192797899246216,
                        -2.1664464473724365
                    ],
                    [
                        3.2314441204071045,
                        -0.4391433298587799,
                        -2.3869576454162598
                    ],
                    [
                        3.851494312286377,
                        -0.9923391938209534,
                        -2.0479838848114014
                    ],
                    [
                        3.2930498123168945,
                        -0.1547335535287857,
                        -1.8048970699310303
                    ],
                    [
                        3.0356719493865967,
                        -0.037264350801706314,
                        -2.04377818107605
                    ],
                    [
                        3.486489772796631,
                        -0.6710494756698608,
                        -1.9207347631454468
                    ]
                ]
            ],
            "actions_pred": [
                [
                    [
                        2.505188465118408,
                        2.3702895641326904,
                        2.3330483436584473,
                        2.006101608276367,
                        0.5604968667030334,
                        2.47023606300354,
                        2.4561548233032227,
                        2.232672929763794,
                        2.41951060295105,
                        2.602992296218872,
                        2.5804619789123535,
                        2.7973227500915527,
                        2.9804024696350098,
                        2.8966710567474365,
                        2.8933496475219727,
                        3.2314441204071045,
                        3.851494312286377,
                        3.2930498123168945,
                        3.0356719493865967,
                        3.486489772796631
                    ],
                    [
                        -0.8429973721504211,
                        -0.7222201228141785,
                        -0.5811058878898621,
                        -0.16450773179531097,
                        0.6681351065635681,
                        -0.7571658492088318,
                        -0.6029877066612244,
                        -0.6104585528373718,
                        -0.6545990109443665,
                        -0.6925886273384094,
                        -0.5257418751716614,
                        -0.3875732123851776,
                        -0.3486451208591461,
                        -0.5303526520729065,
                        -0.3192797899246216,
                        -0.4391433298587799,
                        -0.9923391938209534,
                        -0.1547335535287857,
                        -0.037264350801706314,
                        -0.6710494756698608
                    ],
                    [
                        -1.9758447408676147,
                        -2.081367015838623,
                        -2.0318095684051514,
                        -2.2962706089019775,
                        -1.6174582242965698,
                        -1.8691593408584595,
                        -2.034935712814331,
                        -1.9718220233917236,
                        -2.047471761703491,
                        -2.183983325958252,
                        -2.27886700630188,
                        -2.2367334365844727,
                        -2.2234106063842773,
                        -2.3976261615753174,
                        -2.1664464473724365,
                        -2.3869576454162598,
                        -2.0479838848114014,
                        -1.8048970699310303,
                        -2.04377818107605,
                        -1.9207347631454468
                    ]
                ]
            ],
            "states": [
                [
                    [
                        0.0,
                        0.0,
                        392030432.0,
                        90000.0,
                        4312334848.0,
                        0.0,
                        8618017.0,
                        106.0
                    ],
                    [
                        0.0,
                        0.0,
                        392030432.0,
                        90000.0,
                        4704365056.0,
                        0.0,
                        8619517.0,
                        106.0
                    ],
                    [
                        0.0,
                        0.0,
                        392030432.0,
                        90000.0,
                        5096395776.0,
                        0.0,
                        8619569.0,
                        106.0
                    ],
                    [
                        0.0,
                        0.0,
                        392030432.0,
                        90000.0,
                        5488425984.0,
                        0.0,
                        8619621.0,
                        106.0
                    ],
                    [
                        0.0,
                        0.0,
                        392030432.0,
                        90000.0,
                        0.0,
                        0.0,
                        8619673.0,
                        106.0
                    ],
                    [
                        0.0,
                        0.0,
                        465850176.0,
                        110000.0,
                        16000425984.0,
                        0.0,
                        8646265.0,
                        107.0
                    ],
                    [
                        0.0,
                        0.0,
                        508799840.0,
                        110000.0,
                        16509225984.0,
                        0.0,
                        8646317.0,
                        107.0
                    ],
                    [
                        0.0,
                        0.0,
                        508799840.0,
                        110000.0,
                        17018025984.0,
                        0.0,
                        8646369.0,
                        107.0
                    ],
                    [
                        0.0,
                        0.0,
                        508799840.0,
                        110000.0,
                        17526824960.0,
                        0.0,
                        8646421.0,
                        107.0
                    ],
                    [
                        0.0,
                        0.0,
                        508799840.0,
                        110000.0,
                        18035625984.0,
                        0.0,
                        8646473.0,
                        107.0
                    ],
                    [
                        0.0,
                        0.0,
                        508799840.0,
                        110000.0,
                        16509225984.0,
                        0.0,
                        8646317.0,
                        107.0
                    ],
                    [
                        0.0,
                        0.0,
                        508799840.0,
                        110000.0,
                        17018025984.0,
                        0.0,
                        8646369.0,
                        107.0
                    ],
                    [
                        0.0,
                        0.0,
                        508799840.0,
                        110000.0,
                        17526824960.0,
                        0.0,
                        8646421.0,
                        107.0
                    ],
                    [
                        0.0,
                        0.0,
                        508799840.0,
                        110000.0,
                        18035625984.0,
                        0.0,
                        8646473.0,
                        107.0
                    ],
                    [
                        0.0,
                        0.0,
                        508799840.0,
                        110000.0,
                        18544424960.0,
                        0.0,
                        8646525.0,
                        107.0
                    ],
                    [
                        0.0,
                        0.0,
                        508799840.0,
                        110000.0,
                        3561598976.0,
                        0.0,
                        8654129.0,
                        108.0
                    ],
                    [
                        0.0,
                        0.0,
                        508799840.0,
                        140000.0,
                        4070398720.0,
                        0.0,
                        8654181.0,
                        108.0
                    ],
                    [
                        0.0,
                        0.0,
                        508799840.0,
                        140000.0,
                        4579198464.0,
                        0.0,
                        8655681.0,
                        108.0
                    ],
                    [
                        0.0,
                        0.0,
                        508799840.0,
                        140000.0,
                        5087998464.0,
                        0.0,
                        8657181.0,
                        108.0
                    ],
                    [
                        0.0,
                        0.0,
                        508799840.0,
                        140000.0,
                        5596798464.0,
                        0.0,
                        8657233.0,
                        108.0
                    ]
                ]
            ],
            "actions": [
                [
                    [
                        0.3333333432674408
                    ],
                    [
                        0.3333333432674408
                    ],
                    [
                        0.3333333432674408
                    ],
                    [
                        0.3333333432674408
                    ],
                    [
                        0.6666666865348816
                    ],
                    [
                        0.3333333432674408
                    ],
                    [
                        0.3333333432674408
                    ],
                    [
                        0.3333333432674408
                    ],
                    [
                        0.3333333432674408
                    ],
                    [
                        0.3333333432674408
                    ],
                    [
                        0.3333333432674408
                    ],
                    [
                        0.3333333432674408
                    ],
                    [
                        0.3333333432674408
                    ],
                    [
                        0.3333333432674408
                    ],
                    [
                        0.6666666865348816
                    ],
                    [
                        0.3333333432674408
                    ],
                    [
                        0.3333333432674408
                    ],
                    [
                        0.3333333432674408
                    ],
                    [
                        0.3333333432674408
                    ],
                    [
                        0.3333333432674408
                    ]
                ]
            ],
            "returns": [
                [
                    [
                        0.10970833152532578
                    ],
                    [
                        0.109333336353302
                    ],
                    [
                        0.10895833373069763
                    ],
                    [
                        0.10858333110809326
                    ],
                    [
                        0.10820833593606949
                    ],
                    [
                        0.10783333331346512
                    ],
                    [
                        0.10737500339746475
                    ],
                    [
                        0.10691666603088379
                    ],
                    [
                        0.10645833611488342
                    ],
                    [
                        0.10599999874830246
                    ],
                    [
                        0.1055416688323021
                    ],
                    [
                        0.10508333146572113
                    ],
                    [
                        0.10462500154972076
                    ],
                    [
                        0.1041666641831398
                    ],
                    [
                        0.10370833426713943
                    ],
                    [
                        0.10324999690055847
                    ],
                    [
                        0.1027916669845581
                    ],
                    [
                        0.10220833122730255
                    ],
                    [
                        0.1016250029206276
                    ],
                    [
                        0.10104166716337204
                    ]
                ]
            ],
            "timesteps": [
                [
                    1100,
                    1101,
                    1102,
                    1103,
                    1104,
                    1105,
                    1106,
                    1107,
                    1108,
                    1109,
                    1110,
                    1111,
                    1112,
                    1113,
                    1114,
                    1115,
                    1116,
                    1117,
                    1118,
                    1119
                ]
            ],
            "labels": [
                [
                    0,
                    0,
                    0,
                    0,
                    1,
                    0,
                    0,
                    0,
                    0,
                    0,
                    0,
                    0,
                    0,
                    0,
                    1,
                    0,
                    0,
                    0,
                    0,
                    0
                ]
            ],
            "CPU Usage": 5.8,
            "RAM Usage": 17.4,
            "GPU Usage": 31.0,
            "VRAM Usage": 15400.0,
            "Disk Read Speed (MB/s)": 75057177.68652344,
            "Disk Write Speed (MB/s)": 506878159.71972656
        },
        {
            "step": 1,
            "train_loss": 0.00548947136849165,
            "actions_pred1": [
                [
                    [
                        2.015468120574951,
                        0.16552399098873138,
                        -1.7844358682632446
                    ],
                    [
                        1.5432041883468628,
                        0.14282800257205963,
                        -1.444609522819519
                    ],
                    [
                        1.3352659940719604,
                        0.21612566709518433,
                        -1.165083646774292
                    ],
                    [
                        2.56892728805542,
                        -0.8853880167007446,
                        -2.1027302742004395
                    ],
                    [
                        0.6377676725387573,
                        0.7833120226860046,
                        -1.5519161224365234
                    ],
                    [
                        2.7361741065979004,
                        0.0034264149144291878,
                        -1.5478490591049194
                    ],
                    [
                        3.119565963745117,
                        -1.1315921545028687,
                        -2.2270092964172363
                    ],
                    [
                        3.0595624446868896,
                        -0.8737298250198364,
                        -2.563180685043335
                    ],
                    [
                        3.0400383472442627,
                        -0.5225874781608582,
                        -2.30619215965271
                    ],
                    [
                        3.0158636569976807,
                        -0.418912798166275,
                        -2.4144604206085205
                    ],
                    [
                        3.473341703414917,
                        -0.3174360394477844,
                        -2.2056784629821777
                    ],
                    [
                        3.048076629638672,
                        -0.45389410853385925,
                        -2.099039316177368
                    ],
                    [
                        3.1657302379608154,
                        -0.23598261177539825,
                        -2.529409885406494
                    ],
                    [
                        3.1931607723236084,
                        -0.16958068311214447,
                        -2.528325319290161
                    ],
                    [
                        0.8160935044288635,
                        1.6854591369628906,
                        -1.4457999467849731
                    ],
                    [
                        1.051190733909607,
                        0.41041135787963867,
                        -1.8750267028808594
                    ],
                    [
                        0.777636706829071,
                        0.5370844602584839,
                        -1.1915504932403564
                    ],
                    [
                        3.325282096862793,
                        -0.9873971343040466,
                        -2.3629560470581055
                    ],
                    [
                        1.8104398250579834,
                        0.1426793336868286,
                        -1.9411382675170898
                    ],
                    [
                        3.707042694091797,
                        -1.215431571006775,
                        -2.759413957595825
                    ]
                ]
            ],
            "actions_pred": [
                [
                    [
                        2.015468120574951,
                        1.5432041883468628,
                        1.3352659940719604,
                        2.56892728805542,
                        0.6377676725387573,
                        2.7361741065979004,
                        3.119565963745117,
                        3.0595624446868896,
                        3.0400383472442627,
                        3.0158636569976807,
                        3.473341703414917,
                        3.048076629638672,
                        3.1657302379608154,
                        3.1931607723236084,
                        0.8160935044288635,
                        1.051190733909607,
                        0.777636706829071,
                        3.325282096862793,
                        1.8104398250579834,
                        3.707042694091797
                    ],
                    [
                        0.16552399098873138,
                        0.14282800257205963,
                        0.21612566709518433,
                        -0.8853880167007446,
                        0.7833120226860046,
                        0.0034264149144291878,
                        -1.1315921545028687,
                        -0.8737298250198364,
                        -0.5225874781608582,
                        -0.418912798166275,
                        -0.3174360394477844,
                        -0.45389410853385925,
                        -0.23598261177539825,
                        -0.16958068311214447,
                        1.6854591369628906,
                        0.41041135787963867,
                        0.5370844602584839,
                        -0.9873971343040466,
                        0.1426793336868286,
                        -1.215431571006775
                    ],
                    [
                        -1.7844358682632446,
                        -1.444609522819519,
                        -1.165083646774292,
                        -2.1027302742004395,
                        -1.5519161224365234,
                        -1.5478490591049194,
                        -2.2270092964172363,
                        -2.563180685043335,
                        -2.30619215965271,
                        -2.4144604206085205,
                        -2.2056784629821777,
                        -2.099039316177368,
                        -2.529409885406494,
                        -2.528325319290161,
                        -1.4457999467849731,
                        -1.8750267028808594,
                        -1.1915504932403564,
                        -2.3629560470581055,
                        -1.9411382675170898,
                        -2.759413957595825
                    ]
                ]
            ],
            "states": [
                [
                    [
                        1.0,
                        150000.0,
                        0.0,
                        80000.0,
                        0.0,
                        0.0,
                        2453146.0,
                        0.0
                    ],
                    [
                        1.0,
                        150000.0,
                        0.0,
                        80000.0,
                        0.0,
                        0.0,
                        2454646.0,
                        0.0
                    ],
                    [
                        1.0,
                        150000.0,
                        0.0,
                        80000.0,
                        0.0,
                        0.0,
                        2456146.0,
                        0.0
                    ],
                    [
                        0.0,
                        0.0,
                        561193280.0,
                        140000.0,
                        7169510912.0,
                        0.0,
                        3403525.0,
                        29.0
                    ],
                    [
                        0.0,
                        0.0,
                        561193280.0,
                        140000.0,
                        0.0,
                        0.0,
                        3403589.0,
                        29.0
                    ],
                    [
                        0.0,
                        0.0,
                        561193280.0,
                        130000.0,
                        2244773120.0,
                        0.0,
                        3403833.0,
                        30.0
                    ],
                    [
                        0.0,
                        0.0,
                        561193280.0,
                        130000.0,
                        2805966336.0,
                        0.0,
                        3403897.0,
                        30.0
                    ],
                    [
                        0.0,
                        0.0,
                        561193280.0,
                        130000.0,
                        3367159552.0,
                        0.0,
                        3405397.0,
                        30.0
                    ],
                    [
                        0.0,
                        0.0,
                        561193280.0,
                        130000.0,
                        3928352768.0,
                        0.0,
                        3406897.0,
                        30.0
                    ],
                    [
                        0.0,
                        0.0,
                        561193280.0,
                        130000.0,
                        4489546240.0,
                        0.0,
                        3408397.0,
                        30.0
                    ],
                    [
                        0.0,
                        0.0,
                        561193280.0,
                        130000.0,
                        2805966336.0,
                        0.0,
                        3403897.0,
                        30.0
                    ],
                    [
                        0.0,
                        0.0,
                        561193280.0,
                        130000.0,
                        3367159552.0,
                        0.0,
                        3405397.0,
                        30.0
                    ],
                    [
                        0.0,
                        0.0,
                        561193280.0,
                        130000.0,
                        3928352768.0,
                        0.0,
                        3406897.0,
                        30.0
                    ],
                    [
                        0.0,
                        0.0,
                        561193280.0,
                        130000.0,
                        4489546240.0,
                        0.0,
                        3408397.0,
                        30.0
                    ],
                    [
                        0.0,
                        0.0,
                        561193280.0,
                        130000.0,
                        0.0,
                        0.0,
                        3409897.0,
                        30.0
                    ],
                    [
                        1.0,
                        150000.0,
                        0.0,
                        30000.0,
                        0.0,
                        0.0,
                        2468146.0,
                        0.0
                    ],
                    [
                        1.0,
                        150000.0,
                        0.0,
                        30000.0,
                        0.0,
                        0.0,
                        2469646.0,
                        0.0
                    ],
                    [
                        0.0,
                        0.0,
                        565219776.0,
                        110000.0,
                        2248799488.0,
                        0.0,
                        3414469.0,
                        31.0
                    ],
                    [
                        1.0,
                        150000.0,
                        0.0,
                        30000.0,
                        0.0,
                        0.0,
                        2471146.0,
                        0.0
                    ],
                    [
                        0.0,
                        0.0,
                        565219776.0,
                        110000.0,
                        2814019328.0,
                        0.0,
                        3414541.0,
                        31.0
                    ]
                ]
            ],
            "actions": [
                [
                    [
                        0.3333333432674408
                    ],
                    [
                        0.3333333432674408
                    ],
                    [
                        0.3333333432674408
                    ],
                    [
                        0.3333333432674408
                    ],
                    [
                        0.6666666865348816
                    ],
                    [
                        0.3333333432674408
                    ],
                    [
                        0.3333333432674408
                    ],
                    [
                        0.3333333432674408
                    ],
                    [
                        0.3333333432674408
                    ],
                    [
                        0.3333333432674408
                    ],
                    [
                        0.3333333432674408
                    ],
                    [
                        0.3333333432674408
                    ],
                    [
                        0.3333333432674408
                    ],
                    [
                        0.3333333432674408
                    ],
                    [
                        0.6666666865348816
                    ],
                    [
                        0.3333333432674408
                    ],
                    [
                        0.3333333432674408
                    ],
                    [
                        0.3333333432674408
                    ],
                    [
                        0.3333333432674408
                    ],
                    [
                        0.3333333432674408
                    ]
                ]
            ],
            "returns": [
                [
                    [
                        0.4520416557788849
                    ],
                    [
                        0.4517083466053009
                    ],
                    [
                        0.45137500762939453
                    ],
                    [
                        0.45104166865348816
                    ],
                    [
                        0.4504583477973938
                    ],
                    [
                        0.44987499713897705
                    ],
                    [
                        0.4493333399295807
                    ],
                    [
                        0.44879165291786194
                    ],
                    [
                        0.4482499957084656
                    ],
                    [
                        0.4477083384990692
                    ],
                    [
                        0.44716668128967285
                    ],
                    [
                        0.4466249942779541
                    ],
                    [
                        0.44608333706855774
                    ],
                    [
                        0.4455416798591614
                    ],
                    [
                        0.4449999928474426
                    ],
                    [
                        0.44445833563804626
                    ],
                    [
                        0.44433334469795227
                    ],
                    [
                        0.4442083239555359
                    ],
                    [
                        0.4437499940395355
                    ],
                    [
                        0.44362500309944153
                    ]
                ]
            ],
            "timesteps": [
                [
                    300,
                    301,
                    302,
                    303,
                    304,
                    305,
                    306,
                    307,
                    308,
                    309,
                    310,
                    311,
                    312,
                    313,
                    314,
                    315,
                    316,
                    317,
                    318,
                    319
                ]
            ],
            "labels": [
                [
                    0,
                    0,
                    0,
                    0,
                    1,
                    0,
                    0,
                    0,
                    0,
                    0,
                    0,
                    0,
                    0,
                    0,
                    1,
                    0,
                    0,
                    0,
                    0,
                    0
                ]
            ],
            "CPU Usage": 7.0,
            "RAM Usage": 17.4,
            "GPU Usage": 46.0,
            "VRAM Usage": 15400.0,
            "Disk Read Speed (MB/s)": 75057177.68652344,
            "Disk Write Speed (MB/s)": 506878159.71972656
        },
        {
            "step": 2,
            "train_loss": 0.006277032196521759,
            "actions_pred1": [
                [
                    [
                        2.876305341720581,
                        0.023158106952905655,
                        -2.6722261905670166
                    ],
                    [
                        2.4294204711914062,
                        0.0012904973700642586,
                        -2.364330530166626
                    ],
                    [
                        2.5943360328674316,
                        0.2312598079442978,
                        -2.2540242671966553
                    ],
                    [
                        3.027367115020752,
                        -0.12886138260364532,
                        -2.0125935077667236
                    ],
                    [
                        3.332634210586548,
                        -0.4007355570793152,
                        -2.338747978210449
                    ],
                    [
                        3.326528549194336,
                        0.6066327691078186,
                        -2.250674247741699
                    ],
                    [
                        3.40351939201355,
                        0.17498661577701569,
                        -2.459669351577759
                    ],
                    [
                        3.5724174976348877,
                        -0.016239244490861893,
                        -2.431187152862549
                    ],
                    [
                        3.2796032428741455,
                        0.29479995369911194,
                        -2.4911391735076904
                    ],
                    [
                        3.110614538192749,
                        0.30008772015571594,
                        -2.337724447250366
                    ],
                    [
                        3.268806219100952,
                        0.07222197949886322,
                        -2.2578561305999756
                    ],
                    [
                        3.4327845573425293,
                        0.015750672668218613,
                        -2.646935224533081
                    ],
                    [
                        3.7366409301757812,
                        0.1909436285495758,
                        -2.5005269050598145
                    ],
                    [
                        3.020278215408325,
                        0.15506739914417267,
                        -2.672828435897827
                    ],
                    [
                        2.7054688930511475,
                        0.15377859771251678,
                        -2.627504348754883
                    ],
                    [
                        3.0920495986938477,
                        0.1129213273525238,
                        -2.9667856693267822
                    ],
                    [
                        3.6486148834228516,
                        0.01976054534316063,
                        -2.61624813079834
                    ],
                    [
                        3.8824973106384277,
                        -0.03243163600564003,
                        -3.161449432373047
                    ],
                    [
                        3.446491003036499,
                        0.2565177083015442,
                        -2.9598772525787354
                    ],
                    [
                        1.0915907621383667,
                        2.4230706691741943,
                        -2.4560117721557617
                    ]
                ]
            ],
            "actions_pred": [
                [
                    [
                        2.876305341720581,
                        2.4294204711914062,
                        2.5943360328674316,
                        3.027367115020752,
                        3.332634210586548,
                        3.326528549194336,
                        3.40351939201355,
                        3.5724174976348877,
                        3.2796032428741455,
                        3.110614538192749,
                        3.268806219100952,
                        3.4327845573425293,
                        3.7366409301757812,
                        3.020278215408325,
                        2.7054688930511475,
