{
    "steps": [
        {
            "step": 0,
            "train_loss": 0.012653368525207043,
            "actions_pred1": [
                [
                    [
                        1.0686105489730835,
                        0.023016225546598434,
                        -0.46747758984565735
                    ],
                    [
                        1.2148178815841675,
                        -0.07832391560077667,
                        -0.6320677399635315
                    ],
                    [
                        1.4694901704788208,
                        -0.1539420634508133,
                        -0.42621657252311707
                    ],
                    [
                        1.6874040365219116,
                        -0.21003369987010956,
                        -0.29005953669548035
                    ],
                    [
                        1.8294522762298584,
                        -0.042100805789232254,
                        -0.46978625655174255
                    ],
                    [
                        1.943626046180725,
                        -0.4803621470928192,
                        -0.41137322783470154
                    ],
                    [
                        2.2022361755371094,
                        -0.3810228109359741,
                        -0.4166414737701416
                    ],
                    [
                        2.3725855350494385,
                        -0.49234387278556824,
                        -0.21482232213020325
                    ],
                    [
                        2.0037050247192383,
                        -0.3317061960697174,
                        -0.2517845630645752
                    ],
                    [
                        2.208671808242798,
                        -0.4167678952217102,
                        -0.2160807102918625
                    ],
                    [
                        2.0063223838806152,
                        -0.30013343691825867,
                        -0.20326843857765198
                    ],
                    [
                        2.2873904705047607,
                        -0.3206385374069214,
                        -0.16709940135478973
                    ],
                    [
                        2.1163687705993652,
                        -0.31120362877845764,
                        -0.33679187297821045
                    ],
                    [
                        2.4614951610565186,
                        -0.35490724444389343,
                        -0.16418057680130005
                    ],
                    [
                        2.122652530670166,
                        -0.12893734872341156,
                        -0.20029349625110626
                    ],
                    [
                        2.012138605117798,
                        -0.1615322083234787,
                        -0.16786763072013855
                    ],
                    [
                        2.2041287422180176,
                        -0.2624572813510895,
                        -0.1097286269068718
                    ],
                    [
                        2.190023422241211,
                        -0.4834817945957184,
                        -0.40006735920906067
                    ],
                    [
                        2.3373587131500244,
                        -0.3880012631416321,
                        -0.23064464330673218
                    ],
                    [
                        2.1778857707977295,
                        -0.31339484453201294,
                        -0.028921091929078102
                    ]
                ]
            ],
            "actions_pred": [
                [
                    [
                        1.0686105489730835,
                        1.2148178815841675,
                        1.4694901704788208,
                        1.6874040365219116,
                        1.8294522762298584,
                        1.943626046180725,
                        2.2022361755371094,
                        2.3725855350494385,
                        2.0037050247192383,
                        2.208671808242798,
                        2.0063223838806152,
                        2.2873904705047607,
                        2.1163687705993652,
                        2.4614951610565186,
                        2.122652530670166,
                        2.012138605117798,
                        2.2041287422180176,
                        2.190023422241211,
                        2.3373587131500244,
                        2.1778857707977295
                    ],
                    [
                        0.023016225546598434,
                        -0.07832391560077667,
                        -0.1539420634508133,
                        -0.21003369987010956,
                        -0.042100805789232254,
                        -0.4803621470928192,
                        -0.3810228109359741,
                        -0.49234387278556824,
                        -0.3317061960697174,
                        -0.4167678952217102,
                        -0.30013343691825867,
                        -0.3206385374069214,
                        -0.31120362877845764,
                        -0.35490724444389343,
                        -0.12893734872341156,
                        -0.1615322083234787,
                        -0.2624572813510895,
                        -0.4834817945957184,
                        -0.3880012631416321,
                        -0.31339484453201294
                    ],
                    [
                        -0.46747758984565735,
                        -0.6320677399635315,
                        -0.42621657252311707,
                        -0.29005953669548035,
                        -0.46978625655174255,
                        -0.41137322783470154,
                        -0.4166414737701416,
                        -0.21482232213020325,
                        -0.2517845630645752,
                        -0.2160807102918625,
                        -0.20326843857765198,
                        -0.16709940135478973,
                        -0.33679187297821045,
                        -0.16418057680130005,
                        -0.20029349625110626,
                        -0.16786763072013855,
                        -0.1097286269068718,
                        -0.40006735920906067,
                        -0.23064464330673218,
                        -0.028921091929078102
                    ]
                ]
            ],
            "states": [
                [
                    [
                        0.0,
                        0.0,
                        279140736.0,
                        50000.0,
                        14514072576.0,
                        0.0,
                        6609909.0,
                        75.0
                    ],
                    [
                        1.0,
                        60000.0,
                        30146.0,
                        40000.0,
                        453500.0,
                        0.0,
                        6017146.0,
                        0.0
                    ],
                    [
                        1.0,
                        60000.0,
                        30146.0,
                        40000.0,
                        483646.0,
                        0.0,
                        6018646.0,
                        0.0
                    ],
                    [
                        1.0,
                        60000.0,
                        30146.0,
                        40000.0,
                        513792.0,
                        0.0,
                        6020146.0,
                        0.0
                    ],
                    [
                        0.0,
                        0.0,
                        279140736.0,
                        50000.0,
                        0.0,
                        0.0,
                        6609973.0,
                        75.0
                    ],
                    [
                        1.0,
                        60000.0,
                        30146.0,
                        50000.0,
                        664522.0,
                        0.0,
                        6027646.0,
                        0.0
                    ],
                    [
                        1.0,
                        60000.0,
                        30146.0,
                        50000.0,
                        694668.0,
                        0.0,
                        6029146.0,
                        0.0
                    ],
                    [
                        1.0,
                        60000.0,
                        30146.0,
                        50000.0,
                        724814.0,
                        0.0,
                        6030646.0,
                        0.0
                    ],
                    [
                        0.0,
                        0.0,
                        279140736.0,
                        60000.0,
                        3070547968.0,
                        0.0,
                        6610809.0,
                        76.0
                    ],
                    [
                        0.0,
                        0.0,
                        279140736.0,
                        60000.0,
                        3349688832.0,
                        0.0,
                        6610881.0,
                        76.0
                    ],
                    [
                        1.0,
                        60000.0,
                        30146.0,
                        50000.0,
                        694668.0,
                        0.0,
                        6029146.0,
                        0.0
                    ],
                    [
                        1.0,
                        60000.0,
                        30146.0,
                        50000.0,
                        724814.0,
                        0.0,
                        6030646.0,
                        0.0
                    ],
                    [
                        0.0,
                        0.0,
                        279140736.0,
                        60000.0,
                        3070547968.0,
                        0.0,
                        6610809.0,
                        76.0
                    ],
                    [
                        0.0,
                        0.0,
                        279140736.0,
                        60000.0,
                        3349688832.0,
                        0.0,
                        6610881.0,
                        76.0
                    ],
                    [
                        0.0,
                        0.0,
                        279140736.0,
                        60000.0,
                        0.0,
                        0.0,
                        6610953.0,
                        76.0
                    ],
                    [
                        1.0,
                        0.0,
                        3228302.0,
                        80000.0,
                        51661336.0,
                        0.0,
                        6125146.0,
                        0.0
                    ],
                    [
                        1.0,
                        0.0,
                        3228302.0,
                        80000.0,
                        54889640.0,
                        0.0,
                        6126646.0,
                        0.0
                    ],
                    [
                        0.0,
                        0.0,
                        508653056.0,
                        130000.0,
                        14240621568.0,
                        0.0,
                        6650849.0,
                        77.0
                    ],
                    [
                        1.0,
                        0.0,
                        3228302.0,
                        80000.0,
                        58117940.0,
                        0.0,
                        6128146.0,
                        0.0
                    ],
                    [
                        0.0,
                        0.0,
                        508653056.0,
                        130000.0,
                        14749275136.0,
                        0.0,
                        6650901.0,
                        77.0
                    ]
                ]
            ],
            "actions": [
                [
                    [
                        0.3333333432674408
                    ],
                    [
                        0.3333333432674408
                    ],
                    [
                        0.3333333432674408
                    ],
                    [
                        0.3333333432674408
                    ],
                    [
                        0.6666666865348816
                    ],
                    [
                        0.3333333432674408
                    ],
                    [
                        0.3333333432674408
                    ],
                    [
                        0.3333333432674408
                    ],
                    [
                        0.3333333432674408
                    ],
                    [
                        0.3333333432674408
                    ],
                    [
                        0.3333333432674408
                    ],
                    [
                        0.3333333432674408
                    ],
                    [
                        0.3333333432674408
                    ],
                    [
                        0.3333333432674408
                    ],
                    [
                        0.6666666865348816
                    ],
                    [
                        0.3333333432674408
                    ],
                    [
                        0.3333333432674408
                    ],
                    [
                        0.3333333432674408
                    ],
                    [
                        0.3333333432674408
                    ],
                    [
                        0.3333333432674408
                    ]
                ]
            ],
            "returns": [
                [
                    [
                        0.2316666692495346
                    ],
                    [
                        0.23145833611488342
                    ],
                    [
                        0.23129166662693024
                    ],
                    [
                        0.23112499713897705
                    ],
                    [
                        0.23095832765102386
                    ],
                    [
                        0.23074999451637268
                    ],
                    [
                        0.2305416613817215
                    ],
                    [
                        0.2303333282470703
                    ],
                    [
                        0.23012499511241913
                    ],
                    [
                        0.22987499833106995
                    ],
                    [
                        0.22962500154972076
                    ],
                    [
                        0.22941666841506958
                    ],
                    [
                        0.2292083352804184
                    ],
                    [
                        0.2289583384990692
                    ],
                    [
                        0.22870832681655884
                    ],
                    [
                        0.22845833003520966
                    ],
                    [
                        0.22812500596046448
                    ],
                    [
                        0.2277916669845581
                    ],
                    [
                        0.22724999487400055
                    ],
                    [
                        0.22691667079925537
                    ]
                ]
            ],
            "timesteps": [
                [
                    760,
                    761,
                    762,
                    763,
                    764,
                    765,
                    766,
                    767,
                    768,
                    769,
                    770,
                    771,
                    772,
                    773,
                    774,
                    775,
                    776,
                    777,
                    778,
                    779
                ]
            ],
            "labels": [
                [
                    0,
                    0,
                    0,
                    0,
                    1,
                    0,
                    0,
                    0,
                    0,
                    0,
                    0,
                    0,
                    0,
                    0,
                    1,
                    0,
                    0,
                    0,
                    0,
                    0
                ]
            ],
            "CPU Usage": 7.8,
            "RAM Usage": 17.4,
            "GPU Usage": 41.0,
            "VRAM Usage": 15400.0,
            "Disk Read Speed (MB/s)": 75057177.68652344,
            "Disk Write Speed (MB/s)": 506878035.35253906
        },
        {
            "step": 1,
            "train_loss": 0.013062169775366783,
            "actions_pred1": [
                [
                    [
                        1.391832709312439,
                        -0.4143071174621582,
                        -0.42147743701934814
                    ],
                    [
                        1.597042441368103,
                        -0.44050702452659607,
                        -0.48024770617485046
                    ],
                    [
                        1.4202312231063843,
                        -0.3140699863433838,
                        -0.26414474844932556
                    ],
                    [
                        1.9417483806610107,
                        -0.44875261187553406,
                        -0.3260582983493805
                    ],
                    [
                        1.9441217184066772,
                        -0.19338978826999664,
                        -0.3641047477722168
                    ],
                    [
                        2.303069591522217,
                        -0.35432279109954834,
                        -0.6744640469551086
                    ],
                    [
                        2.10129976272583,
                        -0.21438322961330414,
                        -0.6214475631713867
                    ],
                    [
                        2.065941333770752,
                        -0.4204816222190857,
                        -0.7580158114433289
                    ],
                    [
                        1.8872363567352295,
                        -0.30766549706459045,
                        -0.5612996220588684
                    ],
                    [
                        2.0566887855529785,
                        -0.43897905945777893,
                        -0.416627436876297
                    ],
                    [
                        2.00723934173584,
                        -0.370009183883667,
                        -0.473237544298172
                    ],
                    [
                        2.0160958766937256,
                        -0.2721749544143677,
                        -0.39648810029029846
                    ],
                    [
                        2.2708585262298584,
                        -0.45639267563819885,
                        -0.44510868191719055
                    ],
                    [
                        2.2541568279266357,
                        -0.47524911165237427,
                        -0.4719955623149872
                    ],
                    [
                        2.212141990661621,
                        -0.43052875995635986,
                        -0.38557490706443787
                    ],
                    [
                        2.0445642471313477,
                        -0.34155356884002686,
                        -0.5433555841445923
                    ],
                    [
                        2.0771453380584717,
                        -0.21432729065418243,
                        -0.4861736595630646
                    ],
                    [
                        1.6548198461532593,
                        -0.37997671961784363,
                        -0.5501384735107422
                    ],
                    [
                        1.8273121118545532,
                        -0.2670510411262512,
                        -0.4036816358566284
                    ],
                    [
                        1.9700695276260376,
                        -0.2222987562417984,
                        -0.373167484998703
                    ]
                ]
            ],
            "actions_pred": [
                [
                    [
                        1.391832709312439,
                        1.597042441368103,
                        1.4202312231063843,
                        1.9417483806610107,
                        1.9441217184066772,
                        2.303069591522217,
                        2.10129976272583,
                        2.065941333770752,
                        1.8872363567352295,
                        2.0566887855529785,
                        2.00723934173584,
                        2.0160958766937256,
                        2.2708585262298584,
                        2.2541568279266357,
                        2.212141990661621,
                        2.0445642471313477,
                        2.0771453380584717,
                        1.6548198461532593,
                        1.8273121118545532,
                        1.9700695276260376
                    ],
                    [
                        -0.4143071174621582,
                        -0.44050702452659607,
                        -0.3140699863433838,
                        -0.44875261187553406,
                        -0.19338978826999664,
                        -0.35432279109954834,
                        -0.21438322961330414,
                        -0.4204816222190857,
                        -0.30766549706459045,
                        -0.43897905945777893,
                        -0.370009183883667,
                        -0.2721749544143677,
                        -0.45639267563819885,
                        -0.47524911165237427,
                        -0.43052875995635986,
                        -0.34155356884002686,
                        -0.21432729065418243,
                        -0.37997671961784363,
                        -0.2670510411262512,
                        -0.2222987562417984
                    ],
                    [
                        -0.42147743701934814,
                        -0.48024770617485046,
                        -0.26414474844932556,
                        -0.3260582983493805,
                        -0.3641047477722168,
                        -0.6744640469551086,
                        -0.6214475631713867,
                        -0.7580158114433289,
                        -0.5612996220588684,
                        -0.416627436876297,
                        -0.473237544298172,
                        -0.39648810029029846,
                        -0.44510868191719055,
                        -0.4719955623149872,
                        -0.38557490706443787,
                        -0.5433555841445923,
                        -0.4861736595630646,
                        -0.5501384735107422,
                        -0.4036816358566284,
                        -0.373167484998703
                    ]
                ]
            ],
            "states": [
                [
                    [
                        1.0,
                        150000.0,
                        0.0,
                        20000.0,
                        0.0,
                        0.0,
                        9000646.0,
                        0.0
                    ],
                    [
                        0.0,
                        0.0,
                        181308608.0,
                        100000.0,
                        17986263040.0,
                        0.0,
                        8339865.0,
                        98.0
                    ],
                    [
                        1.0,
                        150000.0,
                        0.0,
                        20000.0,
                        0.0,
                        0.0,
                        9002146.0,
                        0.0
                    ],
                    [
                        0.0,
                        0.0,
                        181308608.0,
                        100000.0,
                        18167570432.0,
                        0.0,
                        8341365.0,
                        98.0
                    ],
                    [
                        0.0,
                        0.0,
                        181308608.0,
                        100000.0,
                        18348879872.0,
                        0.0,
                        8341417.0,
                        98.0
                    ],
                    [
                        0.0,
                        0.0,
                        148425264.0,
                        60000.0,
                        17844506624.0,
                        0.0,
                        8425129.0,
                        99.0
                    ],
                    [
                        0.0,
                        0.0,
                        148425264.0,
                        60000.0,
                        17992931328.0,
                        0.0,
                        8425193.0,
                        99.0
                    ],
                    [
                        1.0,
                        120000.0,
                        240516.0,
                        60000.0,
                        1920181.0,
                        0.0,
                        9131146.0,
                        0.0
                    ],
                    [
                        1.0,
                        120000.0,
                        240516.0,
                        60000.0,
                        2160697.0,
                        0.0,
                        9132646.0,
                        0.0
                    ],
                    [
                        0.0,
                        0.0,
                        148425264.0,
                        60000.0,
                        18141356032.0,
                        0.0,
                        8426693.0,
                        99.0
                    ],
                    [
                        0.0,
                        0.0,
                        148425264.0,
                        60000.0,
                        17992931328.0,
                        0.0,
                        8425193.0,
                        99.0
                    ],
                    [
                        1.0,
                        120000.0,
                        240516.0,
                        60000.0,
                        1920181.0,
                        0.0,
                        9131146.0,
                        0.0
                    ],
                    [
                        1.0,
                        120000.0,
                        240516.0,
                        60000.0,
                        2160697.0,
                        0.0,
                        9132646.0,
                        0.0
                    ],
                    [
                        0.0,
                        0.0,
                        148425264.0,
                        60000.0,
                        18141356032.0,
                        0.0,
                        8426693.0,
                        99.0
                    ],
                    [
                        0.0,
                        0.0,
                        148425264.0,
                        60000.0,
                        18289780736.0,
                        0.0,
                        8426757.0,
                        99.0
                    ],
                    [
                        0.0,
                        0.0,
                        326263744.0,
                        150000.0,
                        16953800704.0,
                        0.0,
                        8487041.0,
                        100.0
                    ],
                    [
                        1.0,
                        15000.0,
                        10852103.0,
                        140000.0,
                        587691328.0,
                        0.0,
                        9239146.0,
                        0.0
                    ],
                    [
                        0.0,
                        0.0,
                        326263744.0,
                        160000.0,
                        17280065536.0,
                        0.0,
                        8487093.0,
                        100.0
                    ],
                    [
                        0.0,
                        0.0,
                        326263744.0,
                        160000.0,
                        17606328320.0,
                        0.0,
                        8487157.0,
                        100.0
                    ],
                    [
                        0.0,
                        0.0,
                        326263744.0,
                        160000.0,
                        17932593152.0,
                        0.0,
                        8487209.0,
                        100.0
                    ]
                ]
            ],
            "actions": [
                [
                    [
                        0.3333333432674408
                    ],
                    [
                        0.3333333432674408
                    ],
                    [
                        0.3333333432674408
                    ],
                    [
                        0.3333333432674408
                    ],
                    [
                        0.6666666865348816
                    ],
                    [
                        0.3333333432674408
                    ],
                    [
                        0.3333333432674408
                    ],
                    [
                        0.3333333432674408
                    ],
                    [
                        0.3333333432674408
                    ],
                    [
                        0.3333333432674408
                    ],
                    [
                        0.3333333432674408
                    ],
                    [
                        0.3333333432674408
                    ],
                    [
                        0.3333333432674408
                    ],
                    [
                        0.3333333432674408
                    ],
                    [
                        0.6666666865348816
                    ],
                    [
                        0.3333333432674408
                    ],
                    [
                        0.3333333432674408
                    ],
                    [
                        0.3333333432674408
                    ],
                    [
                        0.3333333432674408
                    ],
                    [
                        0.3333333432674408
                    ]
                ]
            ],
            "returns": [
                [
                    [
                        0.13950000703334808
                    ],
                    [
                        0.1394166648387909
                    ],
                    [
                        0.13899999856948853
                    ],
                    [
                        0.13891667127609253
                    ],
                    [
                        0.13850000500679016
                    ],
                    [
                        0.1380833387374878
                    ],
                    [
                        0.13783332705497742
                    ],
                    [
                        0.13758333027362823
                    ],
                    [
                        0.13733333349227905
                    ],
                    [
                        0.13708333671092987
                    ],
                    [
                        0.1368333399295807
                    ],
                    [
                        0.1365833282470703
                    ],
                    [
                        0.13633333146572113
                    ],
                    [
                        0.13608333468437195
                    ],
                    [
                        0.13583333790302277
                    ],
                    [
                        0.1355833262205124
                    ],
                    [
                        0.13495832681655884
                    ],
                    [
                        0.13437500596046448
                    ],
                    [
                        0.13370832800865173
                    ],
                    [
                        0.13304166495800018
                    ]
                ]
            ],
            "timesteps": [
                [
                    1020,
                    1021,
                    1022,
                    1023,
                    1024,
                    1025,
                    1026,
                    1027,
                    1028,
                    1029,
                    1030,
                    1031,
                    1032,
                    1033,
                    1034,
                    1035,
                    1036,
                    1037,
                    1038,
                    1039
                ]
            ],
            "labels": [
                [
                    0,
                    0,
                    0,
                    0,
                    1,
                    0,
                    0,
                    0,
                    0,
                    0,
                    0,
                    0,
                    0,
                    0,
                    1,
                    0,
                    0,
                    0,
                    0,
                    0
                ]
            ],
            "CPU Usage": 6.7,
            "RAM Usage": 17.4,
            "GPU Usage": 79.0,
            "VRAM Usage": 15400.0,
            "Disk Read Speed (MB/s)": 75057177.68652344,
            "Disk Write Speed (MB/s)": 506878035.3720703
        },
        {
            "step": 2,
            "train_loss": 0.012231739237904549,
            "actions_pred1": [
                [
                    [
                        0.8714479207992554,
                        -0.5814943909645081,
                        -0.7699099779129028
                    ],
                    [
                        1.3821364641189575,
                        -0.5528275370597839,
                        -0.9064770340919495
                    ],
                    [
                        1.4046859741210938,
                        -0.30173197388648987,
                        -0.8590211272239685
                    ],
                    [
                        1.4920655488967896,
                        -0.29771390557289124,
                        -0.8782703280448914
                    ],
                    [
                        1.5202993154525757,
                        -0.4696301519870758,
                        -0.9337841868400574
                    ],
                    [
                        1.844234824180603,
                        -0.3183321952819824,
                        -0.7845556735992432
                    ],
                    [
                        1.966173768043518,
                        -0.37324395775794983,
                        -0.8124117255210876
                    ],
                    [
                        2.200334310531616,
                        -0.4397473633289337,
                        -0.7042851448059082
                    ],
                    [
                        2.065218925476074,
                        -0.41229283809661865,
                        -0.7067480683326721
                    ],
                    [
                        1.9328880310058594,
                        -0.3204934298992157,
                        -0.7548132538795471
                    ],
                    [
                        2.1035611629486084,
                        -0.2089107185602188,
                        -0.9210138916969299
                    ],
                    [
                        1.6795482635498047,
                        -0.5926951766014099,
                        -1.0512956380844116
                    ],
                    [
                        2.0146243572235107,
                        -0.5443090200424194,
                        -0.9776445031166077
                    ],
                    [
                        2.1737124919891357,
                        -0.5197460055351257,
                        -0.8361131548881531
                    ],
                    [
                        2.1730825901031494,
                        -0.441150039434433,
                        -0.5320932269096375
                    ],
                    [
                        2.2409956455230713,
                        -0.49825170636177063,
                        -0.5811728239059448
                    ],
                    [
                        2.1278555393218994,
                        -0.4075060486793518,
                        -0.8325003385543823
                    ],
                    [
                        2.1591603755950928,
                        -0.6545169949531555,
                        -0.6217252612113953
                    ],
                    [
                        2.2491047382354736,
                        -0.6784591674804688,
                        -0.5256860852241516
                    ],
                    [
                        2.140352249145508,
                        -0.5312700271606445,
                        -0.8883230090141296
                    ]
                ]
            ],
            "actions_pred": [
                [
                    [
                        0.8714479207992554,
                        1.3821364641189575,
                        1.4046859741210938,
                        1.4920655488967896,
                        1.5202993154525757,
                        1.844234824180603,
                        1.966173768043518,
                        2.200334310531616,
                        2.065218925476074,
                        1.9328880310058594,
                        2.1035611629486084,
                        1.6795482635498047,
