{
    "steps": [
        {
            "step": 0,
            "train_loss": 0.029297327622771263,
            "actions_pred1": [
                [
                    [
                        0.36330386996269226,
                        0.3264487087726593,
                        -0.4983416497707367
                    ],
                    [
                        0.3486676514148712,
                        0.5031168460845947,
                        -0.6368233561515808
                    ],
                    [
                        0.3119843602180481,
                        0.6341862678527832,
                        -0.5120005011558533
                    ],
                    [
                        0.4982132911682129,
                        0.45341357588768005,
                        -0.1858345866203308
                    ],
                    [
                        0.3974081873893738,
                        0.4656389355659485,
                        -0.09717743843793869
                    ],
                    [
                        0.5097073912620544,
                        0.450273334980011,
                        0.00777193158864975
                    ],
                    [
                        0.2423923909664154,
                        0.5496301651000977,
                        0.0632556602358818
                    ],
                    [
                        0.4152454137802124,
                        0.5164366364479065,
                        -0.22476428747177124
                    ],
                    [
                        0.5545504689216614,
                        0.4247494339942932,
                        0.03501155227422714
                    ],
                    [
                        0.5655863881111145,
                        0.37641075253486633,
                        0.22794201970100403
                    ],
                    [
                        0.7729119658470154,
                        0.30136576294898987,
                        0.24414411187171936
                    ],
                    [
                        0.54355788230896,
                        0.32231202721595764,
                        -0.04642699658870697
                    ],
                    [
                        0.6944056153297424,
                        0.08054675161838531,
                        0.31166642904281616
                    ],
                    [
                        0.5105587244033813,
                        0.2613360285758972,
                        -0.05304756015539169
                    ],
                    [
                        0.5561632513999939,
                        0.171163871884346,
                        -0.10620088130235672
                    ],
                    [
                        0.7754979133605957,
                        0.21721969544887543,
                        0.1446717381477356
                    ],
                    [
                        0.7093214988708496,
                        0.2877293825149536,
                        0.2786560356616974
                    ],
                    [
                        0.36548763513565063,
                        0.49693062901496887,
                        -0.15844425559043884
                    ],
                    [
                        0.6749551296234131,
                        0.4703359007835388,
                        0.2665821313858032
                    ],
                    [
                        0.6470769047737122,
                        0.202764093875885,
                        0.09388196468353271
                    ]
                ]
            ],
            "actions_pred": [
                [
                    [
                        0.36330386996269226,
                        0.3486676514148712,
                        0.3119843602180481,
                        0.4982132911682129,
                        0.3974081873893738,
                        0.5097073912620544,
                        0.2423923909664154,
                        0.4152454137802124,
                        0.5545504689216614,
                        0.5655863881111145,
                        0.7729119658470154,
                        0.54355788230896,
                        0.6944056153297424,
                        0.5105587244033813,
                        0.5561632513999939,
                        0.7754979133605957,
                        0.7093214988708496,
                        0.36548763513565063,
                        0.6749551296234131,
                        0.6470769047737122
                    ],
                    [
                        0.3264487087726593,
                        0.5031168460845947,
                        0.6341862678527832,
                        0.45341357588768005,
                        0.4656389355659485,
                        0.450273334980011,
                        0.5496301651000977,
                        0.5164366364479065,
                        0.4247494339942932,
                        0.37641075253486633,
                        0.30136576294898987,
                        0.32231202721595764,
                        0.08054675161838531,
                        0.2613360285758972,
                        0.171163871884346,
                        0.21721969544887543,
                        0.2877293825149536,
                        0.49693062901496887,
                        0.4703359007835388,
                        0.202764093875885
                    ],
                    [
                        -0.4983416497707367,
                        -0.6368233561515808,
                        -0.5120005011558533,
                        -0.1858345866203308,
                        -0.09717743843793869,
                        0.00777193158864975,
                        0.0632556602358818,
                        -0.22476428747177124,
                        0.03501155227422714,
                        0.22794201970100403,
                        0.24414411187171936,
                        -0.04642699658870697,
                        0.31166642904281616,
                        -0.05304756015539169,
                        -0.10620088130235672,
                        0.1446717381477356,
                        0.2786560356616974,
                        -0.15844425559043884,
                        0.2665821313858032,
                        0.09388196468353271
                    ]
                ]
            ],
            "states": [
                [
                    [
                        0.0,
                        0.0,
                        53266996.0,
                        70000.0,
                        18037262336.0,
                        0.0,
                        11292673.0,
                        122.0
                    ],
                    [
                        0.0,
                        0.0,
                        53266996.0,
                        70000.0,
                        18090528768.0,
                        0.0,
                        11292725.0,
                        122.0
                    ],
                    [
                        0.0,
                        0.0,
                        53266996.0,
                        70000.0,
                        18143795200.0,
                        0.0,
                        11292777.0,
                        122.0
                    ],
                    [
                        0.0,
                        0.0,
                        53266996.0,
                        70000.0,
                        18197061632.0,
                        0.0,
                        11292829.0,
                        122.0
                    ],
                    [
                        0.0,
                        0.0,
                        53266996.0,
                        70000.0,
                        18250330112.0,
                        0.0,
                        11292881.0,
                        122.0
                    ],
                    [
                        0.0,
                        0.0,
                        53266996.0,
                        70000.0,
                        18090528768.0,
                        0.0,
                        11292725.0,
                        122.0
                    ],
                    [
                        0.0,
                        0.0,
                        53266996.0,
                        70000.0,
                        18143795200.0,
                        0.0,
                        11292777.0,
                        122.0
                    ],
                    [
                        0.0,
                        0.0,
                        53266996.0,
                        70000.0,
                        18197061632.0,
                        0.0,
                        11292829.0,
                        122.0
                    ],
                    [
                        0.0,
                        0.0,
                        53266996.0,
                        70000.0,
                        18250330112.0,
                        0.0,
                        11292881.0,
                        122.0
                    ],
                    [
                        0.0,
                        0.0,
                        53266996.0,
                        70000.0,
                        18303596544.0,
                        0.0,
                        11292933.0,
                        122.0
                    ],
                    [
                        0.0,
                        0.0,
                        190840160.0,
                        140000.0,
                        10373738496.0,
                        0.0,
                        11449833.0,
                        123.0
                    ],
                    [
                        0.0,
                        0.0,
                        190840160.0,
                        140000.0,
                        10564579328.0,
                        0.0,
                        11449885.0,
                        123.0
                    ],
                    [
                        0.0,
                        0.0,
                        190840160.0,
                        140000.0,
                        10755419136.0,
                        0.0,
                        11449937.0,
                        123.0
                    ],
                    [
                        0.0,
                        0.0,
                        190840160.0,
                        140000.0,
                        10946259968.0,
                        0.0,
                        11449989.0,
                        123.0
                    ],
                    [
                        0.0,
                        0.0,
                        190840160.0,
                        140000.0,
                        11137099776.0,
                        0.0,
                        11451489.0,
                        123.0
                    ],
                    [
                        0.0,
                        0.0,
                        190840160.0,
                        140000.0,
                        10564579328.0,
                        0.0,
                        11449885.0,
                        123.0
                    ],
                    [
                        0.0,
                        0.0,
                        190840160.0,
                        140000.0,
                        10755419136.0,
                        0.0,
                        11449937.0,
                        123.0
                    ],
                    [
                        0.0,
                        0.0,
                        190840160.0,
                        140000.0,
                        10946259968.0,
                        0.0,
                        11449989.0,
                        123.0
                    ],
                    [
                        0.0,
                        0.0,
                        190840160.0,
                        140000.0,
                        11137099776.0,
                        0.0,
                        11451489.0,
                        123.0
                    ],
                    [
                        0.0,
                        0.0,
                        190840160.0,
                        140000.0,
                        0.0,
                        0.0,
                        11452989.0,
                        123.0
                    ]
                ]
            ],
            "actions": [
                [
                    [
                        0.3333333432674408
                    ],
                    [
                        0.3333333432674408
                    ],
                    [
                        0.3333333432674408
                    ],
                    [
                        0.3333333432674408
                    ],
                    [
                        0.3333333432674408
                    ],
                    [
                        0.3333333432674408
                    ],
                    [
                        0.3333333432674408
                    ],
                    [
                        0.3333333432674408
                    ],
                    [
                        0.3333333432674408
                    ],
                    [
                        0.6666666865348816
                    ],
                    [
                        0.3333333432674408
                    ],
                    [
                        0.3333333432674408
                    ],
                    [
                        0.3333333432674408
                    ],
                    [
                        0.3333333432674408
                    ],
                    [
                        0.3333333432674408
                    ],
                    [
                        0.3333333432674408
                    ],
                    [
                        0.3333333432674408
                    ],
                    [
                        0.3333333432674408
                    ],
                    [
                        0.3333333432674408
                    ],
                    [
                        1.0
                    ]
                ]
            ],
            "returns": [
                [
                    [
                        0.041875001043081284
                    ],
                    [
                        0.041583333164453506
                    ],
                    [
                        0.04129166528582573
                    ],
                    [
                        0.04100000113248825
                    ],
                    [
                        0.040708333253860474
                    ],
                    [
                        0.0404166653752327
                    ],
                    [
                        0.04012500122189522
                    ],
                    [
                        0.03983333334326744
                    ],
                    [
                        0.039541665464639664
                    ],
                    [
                        0.039250001311302185
                    ],
                    [
                        0.03895833343267441
                    ],
                    [
                        0.03837500140070915
                    ],
                    [
                        0.0377916656434536
                    ],
                    [
                        0.03720833361148834
                    ],
                    [
                        0.03662500157952309
                    ],
                    [
                        0.03604166582226753
                    ],
                    [
                        0.03545833379030228
                    ],
                    [
                        0.03487500175833702
                    ],
                    [
                        0.03429166600108147
                    ],
                    [
                        0.03370833396911621
                    ]
                ]
            ],
            "timesteps": [
                [
                    1280,
                    1281,
                    1282,
                    1283,
                    1284,
                    1285,
                    1286,
                    1287,
                    1288,
                    1289,
                    1290,
                    1291,
                    1292,
                    1293,
                    1294,
                    1295,
                    1296,
                    1297,
                    1298,
                    1299
                ]
            ],
            "labels": [
                [
                    0,
                    0,
                    0,
                    0,
                    0,
                    0,
                    0,
                    0,
                    0,
                    1,
                    0,
                    0,
                    0,
                    0,
                    0,
                    0,
                    0,
                    0,
                    0,
                    2
                ]
            ],
            "CPU Usage": 6.0,
            "RAM Usage": 17.4,
            "GPU Usage": 24.0,
            "VRAM Usage": 15400.0,
            "Disk Read Speed (MB/s)": 75057177.68652344,
            "Disk Write Speed (MB/s)": 506877918.92285156
        },
        {
            "step": 1,
            "train_loss": 0.029324332252144814,
            "actions_pred1": [
                [
                    [
                        0.29908835887908936,
                        -0.5074096322059631,
                        0.6013137698173523
                    ],
                    [
                        0.6242126822471619,
                        -0.4426872432231903,
                        0.545623779296875
                    ],
                    [
                        0.5252715945243835,
                        -0.019430026412010193,
                        0.2735724151134491
                    ],
                    [
                        0.8608339428901672,
                        0.06755618751049042,
                        0.6317475438117981
                    ],
                    [
                        0.7693853378295898,
                        0.007535531185567379,
                        0.778297483921051
                    ],
                    [
                        0.9860771298408508,
                        0.38615408539772034,
                        0.7002821564674377
                    ],
                    [
                        0.6722614169120789,
                        0.43636858463287354,
                        0.20908436179161072
                    ],
                    [
                        0.3812861442565918,
                        0.3253699839115143,
                        0.16674774885177612
                    ],
                    [
                        0.4046977758407593,
                        0.4393836557865143,
                        0.39358291029930115
                    ],
                    [
                        0.5248567461967468,
                        0.05436684191226959,
                        0.25851690769195557
                    ],
                    [
                        0.6217417120933533,
                        0.20649752020835876,
                        0.16623342037200928
                    ],
                    [
                        0.5384886264801025,
                        -0.16845612227916718,
                        0.11704378575086594
                    ],
                    [
                        0.984815776348114,
                        -0.07380183041095734,
                        0.2811334431171417
                    ],
                    [
                        0.884005069732666,
                        -0.06055207550525665,
                        0.25713619589805603
                    ],
                    [
                        1.0761675834655762,
                        0.24445520341396332,
                        0.46890559792518616
                    ],
                    [
                        0.25994163751602173,
                        0.21239303052425385,
                        0.2039662003517151
                    ],
                    [
                        0.8375048041343689,
                        0.12874735891819,
                        0.2810266315937042
                    ],
                    [
                        1.2589865922927856,
                        0.30564865469932556,
                        0.1675816774368286
                    ],
                    [
                        0.2647436857223511,
                        0.20444387197494507,
                        0.08870799094438553
                    ],
                    [
                        0.23942109942436218,
                        0.4924246370792389,
                        0.08450450748205185
                    ]
                ]
            ],
            "actions_pred": [
                [
                    [
                        0.29908835887908936,
                        0.6242126822471619,
                        0.5252715945243835,
                        0.8608339428901672,
                        0.7693853378295898,
                        0.9860771298408508,
                        0.6722614169120789,
                        0.3812861442565918,
                        0.4046977758407593,
                        0.5248567461967468,
                        0.6217417120933533,
                        0.5384886264801025,
                        0.984815776348114,
                        0.884005069732666,
                        1.0761675834655762,
                        0.25994163751602173,
                        0.8375048041343689,
                        1.2589865922927856,
                        0.2647436857223511,
                        0.23942109942436218
                    ],
                    [
                        -0.5074096322059631,
                        -0.4426872432231903,
                        -0.019430026412010193,
                        0.06755618751049042,
                        0.007535531185567379,
                        0.38615408539772034,
                        0.43636858463287354,
                        0.3253699839115143,
                        0.4393836557865143,
                        0.05436684191226959,
                        0.20649752020835876,
                        -0.16845612227916718,
                        -0.07380183041095734,
                        -0.06055207550525665,
                        0.24445520341396332,
                        0.21239303052425385,
                        0.12874735891819,
                        0.30564865469932556,
                        0.20444387197494507,
                        0.4924246370792389
                    ],
                    [
                        0.6013137698173523,
                        0.545623779296875,
                        0.2735724151134491,
                        0.6317475438117981,
                        0.778297483921051,
                        0.7002821564674377,
                        0.20908436179161072,
                        0.16674774885177612,
                        0.39358291029930115,
                        0.25851690769195557,
                        0.16623342037200928,
                        0.11704378575086594,
                        0.2811334431171417,
                        0.25713619589805603,
                        0.46890559792518616,
                        0.2039662003517151,
                        0.2810266315937042,
                        0.1675816774368286,
                        0.08870799094438553,
                        0.08450450748205185
                    ]
                ]
            ],
            "states": [
                [
                    [
                        0.0,
                        0.0,
                        202160848.0,
                        60000.0,
                        17433825280.0,
                        0.0,
                        3186341.0,
                        17.0
                    ],
                    [
                        0.0,
                        0.0,
                        202160848.0,
                        60000.0,
                        17635985408.0,
                        0.0,
                        3186393.0,
                        17.0
                    ],
                    [
                        0.0,
                        0.0,
                        248465952.0,
                        60000.0,
                        17884450816.0,
                        0.0,
                        3186445.0,
                        17.0
                    ],
                    [
                        0.0,
                        0.0,
                        248465952.0,
                        60000.0,
                        18132916224.0,
                        0.0,
                        3187945.0,
                        17.0
                    ],
                    [
                        0.0,
                        0.0,
                        248465952.0,
                        60000.0,
                        18381383680.0,
                        0.0,
                        3187997.0,
                        17.0
                    ],
                    [
                        0.0,
                        0.0,
                        333023136.0,
                        110000.0,
                        5726307328.0,
                        0.0,
                        3205061.0,
                        18.0
                    ],
                    [
                        0.0,
                        0.0,
                        333023136.0,
                        110000.0,
                        6059330048.0,
                        0.0,
                        3206561.0,
                        18.0
                    ],
                    [
                        0.0,
                        0.0,
                        333023136.0,
                        110000.0,
                        6392353280.0,
                        0.0,
                        3206641.0,
                        18.0
                    ],
                    [
                        0.0,
                        0.0,
                        333023136.0,
                        110000.0,
                        6725376512.0,
                        0.0,
                        3208141.0,
                        18.0
                    ],
                    [
                        0.0,
                        0.0,
                        333023136.0,
                        110000.0,
                        7058399744.0,
                        0.0,
                        3208193.0,
                        18.0
                    ],
                    [
                        0.0,
                        0.0,
                        333023136.0,
                        110000.0,
                        6059330048.0,
                        0.0,
                        3206561.0,
                        18.0
                    ],
                    [
                        0.0,
                        0.0,
                        333023136.0,
                        110000.0,
                        6392353280.0,
                        0.0,
                        3206641.0,
                        18.0
                    ],
                    [
                        0.0,
                        0.0,
                        333023136.0,
                        110000.0,
                        6725376512.0,
                        0.0,
                        3208141.0,
                        18.0
                    ],
                    [
                        0.0,
                        0.0,
                        333023136.0,
                        110000.0,
                        7058399744.0,
                        0.0,
                        3208193.0,
                        18.0
                    ],
                    [
                        0.0,
                        0.0,
                        333023136.0,
                        110000.0,
                        0.0,
                        0.0,
                        3208245.0,
                        18.0
                    ],
                    [
                        1.0,
                        150000.0,
                        0.0,
                        10000.0,
                        0.0,
                        0.0,
                        2357146.0,
                        0.0
                    ],
                    [
                        1.0,
                        150000.0,
                        0.0,
                        10000.0,
                        0.0,
                        0.0,
                        2358646.0,
                        0.0
                    ],
                    [
                        1.0,
                        150000.0,
                        0.0,
                        10000.0,
                        0.0,
                        0.0,
                        2360146.0,
                        0.0
                    ],
                    [
                        0.0,
                        0.0,
                        375972800.0,
                        110000.0,
                        8303776768.0,
                        0.0,
                        3231205.0,
                        19.0
                    ],
                    [
                        0.0,
                        0.0,
                        375972800.0,
                        110000.0,
                        8679749632.0,
                        0.0,
                        3232705.0,
                        19.0
                    ]
                ]
            ],
            "actions": [
                [
                    [
                        0.3333333432674408
                    ],
                    [
                        0.3333333432674408
                    ],
                    [
                        0.3333333432674408
                    ],
                    [
                        0.3333333432674408
                    ],
                    [
                        0.6666666865348816
                    ],
                    [
                        0.3333333432674408
                    ],
                    [
                        0.3333333432674408
                    ],
                    [
                        0.3333333432674408
                    ],
                    [
                        0.3333333432674408
                    ],
                    [
                        0.3333333432674408
                    ],
                    [
                        0.3333333432674408
                    ],
                    [
                        0.3333333432674408
                    ],
                    [
                        0.3333333432674408
                    ],
                    [
                        0.3333333432674408
                    ],
                    [
                        0.6666666865348816
                    ],
                    [
                        0.3333333432674408
                    ],
                    [
                        0.3333333432674408
                    ],
                    [
                        0.3333333432674408
                    ],
                    [
                        0.3333333432674408
                    ],
                    [
                        0.3333333432674408
                    ]
                ]
            ],
            "returns": [
                [
                    [
                        0.5047500133514404
                    ],
                    [
                        0.5044999718666077
                    ],
                    [
                        0.5042499899864197
                    ],
                    [
                        0.5040000081062317
                    ],
                    [
                        0.5037500262260437
                    ],
                    [
                        0.5034999847412109
                    ],
                    [
                        0.503041684627533
                    ],
                    [
                        0.5025833249092102
                    ],
                    [
                        0.5021250247955322
                    ],
                    [
                        0.5016666650772095
                    ],
                    [
                        0.5012083053588867
                    ],
                    [
                        0.5007500052452087
                    ],
                    [
                        0.500291645526886
                    ],
                    [
                        0.499833345413208
                    ],
                    [
                        0.49937498569488525
                    ],
                    [
                        0.4989166557788849
                    ],
                    [
                        0.4988749921321869
                    ],
                    [
                        0.4988333284854889
                    ],
                    [
                        0.4987916648387909
                    ],
                    [
                        0.4983333349227905
                    ]
                ]
            ],
            "timesteps": [
                [
                    180,
                    181,
                    182,
                    183,
                    184,
                    185,
                    186,
                    187,
                    188,
                    189,
                    190,
                    191,
                    192,
                    193,
                    194,
                    195,
                    196,
                    197,
                    198,
                    199
                ]
            ],
            "labels": [
                [
                    0,
                    0,
                    0,
                    0,
                    1,
                    0,
                    0,
                    0,
                    0,
                    0,
                    0,
                    0,
                    0,
                    0,
                    1,
                    0,
                    0,
                    0,
                    0,
                    0
                ]
            ],
            "CPU Usage": 6.7,
            "RAM Usage": 17.4,
            "GPU Usage": 75.0,
            "VRAM Usage": 15400.0,
            "Disk Read Speed (MB/s)": 75057177.68652344,
            "Disk Write Speed (MB/s)": 506877919.00097656
        },
        {
            "step": 2,
            "train_loss": 0.026714101433753967,
            "actions_pred1": [
                [
                    [
                        0.38653820753097534,
                        0.31866714358329773,
                        -0.07500649243593216
                    ],
                    [
                        0.2762630581855774,
                        0.36928942799568176,
                        -0.14261674880981445
                    ],
                    [
                        0.40154045820236206,
                        0.2479638308286667,
                        -0.14982172846794128
                    ],
                    [
                        0.34798717498779297,
                        0.32639309763908386,
                        -0.4371887445449829
                    ],
                    [
                        0.40431153774261475,
                        0.2899293899536133,
                        -0.10022048652172089
                    ],
                    [
                        0.6474679112434387,
                        0.22865357995033264,
                        -0.13467007875442505
                    ],
                    [
                        0.716180682182312,
                        0.25663089752197266,
                        -0.14423489570617676
                    ],
                    [
                        1.0044372081756592,
                        0.19624796509742737,
                        0.10065075010061264
                    ],
                    [
                        0.6314202547073364,
                        0.14532817900180817,
                        -0.033283695578575134
                    ],
                    [
                        0.7645075917243958,
                        0.3795994222164154,
                        -0.117796890437603
                    ],
                    [
                        0.6685009598731995,
                        0.30930957198143005,
                        -0.005249179899692535
                    ],
                    [
                        0.36510738730430603,
                        0.3949187695980072,
                        -0.14674976468086243
                    ],
                    [
                        0.4864005446434021,
                        0.3061542809009552,
                        0.018023885786533356
                    ],
                    [
                        0.44334882497787476,
                        0.4464220702648163,
                        -0.3613004982471466
                    ],
                    [
                        0.6071794629096985,
                        0.2316664159297943,
                        0.059206523001194
                    ],
                    [
                        0.7311439514160156,
                        0.172051802277565,
                        0.2130008339881897
                    ],
                    [
                        0.7996773719787598,
                        0.18252472579479218,
                        0.03979405015707016
                    ],
                    [
                        0.6187002062797546,
                        0.4621540904045105,
                        -0.0038034990429878235
                    ],
                    [
                        0.811378538608551,
                        0.35239318013191223,
                        0.10393740981817245
                    ],
                    [
                        0.5902119278907776,
                        0.4839498996734619,
                        0.048876695334911346
                    ]
                ]
            ],
            "actions_pred": [
                [
                    [
                        0.38653820753097534,
                        0.2762630581855774,
                        0.40154045820236206,
                        0.34798717498779297,
                        0.40431153774261475,
                        0.6474679112434387,
                        0.716180682182312,
                        1.0044372081756592,
                        0.6314202547073364,
                        0.7645075917243958,
                        0.6685009598731995,
                        0.36510738730430603,
                        0.4864005446434021,
