{
    "steps": [
        {
            "step": 0,
            "train_loss": 0.027154678478837013,
            "actions_pred1": [
                [
                    [
                        0.1272309124469757,
                        0.6706056594848633,
                        -0.2777985632419586
                    ],
                    [
                        0.2951214909553528,
                        0.4317134618759155,
                        0.05405538156628609
                    ],
                    [
                        0.36306333541870117,
                        0.31656819581985474,
                        -0.3644345700740814
                    ],
                    [
                        0.5873548984527588,
                        0.545976459980011,
                        -0.3048836290836334
                    ],
                    [
                        0.7041135430335999,
                        0.8239555954933167,
                        -0.10688851773738861
                    ],
                    [
                        0.23669371008872986,
                        0.50520259141922,
                        -0.26327410340309143
                    ],
                    [
                        0.30002909898757935,
                        0.45261576771736145,
                        -0.25259461998939514
                    ],
                    [
                        0.11300128698348999,
                        0.5006280541419983,
                        -0.383728951215744
                    ],
                    [
                        0.5385581851005554,
                        0.5104470252990723,
                        -0.13804124295711517
                    ],
                    [
                        0.28599393367767334,
                        0.22550782561302185,
                        -0.25650545954704285
                    ],
                    [
                        0.5049751400947571,
                        0.2338293045759201,
                        0.028874296694993973
                    ],
                    [
                        0.5376664400100708,
                        0.2612951695919037,
                        -0.09128095954656601
                    ],
                    [
                        0.6025058627128601,
                        0.24400070309638977,
                        -0.09796470403671265
                    ],
                    [
                        0.8892537951469421,
                        0.2009279876947403,
                        0.05008918419480324
                    ],
                    [
                        0.7716521620750427,
                        -0.0037890607491135597,
                        0.06461092829704285
                    ],
                    [
                        1.1353422403335571,
                        0.12287493795156479,
                        0.03694676235318184
                    ],
                    [
                        0.9601378440856934,
                        -0.06539886444807053,
                        -0.06556173413991928
                    ],
                    [
                        0.6296149492263794,
                        0.22743718326091766,
                        -0.37879544496536255
                    ],
                    [
                        0.9443198442459106,
                        0.21272921562194824,
                        -0.19915877282619476
                    ],
                    [
                        1.1652675867080688,
                        0.17182239890098572,
                        -0.048386428505182266
                    ]
                ]
            ],
            "actions_pred": [
                [
                    [
                        0.1272309124469757,
                        0.2951214909553528,
                        0.36306333541870117,
                        0.5873548984527588,
                        0.7041135430335999,
                        0.23669371008872986,
                        0.30002909898757935,
                        0.11300128698348999,
                        0.5385581851005554,
                        0.28599393367767334,
                        0.5049751400947571,
                        0.5376664400100708,
                        0.6025058627128601,
                        0.8892537951469421,
                        0.7716521620750427,
                        1.1353422403335571,
                        0.9601378440856934,
                        0.6296149492263794,
                        0.9443198442459106,
                        1.1652675867080688
                    ],
                    [
                        0.6706056594848633,
                        0.4317134618759155,
                        0.31656819581985474,
                        0.545976459980011,
                        0.8239555954933167,
                        0.50520259141922,
                        0.45261576771736145,
                        0.5006280541419983,
                        0.5104470252990723,
                        0.22550782561302185,
                        0.2338293045759201,
                        0.2612951695919037,
                        0.24400070309638977,
                        0.2009279876947403,
                        -0.0037890607491135597,
                        0.12287493795156479,
                        -0.06539886444807053,
                        0.22743718326091766,
                        0.21272921562194824,
                        0.17182239890098572
                    ],
                    [
                        -0.2777985632419586,
                        0.05405538156628609,
                        -0.3644345700740814,
                        -0.3048836290836334,
                        -0.10688851773738861,
                        -0.26327410340309143,
                        -0.25259461998939514,
                        -0.383728951215744,
                        -0.13804124295711517,
                        -0.25650545954704285,
                        0.028874296694993973,
                        -0.09128095954656601,
                        -0.09796470403671265,
                        0.05008918419480324,
                        0.06461092829704285,
                        0.03694676235318184,
                        -0.06556173413991928,
                        -0.37879544496536255,
                        -0.19915877282619476,
                        -0.048386428505182266
                    ]
                ]
            ],
            "states": [
                [
                    [
                        1.0,
                        150000.0,
                        0.0,
                        0.0,
                        0.0,
                        0.0,
                        6137146.0,
                        0.0
                    ],
                    [
                        1.0,
                        150000.0,
                        0.0,
                        0.0,
                        0.0,
                        0.0,
                        6138646.0,
                        0.0
                    ],
                    [
                        1.0,
                        150000.0,
                        0.0,
                        0.0,
                        0.0,
                        0.0,
                        6140146.0,
                        0.0
                    ],
                    [
                        0.0,
                        0.0,
                        504626496.0,
                        80000.0,
                        5510626304.0,
                        0.0,
                        6703585.0,
                        83.0
                    ],
                    [
                        0.0,
                        0.0,
                        504626496.0,
                        80000.0,
                        0.0,
                        0.0,
                        6703657.0,
                        83.0
                    ],
                    [
                        0.0,
                        0.0,
                        504626496.0,
                        90000.0,
                        7569397760.0,
                        0.0,
                        6713229.0,
                        84.0
                    ],
                    [
                        0.0,
                        0.0,
                        504626496.0,
                        90000.0,
                        8074023936.0,
                        0.0,
                        6713281.0,
                        84.0
                    ],
                    [
                        0.0,
                        0.0,
                        504626496.0,
                        90000.0,
                        8578650624.0,
                        0.0,
                        6714781.0,
                        84.0
                    ],
                    [
                        0.0,
                        0.0,
                        504626496.0,
                        90000.0,
                        9083277312.0,
                        0.0,
                        6714833.0,
                        84.0
                    ],
                    [
                        0.0,
                        0.0,
                        504626496.0,
                        90000.0,
                        9587903488.0,
                        0.0,
                        6716333.0,
                        84.0
                    ],
                    [
                        0.0,
                        0.0,
                        504626496.0,
                        90000.0,
                        8074023936.0,
                        0.0,
                        6713281.0,
                        84.0
                    ],
                    [
                        0.0,
                        0.0,
                        504626496.0,
                        90000.0,
                        8578650624.0,
                        0.0,
                        6714781.0,
                        84.0
                    ],
                    [
                        0.0,
                        0.0,
                        504626496.0,
                        90000.0,
                        9083277312.0,
                        0.0,
                        6714833.0,
                        84.0
                    ],
                    [
                        0.0,
                        0.0,
                        504626496.0,
                        90000.0,
                        9587903488.0,
                        0.0,
                        6716333.0,
                        84.0
                    ],
                    [
                        0.0,
                        0.0,
                        504626496.0,
                        100000.0,
                        0.0,
                        0.0,
                        6716385.0,
                        84.0
                    ],
                    [
                        0.0,
                        0.0,
                        310010816.0,
                        10000.0,
                        16863267840.0,
                        0.0,
                        6744513.0,
                        85.0
                    ],
                    [
                        0.0,
                        0.0,
                        310010816.0,
                        10000.0,
                        17173278720.0,
                        0.0,
                        6744565.0,
                        85.0
                    ],
                    [
                        0.0,
                        0.0,
                        310010816.0,
                        10000.0,
                        17483288576.0,
                        0.0,
                        6744645.0,
                        85.0
                    ],
                    [
                        0.0,
                        0.0,
                        310010816.0,
                        10000.0,
                        17793300480.0,
                        0.0,
                        6744697.0,
                        85.0
                    ],
                    [
                        0.0,
                        0.0,
                        310010816.0,
                        10000.0,
                        18103310336.0,
                        0.0,
                        6744777.0,
                        85.0
                    ]
                ]
            ],
            "actions": [
                [
                    [
                        0.3333333432674408
                    ],
                    [
                        0.3333333432674408
                    ],
                    [
                        0.3333333432674408
                    ],
                    [
                        0.3333333432674408
                    ],
                    [
                        0.6666666865348816
                    ],
                    [
                        0.3333333432674408
                    ],
                    [
                        0.3333333432674408
                    ],
                    [
                        0.3333333432674408
                    ],
                    [
                        0.3333333432674408
                    ],
                    [
                        0.3333333432674408
                    ],
                    [
                        0.3333333432674408
                    ],
                    [
                        0.3333333432674408
                    ],
                    [
                        0.3333333432674408
                    ],
                    [
                        0.3333333432674408
                    ],
                    [
                        0.6666666865348816
                    ],
                    [
                        0.3333333432674408
                    ],
                    [
                        0.3333333432674408
                    ],
                    [
                        0.3333333432674408
                    ],
                    [
                        0.3333333432674408
                    ],
                    [
                        0.3333333432674408
                    ]
                ]
            ],
            "returns": [
                [
                    [
                        0.19704166054725647
                    ],
                    [
                        0.19704166054725647
                    ],
                    [
                        0.19704166054725647
                    ],
                    [
                        0.19704166054725647
                    ],
                    [
                        0.1967083364725113
                    ],
                    [
                        0.19637499749660492
                    ],
                    [
                        0.19599999487400055
                    ],
                    [
                        0.19562500715255737
                    ],
                    [
                        0.195250004529953
                    ],
                    [
                        0.19487500190734863
                    ],
                    [
                        0.19449999928474426
                    ],
                    [
                        0.1941249966621399
                    ],
                    [
                        0.19374999403953552
                    ],
                    [
                        0.19337500631809235
                    ],
                    [
                        0.19300000369548798
                    ],
                    [
                        0.1925833374261856
                    ],
                    [
                        0.1925416737794876
                    ],
                    [
                        0.19249999523162842
                    ],
                    [
                        0.19245833158493042
                    ],
                    [
                        0.19241666793823242
                    ]
                ]
            ],
            "timesteps": [
                [
                    840,
                    841,
                    842,
                    843,
                    844,
                    845,
                    846,
                    847,
                    848,
                    849,
                    850,
                    851,
                    852,
                    853,
                    854,
                    855,
                    856,
                    857,
                    858,
                    859
                ]
            ],
            "labels": [
                [
                    0,
                    0,
                    0,
                    0,
                    1,
                    0,
                    0,
                    0,
                    0,
                    0,
                    0,
                    0,
                    0,
                    0,
                    1,
                    0,
                    0,
                    0,
                    0,
                    0
                ]
            ],
            "CPU Usage": 5.2,
            "RAM Usage": 17.4,
            "GPU Usage": 27.0,
            "VRAM Usage": 15400.0,
            "Disk Read Speed (MB/s)": 75057177.68652344,
            "Disk Write Speed (MB/s)": 506877934.6298828
        },
        {
            "step": 1,
            "train_loss": 0.024211054667830467,
            "actions_pred1": [
                [
                    [
                        -0.004262428730726242,
                        0.11095509678125381,
                        -0.03534470871090889
                    ],
                    [
                        0.2387348860502243,
                        0.43692514300346375,
                        -0.12704111635684967
                    ],
                    [
                        0.467092365026474,
                        0.3882518708705902,
                        -0.17175084352493286
                    ],
                    [
                        0.6090025901794434,
                        0.24121078848838806,
                        -0.1619911938905716
                    ],
                    [
                        0.7706776261329651,
                        0.2602950632572174,
                        -0.24638043344020844
                    ],
                    [
                        0.7168784141540527,
                        0.09662000089883804,
                        -0.0024696113541722298
                    ],
                    [
                        0.9773184657096863,
                        0.05836272984743118,
                        0.0066558001562952995
                    ],
                    [
                        1.0647273063659668,
                        0.1631861925125122,
                        0.015992384403944016
                    ],
                    [
                        1.1568025350570679,
                        0.05475122481584549,
                        0.15650245547294617
                    ],
                    [
                        1.211747646331787,
                        0.09505856782197952,
                        0.04606494680047035
                    ],
                    [
                        0.9170026183128357,
                        0.305499792098999,
                        0.017807986587285995
                    ],
                    [
                        0.8041439056396484,
                        0.169674813747406,
                        -0.20028100907802582
                    ],
                    [
                        0.7391616702079773,
                        0.4223514795303345,
                        0.1643112301826477
                    ],
                    [
                        0.7310377955436707,
                        0.4250554144382477,
                        0.20236004889011383
                    ],
                    [
                        0.8187724947929382,
                        0.2312304675579071,
                        0.052931759506464005
                    ],
                    [
                        0.7722445726394653,
                        0.11881021410226822,
                        0.1529930680990219
                    ],
                    [
                        0.8392964601516724,
                        0.04174218326807022,
                        0.2437589019536972
                    ],
                    [
                        0.8725025653839111,
                        0.1781339794397354,
                        0.1423366814851761
                    ],
                    [
                        1.0304471254348755,
                        -0.03484269231557846,
                        0.5232402682304382
                    ],
                    [
                        1.077306866645813,
                        0.05028555542230606,
                        0.059158626943826675
                    ]
                ]
            ],
            "actions_pred": [
                [
                    [
                        -0.004262428730726242,
                        0.2387348860502243,
                        0.467092365026474,
                        0.6090025901794434,
                        0.7706776261329651,
                        0.7168784141540527,
                        0.9773184657096863,
                        1.0647273063659668,
                        1.1568025350570679,
                        1.211747646331787,
                        0.9170026183128357,
                        0.8041439056396484,
                        0.7391616702079773,
                        0.7310377955436707,
                        0.8187724947929382,
                        0.7722445726394653,
                        0.8392964601516724,
                        0.8725025653839111,
                        1.0304471254348755,
                        1.077306866645813
                    ],
                    [
                        0.11095509678125381,
                        0.43692514300346375,
                        0.3882518708705902,
                        0.24121078848838806,
                        0.2602950632572174,
                        0.09662000089883804,
                        0.05836272984743118,
                        0.1631861925125122,
                        0.05475122481584549,
                        0.09505856782197952,
                        0.305499792098999,
                        0.169674813747406,
                        0.4223514795303345,
                        0.4250554144382477,
                        0.2312304675579071,
                        0.11881021410226822,
                        0.04174218326807022,
                        0.1781339794397354,
                        -0.03484269231557846,
                        0.05028555542230606
                    ],
                    [
                        -0.03534470871090889,
                        -0.12704111635684967,
                        -0.17175084352493286,
                        -0.1619911938905716,
                        -0.24638043344020844,
                        -0.0024696113541722298,
                        0.0066558001562952995,
                        0.015992384403944016,
                        0.15650245547294617,
                        0.04606494680047035,
                        0.017807986587285995,
                        -0.20028100907802582,
                        0.1643112301826477,
                        0.20236004889011383,
                        0.052931759506464005,
                        0.1529930680990219,
                        0.2437589019536972,
                        0.1423366814851761,
                        0.5232402682304382,
                        0.059158626943826675
                    ]
                ]
            ],
            "states": [
                [
                    [
                        1.0,
                        0.0,
                        133158000.0,
                        130000.0,
                        1260884864.0,
                        0.0,
                        8733646.0,
                        0.0
                    ],
                    [
                        1.0,
                        0.0,
                        133158000.0,
                        130000.0,
                        1394042880.0,
                        0.0,
                        8735146.0,
                        0.0
                    ],
                    [
                        0.0,
                        0.0,
                        176610992.0,
                        110000.0,
                        7516150784.0,
                        0.0,
                        8163805.0,
                        96.0
                    ],
                    [
                        0.0,
                        0.0,
                        176610992.0,
                        110000.0,
                        7692762112.0,
                        0.0,
                        8165305.0,
                        96.0
                    ],
                    [
                        0.0,
                        0.0,
                        176610992.0,
                        110000.0,
                        0.0,
                        0.0,
                        8165357.0,
                        96.0
                    ],
                    [
                        0.0,
                        0.0,
                        200099088.0,
                        160000.0,
                        17566519296.0,
                        0.0,
                        8308661.0,
                        97.0
                    ],
                    [
                        0.0,
                        0.0,
                        200099088.0,
                        160000.0,
                        17766617088.0,
                        0.0,
                        8308713.0,
                        97.0
                    ],
                    [
                        0.0,
                        0.0,
                        286669536.0,
                        120000.0,
                        18053287936.0,
                        0.0,
                        8308765.0,
                        97.0
                    ],
                    [
                        1.0,
                        15000.0,
                        22382508.0,
                        110000.0,
                        539300096.0,
                        0.0,
                        8976646.0,
                        0.0
                    ],
                    [
                        1.0,
                        15000.0,
                        22382508.0,
                        110000.0,
                        561682624.0,
                        0.0,
                        8978146.0,
                        0.0
                    ],
                    [
                        0.0,
                        0.0,
                        200099088.0,
                        160000.0,
                        17766617088.0,
                        0.0,
                        8308713.0,
                        97.0
                    ],
                    [
                        0.0,
                        0.0,
                        286669536.0,
                        120000.0,
                        18053287936.0,
                        0.0,
                        8308765.0,
                        97.0
                    ],
                    [
                        1.0,
                        15000.0,
                        22382508.0,
                        110000.0,
                        539300096.0,
                        0.0,
                        8976646.0,
                        0.0
                    ],
                    [
                        1.0,
                        15000.0,
                        22382508.0,
                        110000.0,
                        561682624.0,
                        0.0,
                        8978146.0,
                        0.0
                    ],
                    [
                        0.0,
                        0.0,
                        286669536.0,
                        120000.0,
                        18339956736.0,
                        0.0,
                        8310265.0,
                        97.0
                    ],
                    [
                        1.0,
                        0.0,
                        0.0,
                        20000.0,
                        0.0,
                        0.0,
                        8999146.0,
                        0.0
                    ],
                    [
                        1.0,
                        150000.0,
                        0.0,
                        20000.0,
                        0.0,
                        0.0,
                        9000646.0,
                        0.0
                    ],
                    [
                        0.0,
                        0.0,
                        181308608.0,
                        100000.0,
                        17986263040.0,
                        0.0,
                        8339865.0,
                        98.0
                    ],
                    [
                        1.0,
                        150000.0,
                        0.0,
                        20000.0,
                        0.0,
                        0.0,
                        9002146.0,
                        0.0
                    ],
                    [
                        0.0,
                        0.0,
                        181308608.0,
                        100000.0,
                        18167570432.0,
                        0.0,
                        8341365.0,
                        98.0
                    ]
                ]
            ],
            "actions": [
                [
                    [
                        0.3333333432674408
                    ],
                    [
                        0.3333333432674408
                    ],
                    [
                        0.3333333432674408
                    ],
                    [
                        0.3333333432674408
                    ],
                    [
                        0.6666666865348816
                    ],
                    [
                        0.3333333432674408
                    ],
                    [
                        0.3333333432674408
                    ],
                    [
                        0.3333333432674408
                    ],
                    [
                        0.3333333432674408
                    ],
                    [
                        0.3333333432674408
                    ],
                    [
                        0.3333333432674408
                    ],
                    [
                        0.3333333432674408
                    ],
                    [
                        0.3333333432674408
                    ],
                    [
                        0.3333333432674408
                    ],
                    [
                        0.6666666865348816
                    ],
                    [
                        0.3333333432674408
                    ],
                    [
                        0.3333333432674408
                    ],
                    [
                        0.3333333432674408
                    ],
                    [
                        0.3333333432674408
                    ],
                    [
                        0.3333333432674408
                    ]
                ]
            ],
            "returns": [
                [
                    [
                        0.148375004529953
                    ],
                    [
                        0.14783333241939545
                    ],
                    [
                        0.1472916603088379
                    ],
                    [
                        0.14683333039283752
                    ],
                    [
                        0.14637500047683716
                    ],
                    [
                        0.1459166705608368
                    ],
                    [
                        0.14524999260902405
                    ],
                    [
                        0.1445833295583725
                    ],
                    [
                        0.14408333599567413
                    ],
                    [
                        0.14362500607967377
                    ],
                    [
                        0.1431666612625122
                    ],
                    [
                        0.14249999821186066
                    ],
                    [
                        0.1420000046491623
                    ],
                    [
                        0.14154165983200073
                    ],
                    [
                        0.14108332991600037
                    ],
                    [
                        0.140583336353302
                    ],
                    [
                        0.1404999941587448
                    ],
                    [
                        0.14041666686534882
                    ],
                    [
                        0.14000000059604645
                    ],
                    [
                        0.13991667330265045
                    ]
                ]
            ],
            "timesteps": [
                [
                    1000,
                    1001,
                    1002,
                    1003,
                    1004,
                    1005,
                    1006,
                    1007,
                    1008,
                    1009,
                    1010,
                    1011,
                    1012,
                    1013,
                    1014,
                    1015,
                    1016,
                    1017,
                    1018,
                    1019
                ]
            ],
            "labels": [
                [
                    0,
                    0,
                    0,
                    0,
                    1,
                    0,
                    0,
                    0,
                    0,
                    0,
                    0,
                    0,
                    0,
                    0,
                    1,
                    0,
                    0,
                    0,
                    0,
                    0
                ]
            ],
            "CPU Usage": 4.7,
            "RAM Usage": 17.4,
            "GPU Usage": 64.0,
            "VRAM Usage": 15400.0,
            "Disk Read Speed (MB/s)": 75057177.68652344,
            "Disk Write Speed (MB/s)": 506877935.1298828
        },
        {
            "step": 2,
            "train_loss": 0.0304605420678854,
            "actions_pred1": [
                [
                    [
                        0.30128204822540283,
                        0.398857057094574,
                        0.3140151798725128
                    ],
                    [
                        0.3311046361923218,
                        0.302569180727005,
                        0.3518441319465637
                    ],
                    [
                        0.4192814528942108,
                        0.3350437581539154,
                        0.2813987731933594
                    ],
                    [
                        0.25272154808044434,
                        0.4298173487186432,
                        0.10012217611074448
                    ],
                    [
                        0.3242796063423157,
                        0.4989447295665741,
                        0.29494813084602356
                    ],
                    [
                        0.007740374654531479,
                        0.26743727922439575,
                        0.35872867703437805
                    ],
                    [
                        0.5728179812431335,
                        0.32387837767601013,
                        0.19382712244987488
                    ],
                    [
                        0.7668637633323669,
                        0.3213103413581848,
                        0.3155491054058075
                    ],
                    [
                        0.5497581362724304,
                        0.3753308355808258,
                        0.22421231865882874
                    ],
                    [
                        0.6482782959938049,
                        0.2967662811279297,
                        0.30033519864082336
                    ],
                    [
                        0.8406954407691956,
                        0.3179768919944763,
                        0.2491825819015503
                    ],
                    [
                        0.799943208694458,
                        0.276033490896225,
                        0.20877589285373688
                    ],
                    [
                        0.7704971432685852,
                        0.36192283034324646,
                        0.28409716486930847
                    ],
                    [
                        0.8501663208007812,
                        0.15810814499855042,
                        0.2373962551355362
                    ],
                    [
                        0.9068223834037781,
                        0.21510165929794312,
                        0.4026464521884918
                    ],
                    [
                        0.8438648581504822,
                        0.2352384626865387,
                        0.3416261374950409
                    ],
                    [
                        0.673896074295044,
                        0.2435217797756195,
                        0.2794199287891388
                    ],
                    [
                        0.76589435338974,
                        0.2924310863018036,
                        0.5586984753608704
                    ],
                    [
                        0.9643442034721375,
                        0.15211740136146545,
                        0.3561067283153534
                    ],
                    [
                        0.9137266874313354,
                        0.1805749088525772,
                        0.19035419821739197
                    ]
                ]
            ],
            "actions_pred": [
                [
                    [
                        0.30128204822540283,
                        0.3311046361923218,
                        0.4192814528942108,
                        0.25272154808044434,
                        0.3242796063423157,
                        0.007740374654531479,
                        0.5728179812431335,
                        0.7668637633323669,
                        0.5497581362724304,
                        0.6482782959938049,
                        0.8406954407691956,
                        0.799943208694458,
                        0.7704971432685852,
                        0.8501663208007812,
