{
    "steps": [
        {
            "step": 0,
            "train_loss": 0.016159674152731895,
            "actions_pred1": [
                [
                    [
                        2.3957512378692627,
                        -0.68231600522995,
                        -0.7384732365608215
                    ],
                    [
                        2.929326295852661,
                        -1.0044711828231812,
                        -0.8474605679512024
                    ],
                    [
                        3.025883197784424,
                        -1.0374759435653687,
                        -0.7952246069908142
                    ],
                    [
                        2.703761339187622,
                        -0.7871853113174438,
                        -1.3930752277374268
                    ],
                    [
                        0.9854384064674377,
                        0.1271677315235138,
                        -0.36605340242385864
                    ],
                    [
                        1.53496253490448,
                        -0.4812622666358948,
                        -0.8555827736854553
                    ],
                    [
                        2.7930750846862793,
                        -0.7223812937736511,
                        -1.0841317176818848
                    ],
                    [
                        2.809169292449951,
                        -0.6246691942214966,
                        -1.0434156656265259
                    ],
                    [
                        1.476477026939392,
                        -0.012149909511208534,
                        -0.6432703137397766
                    ],
                    [
                        1.5686638355255127,
                        0.09846025705337524,
                        -0.22519052028656006
                    ],
                    [
                        2.3491148948669434,
                        -0.08270689100027084,
                        -0.6355307698249817
                    ],
                    [
                        2.9096086025238037,
                        -0.7908154129981995,
                        -0.6140921711921692
                    ],
                    [
                        2.3162014484405518,
                        0.42372938990592957,
                        -0.5263885259628296
                    ],
                    [
                        4.190367698669434,
                        -1.1656371355056763,
                        -0.804521381855011
                    ],
                    [
                        2.6639461517333984,
                        0.32330623269081116,
                        -0.48287540674209595
                    ],
                    [
                        3.177262783050537,
                        0.09806034713983536,
                        -0.7783872485160828
                    ],
                    [
                        3.69145131111145,
                        -0.5346491932868958,
                        -0.6396525502204895
                    ],
                    [
                        3.5341343879699707,
                        -0.12098704278469086,
                        -0.2687123119831085
                    ],
                    [
                        3.1297874450683594,
                        -0.7313026785850525,
                        -0.9171193838119507
                    ],
                    [
                        2.8113043308258057,
                        -0.1586017906665802,
                        -0.8338581919670105
                    ]
                ]
            ],
            "actions_pred": [
                [
                    [
                        2.3957512378692627,
                        2.929326295852661,
                        3.025883197784424,
                        2.703761339187622,
                        0.9854384064674377,
                        1.53496253490448,
                        2.7930750846862793,
                        2.809169292449951,
                        1.476477026939392,
                        1.5686638355255127,
                        2.3491148948669434,
                        2.9096086025238037,
                        2.3162014484405518,
                        4.190367698669434,
                        2.6639461517333984,
                        3.177262783050537,
                        3.69145131111145,
                        3.5341343879699707,
                        3.1297874450683594,
                        2.8113043308258057
                    ],
                    [
                        -0.68231600522995,
                        -1.0044711828231812,
                        -1.0374759435653687,
                        -0.7871853113174438,
                        0.1271677315235138,
                        -0.4812622666358948,
                        -0.7223812937736511,
                        -0.6246691942214966,
                        -0.012149909511208534,
                        0.09846025705337524,
                        -0.08270689100027084,
                        -0.7908154129981995,
                        0.42372938990592957,
                        -1.1656371355056763,
                        0.32330623269081116,
                        0.09806034713983536,
                        -0.5346491932868958,
                        -0.12098704278469086,
                        -0.7313026785850525,
                        -0.1586017906665802
                    ],
                    [
                        -0.7384732365608215,
                        -0.8474605679512024,
                        -0.7952246069908142,
                        -1.3930752277374268,
                        -0.36605340242385864,
                        -0.8555827736854553,
                        -1.0841317176818848,
                        -1.0434156656265259,
                        -0.6432703137397766,
                        -0.22519052028656006,
                        -0.6355307698249817,
                        -0.6140921711921692,
                        -0.5263885259628296,
                        -0.804521381855011,
                        -0.48287540674209595,
                        -0.7783872485160828,
                        -0.6396525502204895,
                        -0.2687123119831085,
                        -0.9171193838119507,
                        -0.8338581919670105
                    ]
                ]
            ],
            "states": [
                [
                    [
                        1.0,
                        150000.0,
                        0.0,
                        10000.0,
                        0.0,
                        0.0,
                        10872698.0,
                        0.0
                    ],
                    [
                        1.0,
                        150000.0,
                        0.0,
                        10000.0,
                        0.0,
                        0.0,
                        10874198.0,
                        0.0
                    ],
                    [
                        1.0,
                        150000.0,
                        0.0,
                        10000.0,
                        0.0,
                        0.0,
                        10875698.0,
                        0.0
                    ],
                    [
                        1.0,
                        150000.0,
                        0.0,
                        10000.0,
                        0.0,
                        0.0,
                        10877198.0,
                        0.0
                    ],
                    [
                        0.0,
                        0.0,
                        185100528.0,
                        40000.0,
                        18390382592.0,
                        0.0,
                        9996189.0,
                        114.0
                    ],
                    [
                        1.0,
                        150000.0,
                        0.0,
                        10000.0,
                        0.0,
                        0.0,
                        10874198.0,
                        0.0
                    ],
                    [
                        1.0,
                        150000.0,
                        0.0,
                        10000.0,
                        0.0,
                        0.0,
                        10875698.0,
                        0.0
                    ],
                    [
                        1.0,
                        150000.0,
                        0.0,
                        10000.0,
                        0.0,
                        0.0,
                        10877198.0,
                        0.0
                    ],
                    [
                        0.0,
                        0.0,
                        185100528.0,
                        40000.0,
                        18390382592.0,
                        0.0,
                        9996189.0,
                        114.0
                    ],
                    [
                        0.0,
                        0.0,
                        185100528.0,
                        40000.0,
                        18575482880.0,
                        0.0,
                        9997689.0,
                        114.0
                    ],
                    [
                        0.0,
                        0.0,
                        165638960.0,
                        60000.0,
                        17544783872.0,
                        0.0,
                        10130425.0,
                        115.0
                    ],
                    [
                        0.0,
                        0.0,
                        165638960.0,
                        60000.0,
                        17710424064.0,
                        0.0,
                        10130477.0,
                        115.0
                    ],
                    [
                        0.0,
                        0.0,
                        165638960.0,
                        60000.0,
                        17876062208.0,
                        0.0,
                        10130529.0,
                        115.0
                    ],
                    [
                        0.0,
                        0.0,
                        165638960.0,
                        60000.0,
                        18041700352.0,
                        0.0,
                        10130581.0,
                        115.0
                    ],
                    [
                        0.0,
                        0.0,
                        165638960.0,
                        60000.0,
                        18207340544.0,
                        0.0,
                        10130633.0,
                        115.0
                    ],
                    [
                        0.0,
                        0.0,
                        165638960.0,
                        60000.0,
                        17710424064.0,
                        0.0,
                        10130477.0,
                        115.0
                    ],
                    [
                        0.0,
                        0.0,
                        165638960.0,
                        60000.0,
                        17876062208.0,
                        0.0,
                        10130529.0,
                        115.0
                    ],
                    [
                        0.0,
                        0.0,
                        165638960.0,
                        60000.0,
                        18041700352.0,
                        0.0,
                        10130581.0,
                        115.0
                    ],
                    [
                        0.0,
                        0.0,
                        165638960.0,
                        60000.0,
                        18207340544.0,
                        0.0,
                        10130633.0,
                        115.0
                    ],
                    [
                        0.0,
                        0.0,
                        165638960.0,
                        60000.0,
                        18372978688.0,
                        0.0,
                        10130685.0,
                        115.0
                    ]
                ]
            ],
            "actions": [
                [
                    [
                        0.3333333432674408
                    ],
                    [
                        0.3333333432674408
                    ],
                    [
                        0.3333333432674408
                    ],
                    [
                        0.3333333432674408
                    ],
                    [
                        1.0
                    ],
                    [
                        0.3333333432674408
                    ],
                    [
                        0.3333333432674408
                    ],
                    [
                        0.3333333432674408
                    ],
                    [
                        1.0
                    ],
                    [
                        0.6666666865348816
                    ],
                    [
                        0.3333333432674408
                    ],
                    [
                        0.3333333432674408
                    ],
                    [
                        0.3333333432674408
                    ],
                    [
                        0.3333333432674408
                    ],
                    [
                        0.3333333432674408
                    ],
                    [
                        0.3333333432674408
                    ],
                    [
                        0.3333333432674408
                    ],
                    [
                        0.3333333432674408
                    ],
                    [
                        0.3333333432674408
                    ],
                    [
                        0.6666666865348816
                    ]
                ]
            ],
            "returns": [
                [
                    [
                        0.07270833104848862
                    ],
                    [
                        0.07266666740179062
                    ],
                    [
                        0.07262499630451202
                    ],
                    [
                        0.07258333265781403
                    ],
                    [
                        0.07254166901111603
                    ],
                    [
                        0.07237499952316284
                    ],
                    [
                        0.07233333587646484
                    ],
                    [
                        0.07229166477918625
                    ],
                    [
                        0.07225000113248825
                    ],
                    [
                        0.07208333164453506
                    ],
                    [
                        0.07191666960716248
                    ],
                    [
                        0.0716666653752327
                    ],
                    [
                        0.07141666859388351
                    ],
                    [
                        0.07116666436195374
                    ],
                    [
                        0.07091666758060455
                    ],
                    [
                        0.07066666334867477
                    ],
                    [
                        0.07041666656732559
                    ],
                    [
                        0.07016666978597641
                    ],
                    [
                        0.06991666555404663
                    ],
                    [
                        0.06966666877269745
                    ]
                ]
            ],
            "timesteps": [
                [
                    1200,
                    1201,
                    1202,
                    1203,
                    1204,
                    1205,
                    1206,
                    1207,
                    1208,
                    1209,
                    1210,
                    1211,
                    1212,
                    1213,
                    1214,
                    1215,
                    1216,
                    1217,
                    1218,
                    1219
                ]
            ],
            "labels": [
                [
                    0,
                    0,
                    0,
                    0,
                    2,
                    0,
                    0,
                    0,
                    2,
                    1,
                    0,
                    0,
                    0,
                    0,
                    0,
                    0,
                    0,
                    0,
                    0,
                    1
                ]
            ],
            "CPU Usage": 7.7,
            "RAM Usage": 17.4,
            "GPU Usage": 42.0,
            "VRAM Usage": 15400.0,
            "Disk Read Speed (MB/s)": 75057177.68652344,
            "Disk Write Speed (MB/s)": 506878239.19628906
        },
        {
            "step": 1,
            "train_loss": 0.0022208818700164557,
            "actions_pred1": [
                [
                    [
                        5.713606357574463,
                        -2.649541139602661,
                        -2.1492655277252197
                    ],
                    [
                        5.627748966217041,
                        -1.4680874347686768,
                        -2.2189269065856934
                    ],
                    [
                        4.373089790344238,
                        -1.1707048416137695,
                        -1.8672139644622803
                    ],
                    [
                        4.256290435791016,
                        -0.15533018112182617,
                        -2.653498888015747
                    ],
                    [
                        4.461783409118652,
                        0.09271916002035141,
                        -1.7462784051895142
                    ],
                    [
                        4.061676502227783,
                        -0.145542711019516,
                        -1.6692348718643188
                    ],
                    [
                        4.5903239250183105,
                        -0.5237721800804138,
                        -2.644083261489868
                    ],
                    [
                        4.1423492431640625,
                        -0.16282573342323303,
                        -2.966867208480835
                    ],
                    [
                        3.388796329498291,
                        -0.3351009786128998,
                        -2.2067389488220215
                    ],
                    [
                        2.0572776794433594,
                        1.4306355714797974,
                        -2.7764475345611572
                    ],
                    [
                        4.059515476226807,
                        -0.056626297533512115,
                        -2.3841488361358643
                    ],
                    [
                        3.807551383972168,
                        -0.07721686363220215,
                        -2.6623451709747314
                    ],
                    [
                        4.461704730987549,
                        -0.4183182120323181,
                        -2.4158782958984375
                    ],
                    [
                        4.092495918273926,
                        0.3116280138492584,
                        -2.6547439098358154
                    ],
                    [
                        3.8113226890563965,
                        -0.21072110533714294,
                        -2.504896640777588
                    ],
                    [
                        3.8111796379089355,
                        -0.08107364922761917,
                        -2.8574624061584473
                    ],
                    [
                        3.785022497177124,
                        -0.09421713650226593,
                        -2.3573598861694336
                    ],
                    [
                        3.1081321239471436,
                        0.5827842354774475,
                        -1.787955641746521
                    ],
                    [
                        3.9032835960388184,
                        0.062375470995903015,
                        -1.7580182552337646
                    ],
                    [
                        -0.5414223074913025,
                        4.001971244812012,
                        -1.2386952638626099
                    ]
                ]
            ],
            "actions_pred": [
                [
                    [
                        5.713606357574463,
                        5.627748966217041,
                        4.373089790344238,
                        4.256290435791016,
                        4.461783409118652,
                        4.061676502227783,
                        4.5903239250183105,
                        4.1423492431640625,
                        3.388796329498291,
                        2.0572776794433594,
                        4.059515476226807,
                        3.807551383972168,
                        4.461704730987549,
                        4.092495918273926,
                        3.8113226890563965,
                        3.8111796379089355,
                        3.785022497177124,
                        3.1081321239471436,
                        3.9032835960388184,
                        -0.5414223074913025
                    ],
                    [
                        -2.649541139602661,
                        -1.4680874347686768,
                        -1.1707048416137695,
                        -0.15533018112182617,
                        0.09271916002035141,
                        -0.145542711019516,
                        -0.5237721800804138,
                        -0.16282573342323303,
                        -0.3351009786128998,
                        1.4306355714797974,
                        -0.056626297533512115,
                        -0.07721686363220215,
                        -0.4183182120323181,
                        0.3116280138492584,
                        -0.21072110533714294,
                        -0.08107364922761917,
                        -0.09421713650226593,
                        0.5827842354774475,
                        0.062375470995903015,
                        4.001971244812012
                    ],
                    [
                        -2.1492655277252197,
                        -2.2189269065856934,
                        -1.8672139644622803,
                        -2.653498888015747,
                        -1.7462784051895142,
                        -1.6692348718643188,
                        -2.644083261489868,
                        -2.966867208480835,
                        -2.2067389488220215,
                        -2.7764475345611572,
                        -2.3841488361358643,
                        -2.6623451709747314,
                        -2.4158782958984375,
                        -2.6547439098358154,
                        -2.504896640777588,
                        -2.8574624061584473,
                        -2.3573598861694336,
                        -1.787955641746521,
                        -1.7580182552337646,
                        -1.2386952638626099
                    ]
                ]
            ],
            "states": [
                [
                    [
                        1.0,
                        120000.0,
                        729414.0,
                        60000.0,
                        1696698.0,
                        0.0,
                        11064698.0,
                        0.0
                    ],
                    [
                        1.0,
                        120000.0,
                        729414.0,
                        60000.0,
                        2426112.0,
                        0.0,
                        11066198.0,
                        0.0
                    ],
                    [
                        1.0,
                        120000.0,
                        729414.0,
                        60000.0,
                        3155526.0,
                        0.0,
                        11067698.0,
                        0.0
                    ],
                    [
                        0.0,
                        0.0,
                        222010400.0,
                        60000.0,
                        18001633280.0,
                        0.0,
                        10331613.0,
                        120.0
                    ],
                    [
                        0.0,
                        0.0,
                        222010400.0,
                        60000.0,
                        18223642624.0,
                        0.0,
                        10331665.0,
                        120.0
                    ],
                    [
                        1.0,
                        120000.0,
                        729414.0,
                        60000.0,
                        2426112.0,
                        0.0,
                        11066198.0,
                        0.0
                    ],
                    [
                        1.0,
                        120000.0,
                        729414.0,
                        60000.0,
                        3155526.0,
                        0.0,
                        11067698.0,
                        0.0
                    ],
                    [
                        0.0,
                        0.0,
                        222010400.0,
                        60000.0,
                        18001633280.0,
                        0.0,
                        10331613.0,
                        120.0
                    ],
                    [
                        0.0,
                        0.0,
                        222010400.0,
                        60000.0,
                        18223642624.0,
                        0.0,
                        10331665.0,
                        120.0
                    ],
                    [
                        0.0,
                        0.0,
                        222010400.0,
                        60000.0,
                        18445654016.0,
                        0.0,
                        10331729.0,
                        120.0
                    ],
                    [
                        0.0,
                        0.0,
                        93532320.0,
                        90000.0,
                        8378770944.0,
                        0.0,
                        11201253.0,
                        121.0
                    ],
                    [
                        0.0,
                        0.0,
                        93532320.0,
                        90000.0,
                        8472303104.0,
                        0.0,
                        11202753.0,
                        121.0
                    ],
                    [
                        0.0,
                        0.0,
                        93532320.0,
                        90000.0,
                        8565835264.0,
                        0.0,
                        11202805.0,
                        121.0
                    ],
                    [
                        0.0,
                        0.0,
                        93532320.0,
                        90000.0,
                        8659367936.0,
                        0.0,
                        11202857.0,
                        121.0
                    ],
                    [
                        0.0,
                        0.0,
                        93532320.0,
                        90000.0,
                        8752900096.0,
                        0.0,
                        11202909.0,
                        121.0
                    ],
                    [
                        0.0,
                        0.0,
                        93532320.0,
                        90000.0,
                        8472303104.0,
                        0.0,
                        11202753.0,
                        121.0
                    ],
                    [
                        0.0,
                        0.0,
                        93532320.0,
                        90000.0,
                        8565835264.0,
                        0.0,
                        11202805.0,
                        121.0
                    ],
                    [
                        0.0,
                        0.0,
                        93532320.0,
                        90000.0,
                        8659367936.0,
                        0.0,
                        11202857.0,
                        121.0
                    ],
                    [
                        0.0,
                        0.0,
                        93532320.0,
                        90000.0,
                        8752900096.0,
                        0.0,
                        11202909.0,
                        121.0
                    ],
                    [
                        0.0,
                        0.0,
                        93532320.0,
                        90000.0,
                        0.0,
                        0.0,
                        11202961.0,
                        121.0
                    ]
                ]
            ],
            "actions": [
                [
                    [
                        0.3333333432674408
                    ],
                    [
                        0.3333333432674408
                    ],
                    [
                        0.3333333432674408
                    ],
                    [
                        0.3333333432674408
                    ],
                    [
                        0.3333333432674408
                    ],
                    [
                        0.3333333432674408
                    ],
                    [
                        0.3333333432674408
                    ],
                    [
                        0.3333333432674408
                    ],
                    [
                        0.3333333432674408
                    ],
                    [
                        0.6666666865348816
                    ],
                    [
                        0.3333333432674408
                    ],
                    [
                        0.3333333432674408
                    ],
                    [
                        0.3333333432674408
                    ],
                    [
                        0.3333333432674408
                    ],
                    [
                        0.3333333432674408
                    ],
                    [
                        0.3333333432674408
                    ],
                    [
                        0.3333333432674408
                    ],
                    [
                        0.3333333432674408
                    ],
                    [
                        0.3333333432674408
                    ],
                    [
                        0.6666666865348816
                    ]
                ]
            ],
            "returns": [
                [
                    [
                        0.048124998807907104
                    ],
                    [
                        0.047874998301267624
                    ],
                    [
                        0.04762500151991844
                    ],
                    [
                        0.04737500101327896
                    ],
                    [
                        0.04712500050663948
                    ],
                    [
                        0.046875
                    ],
                    [
                        0.04662499949336052
                    ],
                    [
                        0.04637499898672104
                    ],
                    [
                        0.04612499848008156
                    ],
                    [
                        0.045875001698732376
                    ],
                    [
                        0.045625001192092896
                    ],
                    [
                        0.045249998569488525
                    ],
                    [
                        0.044874999672174454
                    ],
                    [
                        0.04450000077486038
                    ],
                    [
                        0.04412499815225601
                    ],
                    [
                        0.04374999925494194
                    ],
                    [
                        0.04337500035762787
                    ],
                    [
                        0.0430000014603138
                    ],
                    [
                        0.04262499883770943
                    ],
                    [
                        0.042249999940395355
                    ]
                ]
            ],
            "timesteps": [
                [
                    1260,
                    1261,
                    1262,
                    1263,
                    1264,
                    1265,
                    1266,
                    1267,
                    1268,
                    1269,
                    1270,
                    1271,
                    1272,
                    1273,
                    1274,
                    1275,
                    1276,
                    1277,
                    1278,
                    1279
                ]
            ],
            "labels": [
                [
                    0,
                    0,
                    0,
                    0,
                    0,
                    0,
                    0,
                    0,
                    0,
                    1,
                    0,
                    0,
                    0,
                    0,
                    0,
                    0,
                    0,
                    0,
                    0,
                    1
                ]
            ],
            "CPU Usage": 4.9,
            "RAM Usage": 17.4,
            "GPU Usage": 52.0,
            "VRAM Usage": 15400.0,
            "Disk Read Speed (MB/s)": 75057177.68652344,
            "Disk Write Speed (MB/s)": 506878239.19628906
        },
        {
            "step": 2,
            "train_loss": 0.015170102007687092,
            "actions_pred1": [
                [
                    [
                        3.638505458831787,
                        -1.6494981050491333,
                        -1.0439940690994263
                    ],
                    [
                        3.65329647064209,
                        -1.3187204599380493,
                        -0.6560773253440857
                    ],
                    [
                        3.7310123443603516,
                        -1.259825348854065,
                        -0.9063445329666138
                    ],
                    [
                        4.075564384460449,
                        -0.7001058459281921,
                        -0.6505793929100037
                    ],
                    [
                        4.227540969848633,
                        -0.62993985414505,
                        -0.6327158808708191
                    ],
                    [
                        3.976945638656616,
                        -1.156908631324768,
                        -0.40306320786476135
                    ],
                    [
                        4.717720985412598,
                        -0.7982998490333557,
                        -0.7197445034980774
                    ],
                    [
                        4.007978916168213,
                        -0.33419451117515564,
                        -0.2970951199531555
                    ],
                    [
                        4.076910972595215,
                        -1.248543381690979,
                        -0.6777765154838562
                    ],
                    [
                        -1.0356398820877075,
                        3.800816297531128,
                        -0.26584625244140625
                    ],
                    [
                        5.227717399597168,
                        -1.1093254089355469,
                        -0.6449540257453918
                    ],
                    [
                        4.344879627227783,
                        -0.6583642363548279,
                        -0.23878471553325653
                    ],
                    [
                        4.3790764808654785,
                        -0.07660474628210068,
                        -0.6581719517707825
                    ],
                    [
                        4.494922161102295,
                        -0.53635174036026,
                        -0.9050089120864868
                    ],
                    [
                        5.054780960083008,
                        -1.545196771621704,
                        -1.6329779624938965
                    ],
                    [
                        4.387711048126221,
                        -0.9819815754890442,
                        -0.25096577405929565
                    ],
                    [
                        3.833188533782959,
                        -1.4640767574310303,
                        -0.9160152673721313
                    ],
                    [
                        5.074995517730713,
                        -0.8985006213188171,
                        -1.6619298458099365
                    ],
                    [
                        4.773931980133057,
                        -0.6764760613441467,
                        0.0547572486102581
                    ],
                    [
                        4.101116180419922,
                        0.3103979825973511,
                        -0.585557758808136
                    ]
                ]
            ],
            "actions_pred": [
                [
                    [
                        3.638505458831787,
                        3.65329647064209,
                        3.7310123443603516,
                        4.075564384460449,
                        4.227540969848633,
                        3.976945638656616,
                        4.717720985412598,
                        4.007978916168213,
                        4.076910972595215,
                        -1.0356398820877075,
                        5.227717399597168,
                        4.344879627227783,
                        4.3790764808654785,
                        4.494922161102295,
