{
    "steps": [
        {
            "step": 0,
            "train_loss": 0.0042985910549759865,
            "actions_pred1": [
                [
                    [
                        4.335944652557373,
                        -0.6465156078338623,
                        -2.9665279388427734
                    ],
                    [
                        3.390875816345215,
                        -0.3548106551170349,
                        -2.6316189765930176
                    ],
                    [
                        2.8258790969848633,
                        -0.1160908117890358,
                        -2.2622056007385254
                    ],
                    [
                        2.6174840927124023,
                        0.3173319399356842,
                        -2.0965707302093506
                    ],
                    [
                        1.2740174531936646,
                        0.7743421792984009,
                        -1.8601126670837402
                    ],
                    [
                        3.1459014415740967,
                        -0.14231093227863312,
                        -2.417961597442627
                    ],
                    [
                        2.7564711570739746,
                        0.34018075466156006,
                        -2.17710018157959
                    ],
                    [
                        3.174003839492798,
                        0.06402240693569183,
                        -2.700910806655884
                    ],
                    [
                        2.9584877490997314,
                        0.22696124017238617,
                        -2.5598647594451904
                    ],
                    [
                        2.908444881439209,
                        0.3097529113292694,
                        -2.8313703536987305
                    ],
                    [
                        2.3052704334259033,
                        0.22785644233226776,
                        -2.573674201965332
                    ],
                    [
                        2.9908173084259033,
                        -0.17749431729316711,
                        -2.9969594478607178
                    ],
                    [
                        2.8014931678771973,
                        0.06547363847494125,
                        -2.590289831161499
                    ],
                    [
                        2.614291191101074,
                        0.20233558118343353,
                        -2.7214763164520264
                    ],
                    [
                        1.1394404172897339,
                        1.3058940172195435,
                        -2.328240394592285
                    ],
                    [
                        2.828306198120117,
                        -0.02127310074865818,
                        -2.6568286418914795
                    ],
                    [
                        3.0003750324249268,
                        -0.03522510081529617,
                        -2.3287699222564697
                    ],
                    [
                        2.7413055896759033,
                        -0.10285571962594986,
                        -2.9805567264556885
                    ],
                    [
                        2.9639744758605957,
                        0.0555763766169548,
                        -2.7928717136383057
                    ],
                    [
                        2.9095382690429688,
                        -0.029076064005494118,
                        -2.630131483078003
                    ]
                ]
            ],
            "actions_pred": [
                [
                    [
                        4.335944652557373,
                        3.390875816345215,
                        2.8258790969848633,
                        2.6174840927124023,
                        1.2740174531936646,
                        3.1459014415740967,
                        2.7564711570739746,
                        3.174003839492798,
                        2.9584877490997314,
                        2.908444881439209,
                        2.3052704334259033,
                        2.9908173084259033,
                        2.8014931678771973,
                        2.614291191101074,
                        1.1394404172897339,
                        2.828306198120117,
                        3.0003750324249268,
                        2.7413055896759033,
                        2.9639744758605957,
                        2.9095382690429688
                    ],
                    [
                        -0.6465156078338623,
                        -0.3548106551170349,
                        -0.1160908117890358,
                        0.3173319399356842,
                        0.7743421792984009,
                        -0.14231093227863312,
                        0.34018075466156006,
                        0.06402240693569183,
                        0.22696124017238617,
                        0.3097529113292694,
                        0.22785644233226776,
                        -0.17749431729316711,
                        0.06547363847494125,
                        0.20233558118343353,
                        1.3058940172195435,
                        -0.02127310074865818,
                        -0.03522510081529617,
                        -0.10285571962594986,
                        0.0555763766169548,
                        -0.029076064005494118
                    ],
                    [
                        -2.9665279388427734,
                        -2.6316189765930176,
                        -2.2622056007385254,
                        -2.0965707302093506,
                        -1.8601126670837402,
                        -2.417961597442627,
                        -2.17710018157959,
                        -2.700910806655884,
                        -2.5598647594451904,
                        -2.8313703536987305,
                        -2.573674201965332,
                        -2.9969594478607178,
                        -2.590289831161499,
                        -2.7214763164520264,
                        -2.328240394592285,
                        -2.6568286418914795,
                        -2.3287699222564697,
                        -2.9805567264556885,
                        -2.7928717136383057,
                        -2.630131483078003
                    ]
                ]
            ],
            "states": [
                [
                    [
                        1.0,
                        105000.0,
                        770046.0,
                        10000.0,
                        4537691.0,
                        0.0,
                        5967646.0,
                        0.0
                    ],
                    [
                        1.0,
                        105000.0,
                        770046.0,
                        10000.0,
                        5307737.0,
                        0.0,
                        5969146.0,
                        0.0
                    ],
                    [
                        1.0,
                        105000.0,
                        770046.0,
                        10000.0,
                        6077783.0,
                        0.0,
                        5970646.0,
                        0.0
                    ],
                    [
                        0.0,
                        0.0,
                        265718960.0,
                        60000.0,
                        2229099264.0,
                        0.0,
                        6558201.0,
                        73.0
                    ],
                    [
                        0.0,
                        0.0,
                        265718960.0,
                        60000.0,
                        0.0,
                        0.0,
                        6558253.0,
                        73.0
                    ],
                    [
                        0.0,
                        0.0,
                        265718960.0,
                        60000.0,
                        3188627456.0,
                        0.0,
                        6560501.0,
                        74.0
                    ],
                    [
                        0.0,
                        0.0,
                        265718960.0,
                        60000.0,
                        3454346496.0,
                        0.0,
                        6560581.0,
                        74.0
                    ],
                    [
                        0.0,
                        0.0,
                        265718960.0,
                        60000.0,
                        3720065536.0,
                        0.0,
                        6562081.0,
                        74.0
                    ],
                    [
                        0.0,
                        0.0,
                        265718960.0,
                        60000.0,
                        3985784320.0,
                        0.0,
                        6563581.0,
                        74.0
                    ],
                    [
                        0.0,
                        0.0,
                        265718960.0,
                        60000.0,
                        4251503360.0,
                        0.0,
                        6565081.0,
                        74.0
                    ],
                    [
                        0.0,
                        0.0,
                        265718960.0,
                        60000.0,
                        3454346496.0,
                        0.0,
                        6560581.0,
                        74.0
                    ],
                    [
                        0.0,
                        0.0,
                        265718960.0,
                        60000.0,
                        3720065536.0,
                        0.0,
                        6562081.0,
                        74.0
                    ],
                    [
                        0.0,
                        0.0,
                        265718960.0,
                        60000.0,
                        3985784320.0,
                        0.0,
                        6563581.0,
                        74.0
                    ],
                    [
                        0.0,
                        0.0,
                        265718960.0,
                        60000.0,
                        4251503360.0,
                        0.0,
                        6565081.0,
                        74.0
                    ],
                    [
                        0.0,
                        0.0,
                        265718960.0,
                        60000.0,
                        0.0,
                        0.0,
                        6566581.0,
                        74.0
                    ],
                    [
                        0.0,
                        0.0,
                        279140736.0,
                        50000.0,
                        14234931200.0,
                        0.0,
                        6609845.0,
                        75.0
                    ],
                    [
                        0.0,
                        0.0,
                        279140736.0,
                        50000.0,
                        14514072576.0,
                        0.0,
                        6609909.0,
                        75.0
                    ],
                    [
                        1.0,
                        60000.0,
                        30146.0,
                        40000.0,
                        453500.0,
                        0.0,
                        6017146.0,
                        0.0
                    ],
                    [
                        1.0,
                        60000.0,
                        30146.0,
                        40000.0,
                        483646.0,
                        0.0,
                        6018646.0,
                        0.0
                    ],
                    [
                        1.0,
                        60000.0,
                        30146.0,
                        40000.0,
                        513792.0,
                        0.0,
                        6020146.0,
                        0.0
                    ]
                ]
            ],
            "actions": [
                [
                    [
                        0.3333333432674408
                    ],
                    [
                        0.3333333432674408
                    ],
                    [
                        0.3333333432674408
                    ],
                    [
                        0.3333333432674408
                    ],
                    [
                        0.6666666865348816
                    ],
                    [
                        0.3333333432674408
                    ],
                    [
                        0.3333333432674408
                    ],
                    [
                        0.3333333432674408
                    ],
                    [
                        0.3333333432674408
                    ],
                    [
                        0.3333333432674408
                    ],
                    [
                        0.3333333432674408
                    ],
                    [
                        0.3333333432674408
                    ],
                    [
                        0.3333333432674408
                    ],
                    [
                        0.3333333432674408
                    ],
                    [
                        0.6666666865348816
                    ],
                    [
                        0.3333333432674408
                    ],
                    [
                        0.3333333432674408
                    ],
                    [
                        0.3333333432674408
                    ],
                    [
                        0.3333333432674408
                    ],
                    [
                        0.3333333432674408
                    ]
                ]
            ],
            "returns": [
                [
                    [
                        0.2357083261013031
                    ],
                    [
                        0.2356666624546051
                    ],
                    [
                        0.2356249988079071
                    ],
                    [
                        0.2355833351612091
                    ],
                    [
                        0.23533333837985992
                    ],
                    [
                        0.23508332669734955
                    ],
                    [
                        0.23483332991600037
                    ],
                    [
                        0.23458333313465118
                    ],
                    [
                        0.234333336353302
                    ],
                    [
                        0.23408333957195282
                    ],
                    [
                        0.23383332788944244
                    ],
                    [
                        0.23358333110809326
                    ],
                    [
                        0.23333333432674408
                    ],
                    [
                        0.2330833375453949
                    ],
                    [
                        0.23283334076404572
                    ],
                    [
                        0.23258332908153534
                    ],
                    [
                        0.23237499594688416
                    ],
                    [
                        0.23216666281223297
                    ],
                    [
                        0.23199999332427979
                    ],
                    [
                        0.2318333387374878
                    ]
                ]
            ],
            "timesteps": [
                [
                    740,
                    741,
                    742,
                    743,
                    744,
                    745,
                    746,
                    747,
                    748,
                    749,
                    750,
                    751,
                    752,
                    753,
                    754,
                    755,
                    756,
                    757,
                    758,
                    759
                ]
            ],
            "labels": [
                [
                    0,
                    0,
                    0,
                    0,
                    1,
                    0,
                    0,
                    0,
                    0,
                    0,
                    0,
                    0,
                    0,
                    0,
                    1,
                    0,
                    0,
                    0,
                    0,
                    0
                ]
            ],
            "CPU Usage": 11.0,
            "RAM Usage": 17.5,
            "GPU Usage": 42.0,
            "VRAM Usage": 15400.0,
            "Disk Read Speed (MB/s)": 75057177.68652344,
            "Disk Write Speed (MB/s)": 506878137.9892578
        },
        {
            "step": 1,
            "train_loss": 0.00751104112714529,
            "actions_pred1": [
                [
                    [
                        2.4940505027770996,
                        0.1778089702129364,
                        -2.5389564037323
                    ],
                    [
                        2.1782846450805664,
                        0.15933245420455933,
                        -2.3465464115142822
                    ],
                    [
                        2.3087027072906494,
                        0.31856784224510193,
                        -2.156496524810791
                    ],
                    [
                        2.558783769607544,
                        0.06493538618087769,
                        -1.950050950050354
                    ],
                    [
                        2.743417739868164,
                        -0.10768347233533859,
                        -2.2288568019866943
                    ],
                    [
                        2.7454452514648438,
                        0.6005148887634277,
                        -2.1089375019073486
                    ],
                    [
                        2.822981595993042,
                        0.3024587333202362,
                        -2.335329294204712
                    ],
                    [
                        3.021156072616577,
                        0.16417835652828217,
                        -2.1666343212127686
                    ],
                    [
                        2.767390012741089,
                        0.2962873578071594,
                        -2.432910919189453
                    ],
                    [
                        2.6318206787109375,
                        0.3049653470516205,
                        -2.2843985557556152
                    ],
                    [
                        2.769892692565918,
                        0.16498391330242157,
                        -2.1620802879333496
                    ],
                    [
                        2.8680078983306885,
                        0.1366705447435379,
                        -2.4565377235412598
                    ],
                    [
                        3.0206568241119385,
                        0.2886464297771454,
                        -2.417635679244995
                    ],
                    [
                        2.62101674079895,
                        0.11190318316221237,
                        -2.5846164226531982
                    ],
                    [
                        2.4161500930786133,
                        0.21358683705329895,
                        -2.4290921688079834
                    ],
                    [
                        2.5823261737823486,
                        0.24591423571109772,
                        -2.783357858657837
                    ],
                    [
                        2.8093090057373047,
                        0.19329138100147247,
                        -2.5439815521240234
                    ],
                    [
                        3.064380645751953,
                        0.09206422418355942,
                        -2.8872904777526855
                    ],
                    [
                        2.829463243484497,
                        0.27448126673698425,
                        -2.6862270832061768
                    ],
                    [
                        1.5492132902145386,
                        1.3660491704940796,
                        -2.554478883743286
                    ]
                ]
            ],
            "actions_pred": [
                [
                    [
                        2.4940505027770996,
                        2.1782846450805664,
                        2.3087027072906494,
                        2.558783769607544,
                        2.743417739868164,
                        2.7454452514648438,
                        2.822981595993042,
                        3.021156072616577,
                        2.767390012741089,
                        2.6318206787109375,
                        2.769892692565918,
                        2.8680078983306885,
                        3.0206568241119385,
                        2.62101674079895,
                        2.4161500930786133,
                        2.5823261737823486,
                        2.8093090057373047,
                        3.064380645751953,
                        2.829463243484497,
                        1.5492132902145386
                    ],
                    [
                        0.1778089702129364,
                        0.15933245420455933,
                        0.31856784224510193,
                        0.06493538618087769,
                        -0.10768347233533859,
                        0.6005148887634277,
                        0.3024587333202362,
                        0.16417835652828217,
                        0.2962873578071594,
                        0.3049653470516205,
                        0.16498391330242157,
                        0.1366705447435379,
                        0.2886464297771454,
                        0.11190318316221237,
                        0.21358683705329895,
                        0.24591423571109772,
                        0.19329138100147247,
                        0.09206422418355942,
                        0.27448126673698425,
                        1.3660491704940796
                    ],
                    [
                        -2.5389564037323,
                        -2.3465464115142822,
                        -2.156496524810791,
                        -1.950050950050354,
                        -2.2288568019866943,
                        -2.1089375019073486,
                        -2.335329294204712,
                        -2.1666343212127686,
                        -2.432910919189453,
                        -2.2843985557556152,
                        -2.1620802879333496,
                        -2.4565377235412598,
                        -2.417635679244995,
                        -2.5846164226531982,
                        -2.4290921688079834,
                        -2.783357858657837,
                        -2.5439815521240234,
                        -2.8872904777526855,
                        -2.6862270832061768,
                        -2.554478883743286
                    ]
                ]
            ],
            "states": [
                [
                    [
                        0.0,
                        0.0,
                        326029120.0,
                        100000.0,
                        16889209856.0,
                        0.0,
                        10277805.0,
                        118.0
                    ],
                    [
                        0.0,
                        0.0,
                        326029120.0,
                        100000.0,
                        17215240192.0,
                        0.0,
                        10277857.0,
                        118.0
                    ],
                    [
                        0.0,
                        0.0,
                        326029120.0,
                        100000.0,
                        17541269504.0,
                        0.0,
                        10277909.0,
                        118.0
                    ],
                    [
                        0.0,
                        0.0,
                        326029120.0,
                        100000.0,
                        17867296768.0,
                        0.0,
                        10277961.0,
                        118.0
                    ],
                    [
                        0.0,
                        0.0,
                        326029120.0,
                        100000.0,
                        18193326080.0,
                        0.0,
                        10278013.0,
                        118.0
                    ],
                    [
                        0.0,
                        0.0,
                        326029120.0,
                        100000.0,
                        17215240192.0,
                        0.0,
                        10277857.0,
                        118.0
                    ],
                    [
                        0.0,
                        0.0,
                        326029120.0,
                        100000.0,
                        17541269504.0,
                        0.0,
                        10277909.0,
                        118.0
                    ],
                    [
                        0.0,
                        0.0,
                        326029120.0,
                        100000.0,
                        17867296768.0,
                        0.0,
                        10277961.0,
                        118.0
                    ],
                    [
                        0.0,
                        0.0,
                        326029120.0,
                        100000.0,
                        18193326080.0,
                        0.0,
                        10278013.0,
                        118.0
                    ],
                    [
                        0.0,
                        0.0,
                        326029120.0,
                        100000.0,
                        18519355392.0,
                        0.0,
                        10278065.0,
                        118.0
                    ],
                    [
                        0.0,
                        0.0,
                        355557024.0,
                        100000.0,
                        13379393536.0,
                        0.0,
                        10287661.0,
                        119.0
                    ],
                    [
                        0.0,
                        0.0,
                        355557024.0,
                        100000.0,
                        13734950912.0,
                        0.0,
                        10289161.0,
                        119.0
                    ],
                    [
                        0.0,
                        0.0,
                        355557024.0,
                        110000.0,
                        14090508288.0,
                        0.0,
                        10289213.0,
                        119.0
                    ],
                    [
                        0.0,
                        0.0,
                        355557024.0,
                        110000.0,
                        14446064640.0,
                        0.0,
                        10289265.0,
                        119.0
                    ],
                    [
                        0.0,
                        0.0,
                        355557024.0,
                        110000.0,
                        14801622016.0,
                        0.0,
                        10289317.0,
                        119.0
                    ],
                    [
                        0.0,
                        0.0,
                        355557024.0,
                        100000.0,
                        13734950912.0,
                        0.0,
                        10289161.0,
                        119.0
                    ],
                    [
                        0.0,
                        0.0,
                        355557024.0,
                        110000.0,
                        14090508288.0,
                        0.0,
                        10289213.0,
                        119.0
                    ],
                    [
                        0.0,
                        0.0,
                        355557024.0,
                        110000.0,
                        14446064640.0,
                        0.0,
                        10289265.0,
                        119.0
                    ],
                    [
                        0.0,
                        0.0,
                        355557024.0,
                        110000.0,
                        14801622016.0,
                        0.0,
                        10289317.0,
                        119.0
                    ],
                    [
                        0.0,
                        0.0,
                        355557024.0,
                        110000.0,
                        0.0,
                        0.0,
                        10290817.0,
                        119.0
                    ]
                ]
            ],
            "actions": [
                [
                    [
                        0.3333333432674408
                    ],
                    [
                        0.3333333432674408
                    ],
                    [
                        0.3333333432674408
                    ],
                    [
                        0.3333333432674408
                    ],
                    [
                        0.3333333432674408
                    ],
                    [
                        0.3333333432674408
                    ],
                    [
                        0.3333333432674408
                    ],
                    [
                        0.3333333432674408
                    ],
                    [
                        0.3333333432674408
                    ],
                    [
                        0.6666666865348816
                    ],
                    [
                        0.3333333432674408
                    ],
                    [
                        0.3333333432674408
                    ],
                    [
                        0.3333333432674408
                    ],
                    [
                        0.3333333432674408
                    ],
                    [
                        0.3333333432674408
                    ],
                    [
                        0.3333333432674408
                    ],
                    [
                        0.3333333432674408
                    ],
                    [
                        0.3333333432674408
                    ],
                    [
                        0.3333333432674408
                    ],
                    [
                        0.6666666865348816
                    ]
                ]
            ],
            "returns": [
                [
                    [
                        0.05674999952316284
                    ],
                    [
                        0.056333333253860474
                    ],
                    [
                        0.055916666984558105
                    ],
                    [
                        0.05550000071525574
                    ],
                    [
                        0.05508333444595337
                    ],
                    [
                        0.054666668176651
                    ],
                    [
                        0.054249998182058334
                    ],
                    [
                        0.053833331912755966
                    ],
                    [
                        0.0534166656434536
                    ],
                    [
                        0.05299999937415123
                    ],
                    [
                        0.05258333310484886
                    ],
                    [
                        0.052166666835546494
                    ],
                    [
                        0.051750000566244125
                    ],
                    [
                        0.05129166692495346
                    ],
                    [
                        0.050833333283662796
                    ],
                    [
                        0.05037499964237213
                    ],
                    [
                        0.04995833337306976
                    ],
                    [
                        0.0494999997317791
                    ],
                    [
                        0.049041666090488434
                    ],
                    [
                        0.04858333244919777
                    ]
                ]
            ],
            "timesteps": [
                [
                    1240,
                    1241,
                    1242,
                    1243,
                    1244,
                    1245,
                    1246,
                    1247,
                    1248,
                    1249,
                    1250,
                    1251,
                    1252,
                    1253,
                    1254,
                    1255,
                    1256,
                    1257,
                    1258,
                    1259
                ]
            ],
            "labels": [
                [
                    0,
                    0,
                    0,
                    0,
                    0,
                    0,
                    0,
                    0,
                    0,
                    1,
                    0,
                    0,
                    0,
                    0,
                    0,
                    0,
                    0,
                    0,
                    0,
                    1
                ]
            ],
            "CPU Usage": 14.5,
            "RAM Usage": 17.5,
            "GPU Usage": 81.0,
            "VRAM Usage": 15400.0,
            "Disk Read Speed (MB/s)": 75057177.68652344,
            "Disk Write Speed (MB/s)": 506878137.9892578
        },
        {
            "step": 2,
            "train_loss": 0.007041589356958866,
            "actions_pred1": [
                [
                    [
                        3.237513542175293,
                        -0.9986586570739746,
                        -2.8428144454956055
                    ],
                    [
                        2.828701972961426,
                        -0.8261299729347229,
                        -2.5354597568511963
                    ],
                    [
                        2.6187920570373535,
                        -0.41856029629707336,
                        -2.7722954750061035
                    ],
                    [
                        2.5357065200805664,
                        -0.25759729743003845,
                        -2.5548062324523926
                    ],
                    [
                        1.1501673460006714,
                        0.9667171835899353,
                        -2.498382329940796
                    ],
                    [
                        2.3889458179473877,
                        0.21963050961494446,
                        -2.7478976249694824
                    ],
                    [
                        2.8183319568634033,
                        -0.10467588156461716,
                        -2.6719632148742676
                    ],
                    [
                        2.654572010040283,
                        -0.029086420312523842,
                        -2.305070638656616
                    ],
                    [
                        2.776557207107544,
                        -0.5366427898406982,
                        -2.6476638317108154
                    ],
                    [
                        2.6347463130950928,
                        0.028664669021964073,
                        -2.268555164337158
                    ],
                    [
                        2.576087236404419,
                        -0.08054695278406143,
                        -2.605239152908325
                    ],
                    [
                        2.763982057571411,
                        0.15216630697250366,
                        -2.64083194732666
                    ],
                    [
                        2.8761351108551025,
                        0.051723383367061615,
                        -2.4485585689544678
                    ],
                    [
                        2.702409505844116,
                        -0.16872194409370422,
                        -2.6997270584106445
                    ],
                    [
                        2.5017194747924805,
                        -0.024056607857346535,
                        -2.4456450939178467
                    ],
                    [
                        2.8030166625976562,
                        0.14311936497688293,
                        -2.1933305263519287
                    ],
                    [
                        3.015130043029785,
                        0.13227114081382751,
                        -2.623325824737549
                    ],
                    [
                        2.767686605453491,
                        0.13529635965824127,
                        -2.3393640518188477
                    ],
                    [
                        3.0508534908294678,
                        -0.07795285433530807,
                        -2.4552998542785645
                    ],
                    [
                        3.269989013671875,
                        0.19213929772377014,
                        -2.730674982070923
                    ]
                ]
            ],
            "actions_pred": [
                [
                    [
                        3.237513542175293,
                        2.828701972961426,
                        2.6187920570373535,
                        2.5357065200805664,
                        1.1501673460006714,
                        2.3889458179473877,
                        2.8183319568634033,
                        2.654572010040283,
                        2.776557207107544,
                        2.6347463130950928,
                        2.576087236404419,
                        2.763982057571411,
                        2.8761351108551025,
