{
    "steps": [
        {
            "step": 0,
            "train_loss": 0.030703837051987648,
            "actions_pred1": [
                [
                    [
                        -0.24039724469184875,
                        0.4351241886615753,
                        -0.060952022671699524
                    ],
                    [
                        0.00014248769730329514,
                        0.46187520027160645,
                        -0.09904051572084427
                    ],
                    [
                        0.2115415632724762,
                        0.4903087913990021,
                        -0.14412438869476318
                    ],
                    [
                        0.31371060013771057,
                        0.4420573115348816,
                        -0.011656416580080986
                    ],
                    [
                        0.01367213111370802,
                        0.4832770526409149,
                        -0.015724940225481987
                    ],
                    [
                        0.7432242631912231,
                        0.17315271496772766,
                        -0.11004127562046051
                    ],
                    [
                        0.24639353156089783,
                        0.33939746022224426,
                        -0.1652175635099411
                    ],
                    [
                        0.377918541431427,
                        0.3876672685146332,
                        -0.11212427914142609
                    ],
                    [
                        0.24708214402198792,
                        0.2481112778186798,
                        -0.24138201773166656
                    ],
                    [
                        0.367269903421402,
                        0.26281461119651794,
                        -0.3763488233089447
                    ],
                    [
                        0.5064675807952881,
                        0.3173685073852539,
                        -0.48561859130859375
                    ],
                    [
                        0.36616140604019165,
                        0.6213811635971069,
                        -0.5943846106529236
                    ],
                    [
                        0.3973175585269928,
                        0.46294665336608887,
                        -0.2680113613605499
                    ],
                    [
                        0.3363979160785675,
                        0.5583221912384033,
                        -0.3385731279850006
                    ],
                    [
                        0.4311138093471527,
                        0.24641695618629456,
                        -0.17742939293384552
                    ],
                    [
                        0.16655170917510986,
                        0.3244175612926483,
                        -0.25632965564727783
                    ],
                    [
                        0.15347948670387268,
                        0.374882310628891,
                        -0.41389018297195435
                    ],
                    [
                        0.42013242840766907,
                        0.31558769941329956,
                        -0.04962792247533798
                    ],
                    [
                        0.34989872574806213,
                        0.32612401247024536,
                        -0.3510492742061615
                    ],
                    [
                        0.3711094558238983,
                        0.13999053835868835,
                        -0.323343962430954
                    ]
                ]
            ],
            "actions_pred": [
                [
                    [
                        -0.24039724469184875,
                        0.00014248769730329514,
                        0.2115415632724762,
                        0.31371060013771057,
                        0.01367213111370802,
                        0.7432242631912231,
                        0.24639353156089783,
                        0.377918541431427,
                        0.24708214402198792,
                        0.367269903421402,
                        0.5064675807952881,
                        0.36616140604019165,
                        0.3973175585269928,
                        0.3363979160785675,
                        0.4311138093471527,
                        0.16655170917510986,
                        0.15347948670387268,
                        0.42013242840766907,
                        0.34989872574806213,
                        0.3711094558238983
                    ],
                    [
                        0.4351241886615753,
                        0.46187520027160645,
                        0.4903087913990021,
                        0.4420573115348816,
                        0.4832770526409149,
                        0.17315271496772766,
                        0.33939746022224426,
                        0.3876672685146332,
                        0.2481112778186798,
                        0.26281461119651794,
                        0.3173685073852539,
                        0.6213811635971069,
                        0.46294665336608887,
                        0.5583221912384033,
                        0.24641695618629456,
                        0.3244175612926483,
                        0.374882310628891,
                        0.31558769941329956,
                        0.32612401247024536,
                        0.13999053835868835
                    ],
                    [
                        -0.060952022671699524,
                        -0.09904051572084427,
                        -0.14412438869476318,
                        -0.011656416580080986,
                        -0.015724940225481987,
                        -0.11004127562046051,
                        -0.1652175635099411,
                        -0.11212427914142609,
                        -0.24138201773166656,
                        -0.3763488233089447,
                        -0.48561859130859375,
                        -0.5943846106529236,
                        -0.2680113613605499,
                        -0.3385731279850006,
                        -0.17742939293384552,
                        -0.25632965564727783,
                        -0.41389018297195435,
                        -0.04962792247533798,
                        -0.3510492742061615,
                        -0.323343962430954
                    ]
                ]
            ],
            "states": [
                [
                    [
                        1.0,
                        150000.0,
                        0.0,
                        30000.0,
                        0.0,
                        0.0,
                        2469646.0,
                        0.0
                    ],
                    [
                        0.0,
                        0.0,
                        565219776.0,
                        110000.0,
                        2248799488.0,
                        0.0,
                        3414469.0,
                        31.0
                    ],
                    [
                        1.0,
                        150000.0,
                        0.0,
                        30000.0,
                        0.0,
                        0.0,
                        2471146.0,
                        0.0
                    ],
                    [
                        0.0,
                        0.0,
                        565219776.0,
                        110000.0,
                        2814019328.0,
                        0.0,
                        3414541.0,
                        31.0
                    ],
                    [
                        0.0,
                        0.0,
                        565219776.0,
                        110000.0,
                        0.0,
                        0.0,
                        3416041.0,
                        31.0
                    ],
                    [
                        0.0,
                        0.0,
                        503479648.0,
                        90000.0,
                        6422934016.0,
                        0.0,
                        3416693.0,
                        32.0
                    ],
                    [
                        0.0,
                        0.0,
                        503479648.0,
                        90000.0,
                        6926413824.0,
                        0.0,
                        3416745.0,
                        32.0
                    ],
                    [
                        0.0,
                        0.0,
                        503479648.0,
                        90000.0,
                        7429893120.0,
                        0.0,
                        3416797.0,
                        32.0
                    ],
                    [
                        0.0,
                        0.0,
                        503479648.0,
                        90000.0,
                        7933372928.0,
                        0.0,
                        3416849.0,
                        32.0
                    ],
                    [
                        0.0,
                        0.0,
                        503479648.0,
                        90000.0,
                        8436852736.0,
                        0.0,
                        3416901.0,
                        32.0
                    ],
                    [
                        0.0,
                        0.0,
                        503479648.0,
                        90000.0,
                        6926413824.0,
                        0.0,
                        3416745.0,
                        32.0
                    ],
                    [
                        0.0,
                        0.0,
                        503479648.0,
                        90000.0,
                        7429893120.0,
                        0.0,
                        3416797.0,
                        32.0
                    ],
                    [
                        0.0,
                        0.0,
                        503479648.0,
                        90000.0,
                        7933372928.0,
                        0.0,
                        3416849.0,
                        32.0
                    ],
                    [
                        0.0,
                        0.0,
                        503479648.0,
                        90000.0,
                        8436852736.0,
                        0.0,
                        3416901.0,
                        32.0
                    ],
                    [
                        0.0,
                        0.0,
                        503479648.0,
                        90000.0,
                        0.0,
                        0.0,
                        3416953.0,
                        32.0
                    ],
                    [
                        0.0,
                        0.0,
                        546429312.0,
                        120000.0,
                        11837729792.0,
                        0.0,
                        3418485.0,
                        33.0
                    ],
                    [
                        0.0,
                        0.0,
                        546429312.0,
                        120000.0,
                        12384158720.0,
                        0.0,
                        3418557.0,
                        33.0
                    ],
                    [
                        0.0,
                        0.0,
                        546429312.0,
                        120000.0,
                        12930588672.0,
                        0.0,
                        3418629.0,
                        33.0
                    ],
                    [
                        0.0,
                        0.0,
                        546429312.0,
                        120000.0,
                        13477017600.0,
                        0.0,
                        3418709.0,
                        33.0
                    ],
                    [
                        0.0,
                        0.0,
                        546429312.0,
                        120000.0,
                        14023446528.0,
                        0.0,
                        3418761.0,
                        33.0
                    ]
                ]
            ],
            "actions": [
                [
                    [
                        0.3333333432674408
                    ],
                    [
                        0.3333333432674408
                    ],
                    [
                        0.3333333432674408
                    ],
                    [
                        0.3333333432674408
                    ],
                    [
                        0.6666666865348816
                    ],
                    [
                        0.3333333432674408
                    ],
                    [
                        0.3333333432674408
                    ],
                    [
                        0.3333333432674408
                    ],
                    [
                        0.3333333432674408
                    ],
                    [
                        0.3333333432674408
                    ],
                    [
                        0.3333333432674408
                    ],
                    [
                        0.3333333432674408
                    ],
                    [
                        0.3333333432674408
                    ],
                    [
                        0.3333333432674408
                    ],
                    [
                        0.6666666865348816
                    ],
                    [
                        0.3333333432674408
                    ],
                    [
                        0.3333333432674408
                    ],
                    [
                        0.3333333432674408
                    ],
                    [
                        0.3333333432674408
                    ],
                    [
                        0.3333333432674408
                    ]
                ]
            ],
            "returns": [
                [
                    [
                        0.44316667318344116
                    ],
                    [
                        0.4430416524410248
                    ],
                    [
                        0.4425833225250244
                    ],
                    [
                        0.4424583315849304
                    ],
                    [
                        0.44200000166893005
                    ],
                    [
                        0.4415416717529297
                    ],
                    [
                        0.4411666691303253
                    ],
                    [
                        0.44079166650772095
                    ],
                    [
                        0.4404166638851166
                    ],
                    [
                        0.4400416612625122
                    ],
                    [
                        0.43966665863990784
                    ],
                    [
                        0.43929165601730347
                    ],
                    [
                        0.4389166533946991
                    ],
                    [
                        0.4385416805744171
                    ],
                    [
                        0.43816667795181274
                    ],
                    [
                        0.4377916753292084
                    ],
                    [
                        0.4372916519641876
                    ],
                    [
                        0.43679165840148926
                    ],
                    [
                        0.4362916648387909
                    ],
                    [
                        0.43579167127609253
                    ]
                ]
            ],
            "timesteps": [
                [
                    320,
                    321,
                    322,
                    323,
                    324,
                    325,
                    326,
                    327,
                    328,
                    329,
                    330,
                    331,
                    332,
                    333,
                    334,
                    335,
                    336,
                    337,
                    338,
                    339
                ]
            ],
            "labels": [
                [
                    0,
                    0,
                    0,
                    0,
                    1,
                    0,
                    0,
                    0,
                    0,
                    0,
                    0,
                    0,
                    0,
                    0,
                    1,
                    0,
                    0,
                    0,
                    0,
                    0
                ]
            ],
            "CPU Usage": 4.9,
            "RAM Usage": 17.4,
            "GPU Usage": 42.0,
            "VRAM Usage": 15400.0,
            "Disk Read Speed (MB/s)": 75057177.68652344,
            "Disk Write Speed (MB/s)": 506877914.9033203
        },
        {
            "step": 1,
            "train_loss": 0.03473260998725891,
            "actions_pred1": [
                [
                    [
                        0.305756151676178,
                        0.4173750579357147,
                        -0.2815312147140503
                    ],
                    [
                        0.16944321990013123,
                        0.44932854175567627,
                        -0.10431522130966187
                    ],
                    [
                        0.0936092734336853,
                        0.6408941149711609,
                        -0.08432096242904663
                    ],
                    [
                        -0.07266125082969666,
                        0.6974505186080933,
                        -0.5126784443855286
                    ],
                    [
                        0.027241472154855728,
                        0.5381321310997009,
                        -0.14597271382808685
                    ],
                    [
                        0.2204044759273529,
                        0.549120306968689,
                        -0.24458058178424835
                    ],
                    [
                        0.2070169597864151,
                        0.5137515068054199,
                        -0.33367371559143066
                    ],
                    [
                        0.023598674684762955,
                        0.40914466977119446,
                        -0.09802475571632385
                    ],
                    [
                        -0.0990714281797409,
                        0.46291834115982056,
                        -0.19699962437152863
                    ],
                    [
                        0.04294571653008461,
                        0.44249969720840454,
                        0.033144667744636536
                    ],
                    [
                        0.0954732894897461,
                        0.545211911201477,
                        -0.25096458196640015
                    ],
                    [
                        -0.047669123858213425,
                        0.42488881945610046,
                        -0.14644035696983337
                    ],
                    [
                        0.09035375714302063,
                        0.39729759097099304,
                        -0.0016027521342039108
                    ],
                    [
                        0.2054883986711502,
                        0.6474586129188538,
                        -0.17622508108615875
                    ],
                    [
                        0.446639746427536,
                        0.38424667716026306,
                        -0.2212156504392624
                    ],
                    [
                        0.36143985390663147,
                        0.3379039764404297,
                        -0.1499612182378769
                    ],
                    [
                        0.259029746055603,
                        0.38707655668258667,
                        -0.17226694524288177
                    ],
                    [
                        0.34789469838142395,
                        0.5341382026672363,
                        -0.2548809051513672
                    ],
                    [
                        0.08420546352863312,
                        0.3294558823108673,
                        -0.15024887025356293
                    ],
                    [
                        0.4528944194316864,
                        0.2754351794719696,
                        0.12333382666110992
                    ]
                ]
            ],
            "actions_pred": [
                [
                    [
                        0.305756151676178,
                        0.16944321990013123,
                        0.0936092734336853,
                        -0.07266125082969666,
                        0.027241472154855728,
                        0.2204044759273529,
                        0.2070169597864151,
                        0.023598674684762955,
                        -0.0990714281797409,
                        0.04294571653008461,
                        0.0954732894897461,
                        -0.047669123858213425,
                        0.09035375714302063,
                        0.2054883986711502,
                        0.446639746427536,
                        0.36143985390663147,
                        0.259029746055603,
                        0.34789469838142395,
                        0.08420546352863312,
                        0.4528944194316864
                    ],
                    [
                        0.4173750579357147,
                        0.44932854175567627,
                        0.6408941149711609,
                        0.6974505186080933,
                        0.5381321310997009,
                        0.549120306968689,
                        0.5137515068054199,
                        0.40914466977119446,
                        0.46291834115982056,
                        0.44249969720840454,
                        0.545211911201477,
                        0.42488881945610046,
                        0.39729759097099304,
                        0.6474586129188538,
                        0.38424667716026306,
                        0.3379039764404297,
                        0.38707655668258667,
                        0.5341382026672363,
                        0.3294558823108673,
                        0.2754351794719696
                    ],
                    [
                        -0.2815312147140503,
                        -0.10431522130966187,
                        -0.08432096242904663,
                        -0.5126784443855286,
                        -0.14597271382808685,
                        -0.24458058178424835,
                        -0.33367371559143066,
                        -0.09802475571632385,
                        -0.19699962437152863,
                        0.033144667744636536,
                        -0.25096458196640015,
                        -0.14644035696983337,
                        -0.0016027521342039108,
                        -0.17622508108615875,
                        -0.2212156504392624,
                        -0.1499612182378769,
                        -0.17226694524288177,
                        -0.2548809051513672,
                        -0.15024887025356293,
                        0.12333382666110992
                    ]
                ]
            ],
            "states": [
                [
                    [
                        1.0,
                        0.0,
                        3228302.0,
                        80000.0,
                        54889640.0,
                        0.0,
                        6126646.0,
                        0.0
                    ],
                    [
                        0.0,
                        0.0,
                        508653056.0,
                        130000.0,
                        14240621568.0,
                        0.0,
                        6650849.0,
                        77.0
                    ],
                    [
                        1.0,
                        0.0,
                        3228302.0,
                        80000.0,
                        58117940.0,
                        0.0,
                        6128146.0,
                        0.0
                    ],
                    [
                        0.0,
                        0.0,
                        508653056.0,
                        130000.0,
                        14749275136.0,
                        0.0,
                        6650901.0,
                        77.0
                    ],
                    [
                        0.0,
                        0.0,
                        508653056.0,
                        130000.0,
                        0.0,
                        0.0,
                        6650981.0,
                        77.0
                    ],
                    [
                        0.0,
                        0.0,
                        508653056.0,
                        130000.0,
                        508653056.0,
                        0.0,
                        6651061.0,
                        78.0
                    ],
                    [
                        0.0,
                        0.0,
                        508653056.0,
                        130000.0,
                        1017306112.0,
                        0.0,
                        6651141.0,
                        78.0
                    ],
                    [
                        0.0,
                        0.0,
                        508653056.0,
                        130000.0,
                        1525959168.0,
                        0.0,
                        6651193.0,
                        78.0
                    ],
                    [
                        0.0,
                        0.0,
                        508653056.0,
                        130000.0,
                        2034612224.0,
                        0.0,
                        6651245.0,
                        78.0
                    ],
                    [
                        0.0,
                        0.0,
                        508653056.0,
                        130000.0,
                        2543265280.0,
                        0.0,
                        6651297.0,
                        78.0
                    ],
                    [
                        0.0,
                        0.0,
                        508653056.0,
                        130000.0,
                        1017306112.0,
                        0.0,
                        6651141.0,
                        78.0
                    ],
                    [
                        0.0,
                        0.0,
                        508653056.0,
                        130000.0,
                        1525959168.0,
                        0.0,
                        6651193.0,
                        78.0
                    ],
                    [
                        0.0,
                        0.0,
                        508653056.0,
                        130000.0,
                        2034612224.0,
                        0.0,
                        6651245.0,
                        78.0
                    ],
                    [
                        0.0,
                        0.0,
                        508653056.0,
                        130000.0,
                        2543265280.0,
                        0.0,
                        6651297.0,
                        78.0
                    ],
                    [
                        0.0,
                        0.0,
                        508653056.0,
                        130000.0,
                        0.0,
                        0.0,
                        6651369.0,
                        78.0
                    ],
                    [
                        0.0,
                        0.0,
                        508653056.0,
                        130000.0,
                        0.0,
                        0.0,
                        6651369.0,
                        78.0
                    ],
                    [
                        0.0,
                        0.0,
                        508653056.0,
                        140000.0,
                        508653056.0,
                        0.0,
                        6651421.0,
                        79.0
                    ],
                    [
                        0.0,
                        0.0,
                        551602688.0,
                        140000.0,
                        1060255744.0,
                        0.0,
                        6651473.0,
                        79.0
                    ],
                    [
                        0.0,
                        0.0,
                        551602688.0,
                        140000.0,
                        1611858432.0,
                        0.0,
                        6651525.0,
                        79.0
                    ],
                    [
                        0.0,
                        0.0,
                        551602688.0,
                        140000.0,
                        2163461120.0,
                        0.0,
                        6651577.0,
                        79.0
                    ]
                ]
            ],
            "actions": [
                [
                    [
                        0.3333333432674408
                    ],
                    [
                        0.3333333432674408
                    ],
                    [
                        0.3333333432674408
                    ],
                    [
                        0.3333333432674408
                    ],
                    [
                        0.6666666865348816
                    ],
                    [
                        0.3333333432674408
                    ],
                    [
                        0.3333333432674408
                    ],
                    [
                        0.3333333432674408
                    ],
                    [
                        0.3333333432674408
                    ],
                    [
                        0.3333333432674408
                    ],
                    [
                        0.3333333432674408
                    ],
                    [
                        0.3333333432674408
                    ],
                    [
                        0.3333333432674408
                    ],
                    [
                        0.3333333432674408
                    ],
                    [
                        0.6666666865348816
                    ],
                    [
                        0.6666666865348816
                    ],
                    [
                        0.3333333432674408
                    ],
                    [
                        0.3333333432674408
                    ],
                    [
                        0.3333333432674408
                    ],
                    [
                        0.3333333432674408
                    ]
                ]
            ],
            "returns": [
                [
                    [
                        0.22637499868869781
                    ],
                    [
                        0.22604165971279144
                    ],
                    [
                        0.22550000250339508
                    ],
                    [
                        0.2251666635274887
                    ],
                    [
                        0.22462500631809235
                    ],
                    [
                        0.2240833342075348
                    ],
                    [
                        0.22354166209697723
                    ],
                    [
                        0.22300000488758087
                    ],
                    [
                        0.22245833277702332
                    ],
                    [
                        0.22191666066646576
                    ],
                    [
                        0.2213750034570694
                    ],
                    [
                        0.22083333134651184
                    ],
                    [
                        0.22029165923595428
                    ],
                    [
                        0.21975000202655792
                    ],
                    [
                        0.21920832991600037
                    ],
                    [
                        0.218666672706604
                    ],
                    [
                        0.21812500059604645
                    ],
                    [
                        0.2175416648387909
                    ],
                    [
                        0.21695832908153534
                    ],
                    [
                        0.21637499332427979
                    ]
                ]
            ],
            "timesteps": [
                [
                    780,
                    781,
                    782,
                    783,
                    784,
                    785,
                    786,
                    787,
                    788,
                    789,
                    790,
                    791,
                    792,
                    793,
                    794,
                    795,
                    796,
                    797,
                    798,
                    799
                ]
            ],
            "labels": [
                [
                    0,
                    0,
                    0,
                    0,
                    1,
                    0,
                    0,
                    0,
                    0,
                    0,
                    0,
                    0,
                    0,
                    0,
                    1,
                    1,
                    0,
                    0,
                    0,
                    0
                ]
            ],
            "CPU Usage": 4.4,
            "RAM Usage": 17.4,
            "GPU Usage": 53.0,
            "VRAM Usage": 15400.0,
            "Disk Read Speed (MB/s)": 75057177.68652344,
            "Disk Write Speed (MB/s)": 506877914.9033203
        },
        {
            "step": 2,
            "train_loss": 0.02821069397032261,
            "actions_pred1": [
                [
                    [
                        0.5823820233345032,
                        0.4351983964443207,
                        0.3566736876964569
                    ],
                    [
                        0.514456570148468,
                        0.35621926188468933,
                        0.3259243369102478
                    ],
                    [
                        0.2724495828151703,
                        0.37696436047554016,
                        0.2878408133983612
                    ],
                    [
                        0.20023512840270996,
                        0.4099540114402771,
                        0.2554619312286377
                    ],
                    [
                        0.5793471932411194,
                        0.2664264440536499,
                        0.4577959179878235
                    ],
                    [
                        0.5959929823875427,
                        0.23347273468971252,
                        0.34899160265922546
                    ],
                    [
                        0.5491527915000916,
                        0.26720383763313293,
                        0.19902603328227997
                    ],
                    [
                        0.8794825077056885,
                        0.1375139206647873,
                        0.18020989000797272
                    ],
                    [
                        0.8669621348381042,
                        0.22425401210784912,
                        0.3944423794746399
                    ],
                    [
                        0.8124491572380066,
                        0.302507221698761,
                        0.33927175402641296
                    ],
                    [
                        0.9621865153312683,
                        0.1886831820011139,
                        0.4105885326862335
                    ],
                    [
                        0.5216596722602844,
                        0.30557188391685486,
                        0.449171781539917
                    ],
                    [
                        0.6509838104248047,
                        0.08838748931884766,
                        0.542025089263916
                    ],
                    [
                        0.8635562062263489,
                        0.27409064769744873,
                        0.406575471162796
                    ],
                    [
                        0.6277778744697571,
                        0.27597013115882874,
                        0.333640456199646
                    ],
                    [
                        0.8700411319732666,
                        0.3193745017051697,
                        0.32777708768844604
                    ],
                    [
                        0.9388144612312317,
                        0.21113622188568115,
                        0.4671074450016022
                    ],
                    [
                        0.7497762441635132,
                        0.25075629353523254,
                        0.29456013441085815
                    ],
                    [
                        1.0369577407836914,
                        0.31166863441467285,
                        0.3521444499492645
                    ],
                    [
                        0.8028439879417419,
                        0.3672824203968048,
                        0.14985421299934387
                    ]
                ]
            ],
            "actions_pred": [
                [
                    [
                        0.5823820233345032,
                        0.514456570148468,
                        0.2724495828151703,
                        0.20023512840270996,
                        0.5793471932411194,
                        0.5959929823875427,
                        0.5491527915000916,
                        0.8794825077056885,
                        0.8669621348381042,
                        0.8124491572380066,
                        0.9621865153312683,
                        0.5216596722602844,
                        0.6509838104248047,
