{
    "steps": [
        {
            "step": 0,
            "train_loss": 0.032597191631793976,
            "actions_pred1": [
                [
                    [
                        0.21412058174610138,
                        0.45756834745407104,
                        0.3562350571155548
                    ],
                    [
                        0.2260335236787796,
                        0.36748844385147095,
                        0.39427271485328674
                    ],
                    [
                        0.31523972749710083,
                        0.3978874683380127,
                        0.320119708776474
                    ],
                    [
                        0.1451968103647232,
                        0.4961113929748535,
                        0.13981425762176514
                    ],
                    [
                        0.2051021158695221,
                        0.5743739008903503,
                        0.3329692780971527
                    ],
                    [
                        -0.10292112827301025,
                        0.3351016044616699,
                        0.3994571566581726
                    ],
                    [
                        0.46859151124954224,
                        0.3908914625644684,
                        0.23583337664604187
                    ],
                    [
                        0.6641260385513306,
                        0.38826364278793335,
                        0.3564170300960541
                    ],
                    [
                        0.4416317939758301,
                        0.4433918297290802,
                        0.263988196849823
                    ],
                    [
                        0.5393248796463013,
                        0.3631078898906708,
                        0.33932775259017944
                    ],
                    [
                        0.7273385524749756,
                        0.3873831033706665,
                        0.2881854474544525
                    ],
                    [
                        0.6789314150810242,
                        0.34863802790641785,
                        0.24690183997154236
                    ],
                    [
                        0.6499831080436707,
                        0.4353581666946411,
                        0.3200070858001709
                    ],
                    [
                        0.7277358174324036,
                        0.2317458689212799,
                        0.27586665749549866
                    ],
                    [
                        0.7823973298072815,
                        0.28654611110687256,
                        0.4366799294948578
                    ],
                    [
                        0.7211228609085083,
                        0.30752575397491455,
                        0.3786434233188629
                    ],
                    [
                        0.5343025326728821,
                        0.323250412940979,
                        0.3159084916114807
                    ],
                    [
                        0.6455144882202148,
                        0.3691920340061188,
                        0.5997228622436523
                    ],
                    [
                        0.8397533893585205,
                        0.22720615565776825,
                        0.39398226141929626
                    ],
                    [
                        0.7861778736114502,
                        0.2581719160079956,
                        0.22815445065498352
                    ]
                ]
            ],
            "actions_pred": [
                [
                    [
                        0.21412058174610138,
                        0.2260335236787796,
                        0.31523972749710083,
                        0.1451968103647232,
                        0.2051021158695221,
                        -0.10292112827301025,
                        0.46859151124954224,
                        0.6641260385513306,
                        0.4416317939758301,
                        0.5393248796463013,
                        0.7273385524749756,
                        0.6789314150810242,
                        0.6499831080436707,
                        0.7277358174324036,
                        0.7823973298072815,
                        0.7211228609085083,
                        0.5343025326728821,
                        0.6455144882202148,
                        0.8397533893585205,
                        0.7861778736114502
                    ],
                    [
                        0.45756834745407104,
                        0.36748844385147095,
                        0.3978874683380127,
                        0.4961113929748535,
                        0.5743739008903503,
                        0.3351016044616699,
                        0.3908914625644684,
                        0.38826364278793335,
                        0.4433918297290802,
                        0.3631078898906708,
                        0.3873831033706665,
                        0.34863802790641785,
                        0.4353581666946411,
                        0.2317458689212799,
                        0.28654611110687256,
                        0.30752575397491455,
                        0.323250412940979,
                        0.3691920340061188,
                        0.22720615565776825,
                        0.2581719160079956
                    ],
                    [
                        0.3562350571155548,
                        0.39427271485328674,
                        0.320119708776474,
                        0.13981425762176514,
                        0.3329692780971527,
                        0.3994571566581726,
                        0.23583337664604187,
                        0.3564170300960541,
                        0.263988196849823,
                        0.33932775259017944,
                        0.2881854474544525,
                        0.24690183997154236,
                        0.3200070858001709,
                        0.27586665749549866,
                        0.4366799294948578,
                        0.3786434233188629,
                        0.3159084916114807,
                        0.5997228622436523,
                        0.39398226141929626,
                        0.22815445065498352
                    ]
                ]
            ],
            "states": [
                [
                    [
                        1.0,
                        150000.0,
                        0.0,
                        10000.0,
                        0.0,
                        0.0,
                        10872698.0,
                        0.0
                    ],
                    [
                        1.0,
                        150000.0,
                        0.0,
                        10000.0,
                        0.0,
                        0.0,
                        10874198.0,
                        0.0
                    ],
                    [
                        1.0,
                        150000.0,
                        0.0,
                        10000.0,
                        0.0,
                        0.0,
                        10875698.0,
                        0.0
                    ],
                    [
                        1.0,
                        150000.0,
                        0.0,
                        10000.0,
                        0.0,
                        0.0,
                        10877198.0,
                        0.0
                    ],
                    [
                        0.0,
                        0.0,
                        185100528.0,
                        40000.0,
                        18390382592.0,
                        0.0,
                        9996189.0,
                        114.0
                    ],
                    [
                        1.0,
                        150000.0,
                        0.0,
                        10000.0,
                        0.0,
                        0.0,
                        10874198.0,
                        0.0
                    ],
                    [
                        1.0,
                        150000.0,
                        0.0,
                        10000.0,
                        0.0,
                        0.0,
                        10875698.0,
                        0.0
                    ],
                    [
                        1.0,
                        150000.0,
                        0.0,
                        10000.0,
                        0.0,
                        0.0,
                        10877198.0,
                        0.0
                    ],
                    [
                        0.0,
                        0.0,
                        185100528.0,
                        40000.0,
                        18390382592.0,
                        0.0,
                        9996189.0,
                        114.0
                    ],
                    [
                        0.0,
                        0.0,
                        185100528.0,
                        40000.0,
                        18575482880.0,
                        0.0,
                        9997689.0,
                        114.0
                    ],
                    [
                        0.0,
                        0.0,
                        165638960.0,
                        60000.0,
                        17544783872.0,
                        0.0,
                        10130425.0,
                        115.0
                    ],
                    [
                        0.0,
                        0.0,
                        165638960.0,
                        60000.0,
                        17710424064.0,
                        0.0,
                        10130477.0,
                        115.0
                    ],
                    [
                        0.0,
                        0.0,
                        165638960.0,
                        60000.0,
                        17876062208.0,
                        0.0,
                        10130529.0,
                        115.0
                    ],
                    [
                        0.0,
                        0.0,
                        165638960.0,
                        60000.0,
                        18041700352.0,
                        0.0,
                        10130581.0,
                        115.0
                    ],
                    [
                        0.0,
                        0.0,
                        165638960.0,
                        60000.0,
                        18207340544.0,
                        0.0,
                        10130633.0,
                        115.0
                    ],
                    [
                        0.0,
                        0.0,
                        165638960.0,
                        60000.0,
                        17710424064.0,
                        0.0,
                        10130477.0,
                        115.0
                    ],
                    [
                        0.0,
                        0.0,
                        165638960.0,
                        60000.0,
                        17876062208.0,
                        0.0,
                        10130529.0,
                        115.0
                    ],
                    [
                        0.0,
                        0.0,
                        165638960.0,
                        60000.0,
                        18041700352.0,
                        0.0,
                        10130581.0,
                        115.0
                    ],
                    [
                        0.0,
                        0.0,
                        165638960.0,
                        60000.0,
                        18207340544.0,
                        0.0,
                        10130633.0,
                        115.0
                    ],
                    [
                        0.0,
                        0.0,
                        165638960.0,
                        60000.0,
                        18372978688.0,
                        0.0,
                        10130685.0,
                        115.0
                    ]
                ]
            ],
            "actions": [
                [
                    [
                        0.3333333432674408
                    ],
                    [
                        0.3333333432674408
                    ],
                    [
                        0.3333333432674408
                    ],
                    [
                        0.3333333432674408
                    ],
                    [
                        1.0
                    ],
                    [
                        0.3333333432674408
                    ],
                    [
                        0.3333333432674408
                    ],
                    [
                        0.3333333432674408
                    ],
                    [
                        1.0
                    ],
                    [
                        0.6666666865348816
                    ],
                    [
                        0.3333333432674408
                    ],
                    [
                        0.3333333432674408
                    ],
                    [
                        0.3333333432674408
                    ],
                    [
                        0.3333333432674408
                    ],
                    [
                        0.3333333432674408
                    ],
                    [
                        0.3333333432674408
                    ],
                    [
                        0.3333333432674408
                    ],
                    [
                        0.3333333432674408
                    ],
                    [
                        0.3333333432674408
                    ],
                    [
                        0.6666666865348816
                    ]
                ]
            ],
            "returns": [
                [
                    [
                        0.07270833104848862
                    ],
                    [
                        0.07266666740179062
                    ],
                    [
                        0.07262499630451202
                    ],
                    [
                        0.07258333265781403
                    ],
                    [
                        0.07254166901111603
                    ],
                    [
                        0.07237499952316284
                    ],
                    [
                        0.07233333587646484
                    ],
                    [
                        0.07229166477918625
                    ],
                    [
                        0.07225000113248825
                    ],
                    [
                        0.07208333164453506
                    ],
                    [
                        0.07191666960716248
                    ],
                    [
                        0.0716666653752327
                    ],
                    [
                        0.07141666859388351
                    ],
                    [
                        0.07116666436195374
                    ],
                    [
                        0.07091666758060455
                    ],
                    [
                        0.07066666334867477
                    ],
                    [
                        0.07041666656732559
                    ],
                    [
                        0.07016666978597641
                    ],
                    [
                        0.06991666555404663
                    ],
                    [
                        0.06966666877269745
                    ]
                ]
            ],
            "timesteps": [
                [
                    1200,
                    1201,
                    1202,
                    1203,
                    1204,
                    1205,
                    1206,
                    1207,
                    1208,
                    1209,
                    1210,
                    1211,
                    1212,
                    1213,
                    1214,
                    1215,
                    1216,
                    1217,
                    1218,
                    1219
                ]
            ],
            "labels": [
                [
                    0,
                    0,
                    0,
                    0,
                    2,
                    0,
                    0,
                    0,
                    2,
                    1,
                    0,
                    0,
                    0,
                    0,
                    0,
                    0,
                    0,
                    0,
                    0,
                    1
                ]
            ],
            "CPU Usage": 5.1,
            "RAM Usage": 17.4,
            "GPU Usage": 15.0,
            "VRAM Usage": 15400.0,
            "Disk Read Speed (MB/s)": 75057177.68652344,
            "Disk Write Speed (MB/s)": 506877890.9033203
        },
        {
            "step": 1,
            "train_loss": 0.027334516867995262,
            "actions_pred1": [
                [
                    [
                        0.4909813404083252,
                        0.7419467568397522,
                        -0.03500979393720627
                    ],
                    [
                        0.5335541367530823,
                        0.2285710871219635,
                        -0.3870284855365753
                    ],
                    [
                        0.4322047829627991,
                        0.27807918190956116,
                        -0.2333873212337494
                    ],
                    [
                        0.37226706743240356,
                        0.33702272176742554,
                        -0.2607724666595459
                    ],
                    [
                        0.5197737216949463,
                        0.582607090473175,
                        0.01567048765718937
                    ],
                    [
                        0.566292941570282,
                        0.29949137568473816,
                        -0.035685278475284576
                    ],
                    [
                        0.5047991275787354,
                        0.505721390247345,
                        -0.06685541570186615
                    ],
                    [
                        0.3196137547492981,
                        0.4907069802284241,
                        -0.14714401960372925
                    ],
                    [
                        0.735785186290741,
                        0.37945589423179626,
                        -0.09024814516305923
                    ],
                    [
                        0.7126250863075256,
                        0.34930670261383057,
                        0.040694862604141235
                    ],
                    [
                        0.36725914478302,
                        0.6111785769462585,
                        0.25485655665397644
                    ],
                    [
                        0.3071519136428833,
                        0.202262282371521,
                        -0.013661159202456474
                    ],
                    [
                        0.5911524295806885,
                        0.17565713822841644,
                        -0.07524716854095459
                    ],
                    [
                        0.4716876149177551,
                        0.2641047537326813,
                        -0.051844120025634766
                    ],
                    [
                        0.7173330187797546,
                        0.2913839519023895,
                        -0.06870190799236298
                    ],
                    [
                        0.9825881719589233,
                        0.35632526874542236,
                        0.009145842865109444
                    ],
                    [
                        0.6509703993797302,
                        0.248060941696167,
                        -0.05496402084827423
                    ],
                    [
                        0.76548171043396,
                        0.14578332006931305,
                        0.12681367993354797
                    ],
                    [
                        0.5470386743545532,
                        0.26385217905044556,
                        0.12939821183681488
                    ],
                    [
                        0.8418948650360107,
                        0.23020820319652557,
                        -0.1711830198764801
                    ]
                ]
            ],
            "actions_pred": [
                [
                    [
                        0.4909813404083252,
                        0.5335541367530823,
                        0.4322047829627991,
                        0.37226706743240356,
                        0.5197737216949463,
                        0.566292941570282,
                        0.5047991275787354,
                        0.3196137547492981,
                        0.735785186290741,
                        0.7126250863075256,
                        0.36725914478302,
                        0.3071519136428833,
                        0.5911524295806885,
                        0.4716876149177551,
                        0.7173330187797546,
                        0.9825881719589233,
                        0.6509703993797302,
                        0.76548171043396,
                        0.5470386743545532,
                        0.8418948650360107
                    ],
                    [
                        0.7419467568397522,
                        0.2285710871219635,
                        0.27807918190956116,
                        0.33702272176742554,
                        0.582607090473175,
                        0.29949137568473816,
                        0.505721390247345,
                        0.4907069802284241,
                        0.37945589423179626,
                        0.34930670261383057,
                        0.6111785769462585,
                        0.202262282371521,
                        0.17565713822841644,
                        0.2641047537326813,
                        0.2913839519023895,
                        0.35632526874542236,
                        0.248060941696167,
                        0.14578332006931305,
                        0.26385217905044556,
                        0.23020820319652557
                    ],
                    [
                        -0.03500979393720627,
                        -0.3870284855365753,
                        -0.2333873212337494,
                        -0.2607724666595459,
                        0.01567048765718937,
                        -0.035685278475284576,
                        -0.06685541570186615,
                        -0.14714401960372925,
                        -0.09024814516305923,
                        0.040694862604141235,
                        0.25485655665397644,
                        -0.013661159202456474,
                        -0.07524716854095459,
                        -0.051844120025634766,
                        -0.06870190799236298,
                        0.009145842865109444,
                        -0.05496402084827423,
                        0.12681367993354797,
                        0.12939821183681488,
                        -0.1711830198764801
                    ]
                ]
            ],
            "states": [
                [
                    [
                        1.0,
                        150000.0,
                        0.0,
                        10000.0,
                        0.0,
                        0.0,
                        9293146.0,
                        0.0
                    ],
                    [
                        1.0,
                        150000.0,
                        0.0,
                        10000.0,
                        0.0,
                        0.0,
                        9294646.0,
                        0.0
                    ],
                    [
                        1.0,
                        150000.0,
                        0.0,
                        10000.0,
                        0.0,
                        0.0,
                        9296146.0,
                        0.0
                    ],
                    [
                        0.0,
                        0.0,
                        245733104.0,
                        40000.0,
                        18121478144.0,
                        0.0,
                        8550589.0,
                        104.0
                    ],
                    [
                        0.0,
                        0.0,
                        245733104.0,
                        40000.0,
                        18367211520.0,
                        0.0,
                        8552089.0,
                        104.0
                    ],
                    [
                        0.0,
                        0.0,
                        392030432.0,
                        90000.0,
                        16810365952.0,
                        0.0,
                        8604205.0,
                        105.0
                    ],
                    [
                        1.0,
                        75000.0,
                        16164452.0,
                        100000.0,
                        250416208.0,
                        0.0,
                        9456646.0,
                        0.0
                    ],
                    [
                        0.0,
                        0.0,
                        392030432.0,
                        90000.0,
                        17202397184.0,
                        0.0,
                        8605705.0,
                        105.0
                    ],
                    [
                        0.0,
                        0.0,
                        392030432.0,
                        90000.0,
                        17594427392.0,
                        0.0,
                        8605757.0,
                        105.0
                    ],
                    [
                        0.0,
                        0.0,
                        392030432.0,
                        90000.0,
                        17986457600.0,
                        0.0,
                        8607257.0,
                        105.0
                    ],
                    [
                        1.0,
                        75000.0,
                        16164452.0,
                        100000.0,
                        250416208.0,
                        0.0,
                        9456646.0,
                        0.0
                    ],
                    [
                        0.0,
                        0.0,
                        392030432.0,
                        90000.0,
                        17202397184.0,
                        0.0,
                        8605705.0,
                        105.0
                    ],
                    [
                        0.0,
                        0.0,
                        392030432.0,
                        90000.0,
                        17594427392.0,
                        0.0,
                        8605757.0,
                        105.0
                    ],
                    [
                        0.0,
                        0.0,
                        392030432.0,
                        90000.0,
                        17986457600.0,
                        0.0,
                        8607257.0,
                        105.0
                    ],
                    [
                        0.0,
                        0.0,
                        392030432.0,
                        90000.0,
                        18378487808.0,
                        0.0,
                        8607309.0,
                        105.0
                    ],
                    [
                        0.0,
                        0.0,
                        392030432.0,
                        90000.0,
                        3920304384.0,
                        0.0,
                        8616517.0,
                        106.0
                    ],
                    [
                        0.0,
                        0.0,
                        392030432.0,
                        90000.0,
                        4312334848.0,
                        0.0,
                        8618017.0,
                        106.0
                    ],
                    [
                        0.0,
                        0.0,
                        392030432.0,
                        90000.0,
                        4704365056.0,
                        0.0,
                        8619517.0,
                        106.0
                    ],
                    [
                        0.0,
                        0.0,
                        392030432.0,
                        90000.0,
                        5096395776.0,
                        0.0,
                        8619569.0,
                        106.0
                    ],
                    [
                        0.0,
                        0.0,
                        392030432.0,
                        90000.0,
                        5488425984.0,
                        0.0,
                        8619621.0,
                        106.0
                    ]
                ]
            ],
            "actions": [
                [
                    [
                        0.3333333432674408
                    ],
                    [
                        0.3333333432674408
                    ],
                    [
                        0.3333333432674408
                    ],
                    [
                        0.3333333432674408
                    ],
                    [
                        0.6666666865348816
                    ],
                    [
                        0.3333333432674408
                    ],
                    [
                        0.3333333432674408
                    ],
                    [
                        0.3333333432674408
                    ],
                    [
                        0.3333333432674408
                    ],
                    [
                        0.3333333432674408
                    ],
                    [
                        0.3333333432674408
                    ],
                    [
                        0.3333333432674408
                    ],
                    [
                        0.3333333432674408
                    ],
                    [
                        0.3333333432674408
                    ],
                    [
                        0.6666666865348816
                    ],
                    [
                        0.3333333432674408
                    ],
                    [
                        0.3333333432674408
                    ],
                    [
                        0.3333333432674408
                    ],
                    [
                        0.3333333432674408
                    ],
                    [
                        0.3333333432674408
                    ]
                ]
            ],
            "returns": [
                [
                    [
                        0.1158749982714653
                    ],
                    [
                        0.1158333346247673
                    ],
                    [
                        0.11579166352748871
                    ],
                    [
                        0.11574999988079071
                    ],
                    [
                        0.11558333039283752
                    ],
                    [
                        0.11541666835546494
                    ],
                    [
                        0.11504166573286057
                    ],
                    [
                        0.1146249994635582
                    ],
                    [
                        0.11424999684095383
                    ],
                    [
                        0.11387500166893005
                    ],
                    [
                        0.11349999904632568
                    ],
                    [
                        0.11308333277702332
                    ],
                    [
                        0.11270833015441895
                    ],
                    [
                        0.11233333498239517
                    ],
                    [
                        0.1119583323597908
                    ],
                    [
                        0.11158332973718643
                    ],
                    [
                        0.11120833456516266
                    ],
                    [
                        0.11083333194255829
                    ],
                    [
                        0.11045833677053452
                    ],
                    [
                        0.11008333414793015
                    ]
                ]
            ],
            "timesteps": [
                [
                    1080,
                    1081,
                    1082,
                    1083,
                    1084,
                    1085,
                    1086,
                    1087,
                    1088,
                    1089,
                    1090,
                    1091,
                    1092,
                    1093,
                    1094,
                    1095,
                    1096,
                    1097,
                    1098,
                    1099
                ]
            ],
            "labels": [
                [
                    0,
                    0,
                    0,
                    0,
                    1,
                    0,
                    0,
                    0,
                    0,
                    0,
                    0,
                    0,
                    0,
                    0,
                    1,
                    0,
                    0,
                    0,
                    0,
                    0
                ]
            ],
            "CPU Usage": 4.6,
            "RAM Usage": 17.4,
            "GPU Usage": 53.0,
            "VRAM Usage": 15400.0,
            "Disk Read Speed (MB/s)": 75057177.68652344,
            "Disk Write Speed (MB/s)": 506877890.9033203
        },
        {
            "step": 2,
            "train_loss": 0.03676213324069977,
            "actions_pred1": [
                [
                    [
                        0.09818314015865326,
                        0.3242779076099396,
                        0.16545593738555908
                    ],
                    [
                        -0.10993402451276779,
                        0.6071445941925049,
                        0.055500566959381104
                    ],
                    [
                        0.0360102653503418,
                        0.6778431534767151,
                        0.07164153456687927
                    ],
                    [
                        0.3813878893852234,
                        0.5531203150749207,
                        0.08698469400405884
                    ],
                    [
                        0.1280122846364975,
                        0.45239394903182983,
                        0.1394944190979004
                    ],
                    [
                        0.24738095700740814,
                        0.6185609698295593,
                        0.0016838740557432175
                    ],
                    [
                        -0.17185243964195251,
                        0.618493914604187,
                        0.14306581020355225
                    ],
                    [
                        0.10097087919712067,
                        0.8340219855308533,
                        0.16200128197669983
                    ],
                    [
                        0.05346958339214325,
                        0.6526356935501099,
                        0.31140345335006714
                    ],
                    [
                        0.06964974105358124,
                        0.6281375885009766,
                        0.21213941276073456
                    ],
                    [
                        0.23333211243152618,
                        0.5549867749214172,
                        0.19264306128025055
                    ],
                    [
                        0.16690385341644287,
                        0.5991447567939758,
                        0.17479091882705688
                    ],
                    [
                        0.5531030297279358,
                        0.5547345280647278,
                        0.36145099997520447
                    ],
                    [
                        0.40832090377807617,
                        0.6386684775352478,
                        0.22351843118667603
                    ],
                    [
                        0.07846637070178986,
                        0.5403358340263367,
                        -0.01977289654314518
                    ],
                    [
                        0.49436521530151367,
                        0.4211300015449524,
                        0.07644763588905334
                    ],
                    [
                        0.2733110189437866,
                        0.49244576692581177,
                        -0.005655704066157341
                    ],
                    [
                        0.48571598529815674,
                        0.3204234540462494,
                        0.19772008061408997
                    ],
                    [
                        0.20829112827777863,
                        0.32623377442359924,
                        0.24413323402404785
                    ],
                    [
                        0.36932486295700073,
                        0.39582395553588867,
                        0.23640765249729156
                    ]
                ]
            ],
            "actions_pred": [
                [
                    [
                        0.09818314015865326,
                        -0.10993402451276779,
                        0.0360102653503418,
                        0.3813878893852234,
                        0.1280122846364975,
                        0.24738095700740814,
                        -0.17185243964195251,
                        0.10097087919712067,
                        0.05346958339214325,
                        0.06964974105358124,
                        0.23333211243152618,
                        0.16690385341644287,
                        0.5531030297279358,
                        0.40832090377807617,
