{
    "steps": [
        {
            "step": 0,
            "train_loss": 0.0051508876495063305,
            "actions_pred1": [
                [
                    [
                        3.5950100421905518,
                        -2.4519264698028564,
                        -1.8045268058776855
                    ],
                    [
                        3.1216657161712646,
                        -0.5908495783805847,
                        -1.9976940155029297
                    ],
                    [
                        3.106813907623291,
                        0.4703531265258789,
                        -1.6161292791366577
                    ],
                    [
                        2.97552752494812,
                        0.9304107427597046,
                        -2.236445665359497
                    ],
                    [
                        2.684065580368042,
                        0.47416871786117554,
                        -1.9478060007095337
                    ],
                    [
                        3.8437249660491943,
                        0.6852260231971741,
                        -1.340981125831604
                    ],
                    [
                        3.1914236545562744,
                        0.9046313166618347,
                        -1.7633646726608276
                    ],
                    [
                        2.864009141921997,
                        0.9777845740318298,
                        -2.074082851409912
                    ],
                    [
                        3.3949203491210938,
                        0.9148656725883484,
                        -1.9595754146575928
                    ],
                    [
                        2.8409550189971924,
                        0.5583972930908203,
                        -1.6068150997161865
                    ],
                    [
                        4.114238739013672,
                        0.4788920283317566,
                        -1.9043428897857666
                    ],
                    [
                        3.0514564514160156,
                        0.7456698417663574,
                        -1.7233339548110962
                    ],
                    [
                        4.238588333129883,
                        -0.394305944442749,
                        -1.9919252395629883
                    ],
                    [
                        4.507678985595703,
                        -0.40190035104751587,
                        -2.4034056663513184
                    ],
                    [
                        -0.5938989520072937,
                        4.194117069244385,
                        -2.0226962566375732
                    ],
                    [
                        4.332658290863037,
                        -0.36279863119125366,
                        -1.5866570472717285
                    ],
                    [
                        4.001385688781738,
                        0.10972264409065247,
                        -2.22670841217041
                    ],
                    [
                        4.462865829467773,
                        -0.7977896928787231,
                        -1.8878138065338135
                    ],
                    [
                        3.735177993774414,
                        -0.21753081679344177,
                        -1.4759706258773804
                    ],
                    [
                        4.1106390953063965,
                        -0.11912672966718674,
                        -1.9773328304290771
                    ]
                ]
            ],
            "actions_pred": [
                [
                    [
                        3.5950100421905518,
                        3.1216657161712646,
                        3.106813907623291,
                        2.97552752494812,
                        2.684065580368042,
                        3.8437249660491943,
                        3.1914236545562744,
                        2.864009141921997,
                        3.3949203491210938,
                        2.8409550189971924,
                        4.114238739013672,
                        3.0514564514160156,
                        4.238588333129883,
                        4.507678985595703,
                        -0.5938989520072937,
                        4.332658290863037,
                        4.001385688781738,
                        4.462865829467773,
                        3.735177993774414,
                        4.1106390953063965
                    ],
                    [
                        -2.4519264698028564,
                        -0.5908495783805847,
                        0.4703531265258789,
                        0.9304107427597046,
                        0.47416871786117554,
                        0.6852260231971741,
                        0.9046313166618347,
                        0.9777845740318298,
                        0.9148656725883484,
                        0.5583972930908203,
                        0.4788920283317566,
                        0.7456698417663574,
                        -0.394305944442749,
                        -0.40190035104751587,
                        4.194117069244385,
                        -0.36279863119125366,
                        0.10972264409065247,
                        -0.7977896928787231,
                        -0.21753081679344177,
                        -0.11912672966718674
                    ],
                    [
                        -1.8045268058776855,
                        -1.9976940155029297,
                        -1.6161292791366577,
                        -2.236445665359497,
                        -1.9478060007095337,
                        -1.340981125831604,
                        -1.7633646726608276,
                        -2.074082851409912,
                        -1.9595754146575928,
                        -1.6068150997161865,
                        -1.9043428897857666,
                        -1.7233339548110962,
                        -1.9919252395629883,
                        -2.4034056663513184,
                        -2.0226962566375732,
                        -1.5866570472717285,
                        -2.22670841217041,
                        -1.8878138065338135,
                        -1.4759706258773804,
                        -1.9773328304290771
                    ]
                ]
            ],
            "states": [
                [
                    [
                        1.0,
                        15000.0,
                        10852103.0,
                        140000.0,
                        587691328.0,
                        0.0,
                        9239146.0,
                        0.0
                    ],
                    [
                        0.0,
                        0.0,
                        326263744.0,
                        160000.0,
                        17280065536.0,
                        0.0,
                        8487093.0,
                        100.0
                    ],
                    [
                        0.0,
                        0.0,
                        326263744.0,
                        160000.0,
                        17606328320.0,
                        0.0,
                        8487157.0,
                        100.0
                    ],
                    [
                        0.0,
                        0.0,
                        326263744.0,
                        160000.0,
                        17932593152.0,
                        0.0,
                        8487209.0,
                        100.0
                    ],
                    [
                        0.0,
                        0.0,
                        326263744.0,
                        160000.0,
                        18258855936.0,
                        0.0,
                        8488709.0,
                        100.0
                    ],
                    [
                        0.0,
                        0.0,
                        369213408.0,
                        130000.0,
                        2086431488.0,
                        0.0,
                        8491929.0,
                        101.0
                    ],
                    [
                        0.0,
                        0.0,
                        369213408.0,
                        130000.0,
                        2455644928.0,
                        0.0,
                        8493429.0,
                        101.0
                    ],
                    [
                        1.0,
                        0.0,
                        18401850.0,
                        130000.0,
                        606093184.0,
                        0.0,
                        9240646.0,
                        0.0
                    ],
                    [
                        1.0,
                        0.0,
                        18401850.0,
                        130000.0,
                        624495040.0,
                        0.0,
                        9242146.0,
                        0.0
                    ],
                    [
                        0.0,
                        0.0,
                        369213408.0,
                        130000.0,
                        2824858368.0,
                        0.0,
                        8493481.0,
                        101.0
                    ],
                    [
                        0.0,
                        0.0,
                        369213408.0,
                        130000.0,
                        2455644928.0,
                        0.0,
                        8493429.0,
                        101.0
                    ],
                    [
                        1.0,
                        0.0,
                        18401850.0,
                        130000.0,
                        606093184.0,
                        0.0,
                        9240646.0,
                        0.0
                    ],
                    [
                        1.0,
                        0.0,
                        18401850.0,
                        130000.0,
                        624495040.0,
                        0.0,
                        9242146.0,
                        0.0
                    ],
                    [
                        0.0,
                        0.0,
                        369213408.0,
                        130000.0,
                        2824858368.0,
                        0.0,
                        8493481.0,
                        101.0
                    ],
                    [
                        0.0,
                        0.0,
                        369213408.0,
                        130000.0,
                        0.0,
                        0.0,
                        8493533.0,
                        101.0
                    ],
                    [
                        0.0,
                        0.0,
                        495378080.0,
                        110000.0,
                        16234080256.0,
                        0.0,
                        8510137.0,
                        102.0
                    ],
                    [
                        0.0,
                        0.0,
                        495378080.0,
                        110000.0,
                        16729457664.0,
                        0.0,
                        8510201.0,
                        102.0
                    ],
                    [
                        0.0,
                        0.0,
                        495378080.0,
                        110000.0,
                        17224835072.0,
                        0.0,
                        8510265.0,
                        102.0
                    ],
                    [
                        0.0,
                        0.0,
                        495378080.0,
                        110000.0,
                        17720213504.0,
                        0.0,
                        8510317.0,
                        102.0
                    ],
                    [
                        0.0,
                        0.0,
                        495378080.0,
                        110000.0,
                        18215591936.0,
                        0.0,
                        8511817.0,
                        102.0
                    ]
                ]
            ],
            "actions": [
                [
                    [
                        0.3333333432674408
                    ],
                    [
                        0.3333333432674408
                    ],
                    [
                        0.3333333432674408
                    ],
                    [
                        0.3333333432674408
                    ],
                    [
                        0.6666666865348816
                    ],
                    [
                        0.3333333432674408
                    ],
                    [
                        0.3333333432674408
                    ],
                    [
                        0.3333333432674408
                    ],
                    [
                        0.3333333432674408
                    ],
                    [
                        0.3333333432674408
                    ],
                    [
                        0.3333333432674408
                    ],
                    [
                        0.3333333432674408
                    ],
                    [
                        0.3333333432674408
                    ],
                    [
                        0.3333333432674408
                    ],
                    [
                        0.6666666865348816
                    ],
                    [
                        0.3333333432674408
                    ],
                    [
                        0.3333333432674408
                    ],
                    [
                        0.3333333432674408
                    ],
                    [
                        0.3333333432674408
                    ],
                    [
                        0.3333333432674408
                    ]
                ]
            ],
            "returns": [
                [
                    [
                        0.13237500190734863
                    ],
                    [
                        0.13179166615009308
                    ],
                    [
                        0.13112500309944153
                    ],
                    [
                        0.13045834004878998
                    ],
                    [
                        0.12979166209697723
                    ],
                    [
                        0.12912499904632568
                    ],
                    [
                        0.12858332693576813
                    ],
                    [
                        0.12804166972637177
                    ],
                    [
                        0.1274999976158142
                    ],
                    [
                        0.12695834040641785
                    ],
                    [
                        0.1264166682958603
                    ],
                    [
                        0.12587499618530273
                    ],
                    [
                        0.12533333897590637
                    ],
                    [
                        0.12479166686534882
                    ],
                    [
                        0.12425000220537186
                    ],
                    [
                        0.1237083300948143
                    ],
                    [
                        0.12325000017881393
                    ],
                    [
                        0.12279167026281357
                    ],
                    [
                        0.1223333328962326
                    ],
                    [
                        0.12187500298023224
                    ]
                ]
            ],
            "timesteps": [
                [
                    1040,
                    1041,
                    1042,
                    1043,
                    1044,
                    1045,
                    1046,
                    1047,
                    1048,
                    1049,
                    1050,
                    1051,
                    1052,
                    1053,
                    1054,
                    1055,
                    1056,
                    1057,
                    1058,
                    1059
                ]
            ],
            "labels": [
                [
                    0,
                    0,
                    0,
                    0,
                    1,
                    0,
                    0,
                    0,
                    0,
                    0,
                    0,
                    0,
                    0,
                    0,
                    1,
                    0,
                    0,
                    0,
                    0,
                    0
                ]
            ],
            "CPU Usage": 10.0,
            "RAM Usage": 17.8,
            "GPU Usage": 9.0,
            "VRAM Usage": 15400.0,
            "Disk Read Speed (MB/s)": 75057177.68652344,
            "Disk Write Speed (MB/s)": 506878212.3095703
        },
        {
            "step": 1,
            "train_loss": 0.0007859665201976895,
            "actions_pred1": [
                [
                    [
                        3.1437759399414062,
                        -1.802075982093811,
                        -1.6585686206817627
                    ],
                    [
                        2.765742778778076,
                        -1.6068857908248901,
                        -1.5996508598327637
                    ],
                    [
                        2.5870070457458496,
                        -1.2493144273757935,
                        -1.8064097166061401
                    ],
                    [
                        2.236917734146118,
                        -0.6604346632957458,
                        -1.444726586341858
                    ],
                    [
                        -1.047385334968567,
                        2.6739296913146973,
                        -1.303432822227478
                    ],
                    [
                        4.268958568572998,
                        -1.434607982635498,
                        -1.958541989326477
                    ],
                    [
                        4.733033180236816,
                        -2.1889240741729736,
                        -2.1409456729888916
                    ],
                    [
                        4.025666236877441,
                        -1.1299479007720947,
                        -1.0980128049850464
                    ],
                    [
                        5.278738498687744,
                        -2.2808103561401367,
                        -1.8753920793533325
                    ],
                    [
                        5.155498027801514,
                        -1.379770040512085,
                        -1.3484443426132202
                    ],
                    [
                        4.295990943908691,
                        -1.2368030548095703,
                        -2.0456926822662354
                    ],
                    [
                        4.235710620880127,
                        -1.624952793121338,
                        -1.383489727973938
                    ],
                    [
                        4.680879592895508,
                        -2.6452293395996094,
                        -1.488640308380127
                    ],
                    [
                        4.7977294921875,
                        -1.755965232849121,
                        -2.1944949626922607
                    ],
                    [
                        -0.168502077460289,
                        2.1683993339538574,
                        -0.5458297729492188
                    ],
                    [
                        3.971226692199707,
                        -1.0585204362869263,
                        -1.5570414066314697
                    ],
                    [
                        3.5463826656341553,
                        -1.2158080339431763,
                        -1.1561944484710693
                    ],
                    [
                        3.1723532676696777,
                        -0.046959832310676575,
                        -1.1566506624221802
                    ],
                    [
                        3.8336567878723145,
                        -1.1745299100875854,
                        -0.9371428489685059
                    ],
                    [
                        3.589064121246338,
                        -0.7081786394119263,
                        -0.9516072869300842
                    ]
                ]
            ],
            "actions_pred": [
                [
                    [
                        3.1437759399414062,
                        2.765742778778076,
                        2.5870070457458496,
                        2.236917734146118,
                        -1.047385334968567,
                        4.268958568572998,
                        4.733033180236816,
                        4.025666236877441,
                        5.278738498687744,
                        5.155498027801514,
                        4.295990943908691,
                        4.235710620880127,
                        4.680879592895508,
                        4.7977294921875,
                        -0.168502077460289,
                        3.971226692199707,
                        3.5463826656341553,
                        3.1723532676696777,
                        3.8336567878723145,
                        3.589064121246338
                    ],
                    [
                        -1.802075982093811,
                        -1.6068857908248901,
                        -1.2493144273757935,
                        -0.6604346632957458,
                        2.6739296913146973,
                        -1.434607982635498,
                        -2.1889240741729736,
                        -1.1299479007720947,
                        -2.2808103561401367,
                        -1.379770040512085,
                        -1.2368030548095703,
                        -1.624952793121338,
                        -2.6452293395996094,
                        -1.755965232849121,
                        2.1683993339538574,
                        -1.0585204362869263,
                        -1.2158080339431763,
                        -0.046959832310676575,
                        -1.1745299100875854,
                        -0.7081786394119263
                    ],
                    [
                        -1.6585686206817627,
                        -1.5996508598327637,
                        -1.8064097166061401,
                        -1.444726586341858,
                        -1.303432822227478,
                        -1.958541989326477,
                        -2.1409456729888916,
                        -1.0980128049850464,
                        -1.8753920793533325,
                        -1.3484443426132202,
                        -2.0456926822662354,
                        -1.383489727973938,
                        -1.488640308380127,
                        -2.1944949626922607,
                        -0.5458297729492188,
                        -1.5570414066314697,
                        -1.1561944484710693,
                        -1.1566506624221802,
                        -0.9371428489685059,
                        -0.9516072869300842
                    ]
                ]
            ],
            "states": [
                [
                    [
                        0.0,
                        0.0,
                        410198336.0,
                        190000.0,
                        10665156608.0,
                        0.0,
                        3095929.0,
                        7.0
                    ],
                    [
                        0.0,
                        0.0,
                        410198336.0,
                        190000.0,
                        11075354624.0,
                        0.0,
                        3095993.0,
                        7.0
                    ],
                    [
                        0.0,
                        0.0,
                        410198336.0,
                        190000.0,
                        11485552640.0,
                        0.0,
                        3096057.0,
                        7.0
                    ],
                    [
                        0.0,
                        0.0,
                        410198336.0,
                        190000.0,
                        11895751680.0,
                        0.0,
                        3096121.0,
                        7.0
                    ],
                    [
                        0.0,
                        0.0,
                        410198336.0,
                        190000.0,
                        0.0,
                        0.0,
                        3096173.0,
                        7.0
                    ],
                    [
                        1.0,
                        105000.0,
                        970586.0,
                        60000.0,
                        5413240.0,
                        0.0,
                        2244646.0,
                        0.0
                    ],
                    [
                        1.0,
                        105000.0,
                        970586.0,
                        60000.0,
                        6383826.0,
                        0.0,
                        2246146.0,
                        0.0
                    ],
                    [
                        0.0,
                        0.0,
                        539047360.0,
                        240000.0,
                        8156663808.0,
                        0.0,
                        3117405.0,
                        8.0
                    ],
                    [
                        1.0,
                        105000.0,
                        970586.0,
                        60000.0,
                        7354412.0,
                        0.0,
                        2247646.0,
                        0.0
                    ],
                    [
                        1.0,
                        105000.0,
                        970586.0,
                        60000.0,
                        8324998.0,
                        0.0,
                        2249146.0,
                        0.0
                    ],
                    [
                        1.0,
                        105000.0,
                        970586.0,
                        60000.0,
                        6383826.0,
                        0.0,
                        2246146.0,
                        0.0
                    ],
                    [
                        0.0,
                        0.0,
                        539047360.0,
                        240000.0,
                        8156663808.0,
                        0.0,
                        3117405.0,
                        8.0
                    ],
                    [
                        1.0,
                        105000.0,
                        970586.0,
                        60000.0,
                        7354412.0,
                        0.0,
                        2247646.0,
                        0.0
                    ],
                    [
                        1.0,
                        105000.0,
                        970586.0,
                        60000.0,
                        8324998.0,
                        0.0,
                        2249146.0,
                        0.0
                    ],
                    [
                        0.0,
                        0.0,
                        539047360.0,
                        240000.0,
                        0.0,
                        0.0,
                        3118905.0,
                        8.0
                    ],
                    [
                        0.0,
                        0.0,
                        557837824.0,
                        220000.0,
                        11928000512.0,
                        0.0,
                        3122941.0,
                        9.0
                    ],
                    [
                        0.0,
                        0.0,
                        557837824.0,
                        220000.0,
                        12485837824.0,
                        0.0,
                        3122993.0,
                        9.0
                    ],
                    [
                        0.0,
                        0.0,
                        557837824.0,
                        220000.0,
                        13043676160.0,
                        0.0,
                        3123045.0,
                        9.0
                    ],
                    [
                        0.0,
                        0.0,
                        557837824.0,
                        230000.0,
                        13601513472.0,
                        0.0,
                        3123097.0,
                        9.0
                    ],
                    [
                        0.0,
                        0.0,
                        557837824.0,
                        230000.0,
                        14159351808.0,
                        0.0,
                        3123149.0,
                        9.0
                    ]
                ]
            ],
            "actions": [
                [
                    [
                        0.3333333432674408
                    ],
                    [
                        0.3333333432674408
                    ],
                    [
                        0.3333333432674408
                    ],
                    [
                        0.3333333432674408
                    ],
                    [
                        0.6666666865348816
                    ],
                    [
                        0.3333333432674408
                    ],
                    [
                        0.3333333432674408
                    ],
                    [
                        0.3333333432674408
                    ],
                    [
                        0.3333333432674408
                    ],
                    [
                        0.3333333432674408
                    ],
                    [
                        0.3333333432674408
                    ],
                    [
                        0.3333333432674408
                    ],
                    [
                        0.3333333432674408
                    ],
                    [
                        0.3333333432674408
                    ],
                    [
                        0.6666666865348816
                    ],
                    [
                        0.3333333432674408
                    ],
                    [
                        0.3333333432674408
                    ],
                    [
                        0.3333333432674408
                    ],
                    [
                        0.3333333432674408
                    ],
                    [
                        0.3333333432674408
                    ]
                ]
            ],
            "returns": [
                [
                    [
                        0.5864583253860474
                    ],
                    [
                        0.5856666564941406
                    ],
                    [
                        0.5848749876022339
                    ],
                    [
                        0.5840833187103271
                    ],
                    [
                        0.5832916498184204
                    ],
                    [
                        0.5824999809265137
                    ],
                    [
                        0.5822499990463257
                    ],
                    [
                        0.5820000171661377
                    ],
                    [
                        0.5809999704360962
                    ],
                    [
                        0.5807499885559082
                    ],
                    [
                        0.5805000066757202
                    ],
                    [
                        0.5802500247955322
                    ],
                    [
                        0.5792499780654907
                    ],
                    [
                        0.5789999961853027
                    ],
                    [
                        0.5787500143051147
                    ],
                    [
                        0.577750027179718
                    ],
                    [
                        0.5768333077430725
                    ],
                    [
                        0.5759166479110718
                    ],
                    [
                        0.574999988079071
                    ],
                    [
                        0.5740416646003723
                    ]
                ]
            ],
            "timesteps": [
                [
                    80,
                    81,
                    82,
                    83,
                    84,
                    85,
                    86,
                    87,
                    88,
                    89,
                    90,
                    91,
                    92,
                    93,
                    94,
                    95,
                    96,
                    97,
                    98,
                    99
                ]
            ],
            "labels": [
                [
                    0,
                    0,
                    0,
                    0,
                    1,
                    0,
                    0,
                    0,
                    0,
                    0,
                    0,
                    0,
                    0,
                    0,
                    1,
                    0,
                    0,
                    0,
                    0,
                    0
                ]
            ],
            "CPU Usage": 11.9,
            "RAM Usage": 17.7,
            "GPU Usage": 57.99999999999999,
            "VRAM Usage": 15400.0,
            "Disk Read Speed (MB/s)": 75057177.68652344,
            "Disk Write Speed (MB/s)": 506878212.3095703
        },
        {
            "step": 2,
            "train_loss": 0.005877413786947727,
            "actions_pred1": [
                [
                    [
                        5.280555725097656,
                        -2.7062134742736816,
                        -2.4980578422546387
                    ],
                    [
                        4.576477527618408,
                        -2.1349997520446777,
                        -1.9932224750518799
                    ],
                    [
                        3.6679935455322266,
                        -1.0410826206207275,
                        -2.5392963886260986
                    ],
                    [
                        3.2058794498443604,
                        -0.5620521903038025,
                        -2.380939483642578
                    ],
                    [
                        -0.6630121469497681,
                        2.605731964111328,
                        -2.316209077835083
                    ],
                    [
                        3.9733476638793945,
                        -0.0987362489104271,
                        -2.7301442623138428
                    ],
                    [
                        4.412489414215088,
                        -0.5019783973693848,
                        -1.972679853439331
                    ],
                    [
                        3.6092803478240967,
                        -0.4125489592552185,
                        -1.781493067741394
                    ],
                    [
                        4.166678428649902,
                        -1.3714103698730469,
                        -2.7476141452789307
                    ],
                    [
                        3.388200283050537,
                        -0.4193658232688904,
                        -1.5882642269134521
                    ],
                    [
                        3.764714479446411,
                        -0.17409570515155792,
                        -2.1586062908172607
                    ],
                    [
                        3.9325010776519775,
                        -0.09169977903366089,
                        -1.8270447254180908
                    ],
                    [
                        3.3275389671325684,
                        -0.10866345465183258,
                        -1.89021635055542
                    ],
                    [
                        3.544724941253662,
                        -0.6816391348838806,
                        -2.107022523880005
                    ],
                    [
                        3.10587739944458,
                        -0.28031063079833984,
                        -1.4056923389434814
                    ],
                    [
                        3.8909413814544678,
                        -0.06206958740949631,
                        -1.2618061304092407
                    ],
                    [
                        4.706162452697754,
                        -0.37618619203567505,
                        -1.839771032333374
                    ],
                    [
                        3.9508328437805176,
                        -0.5293539762496948,
                        -1.5349597930908203
                    ],
                    [
                        4.429937362670898,
                        -0.6083951592445374,
                        -1.5203908681869507
                    ],
                    [
                        4.592293739318848,
                        -0.2740590572357178,
                        -1.924525499343872
                    ]
                ]
            ],
            "actions_pred": [
                [
                    [
                        5.280555725097656,
                        4.576477527618408,
                        3.6679935455322266,
                        3.2058794498443604,
                        -0.6630121469497681,
                        3.9733476638793945,
                        4.412489414215088,
                        3.6092803478240967,
                        4.166678428649902,
                        3.388200283050537,
                        3.764714479446411,
                        3.9325010776519775,
                        3.3275389671325684,
                        3.544724941253662,
                        3.10587739944458,
