{
    "steps": [
        {
            "step": 0,
            "train_loss": 0.03787773475050926,
            "actions_pred1": [
                [
                    [
                        -0.10462644696235657,
                        1.0116474628448486,
                        -0.13437609374523163
                    ],
                    [
                        -0.4008524715900421,
                        0.6356245875358582,
                        0.19242088496685028
                    ],
                    [
                        0.03927437961101532,
                        0.623823344707489,
                        0.00768653117120266
                    ],
                    [
                        -0.10113508999347687,
                        0.6836004257202148,
                        0.08269878476858139
                    ],
                    [
                        0.2676553726196289,
                        0.6524966359138489,
                        -0.20709006488323212
                    ],
                    [
                        0.14326612651348114,
                        0.40643957257270813,
                        -0.3293280005455017
                    ],
                    [
                        0.1930917501449585,
                        0.6383315920829773,
                        -0.4038410782814026
                    ],
                    [
                        0.7218815684318542,
                        0.4932045638561249,
                        -0.03621122986078262
                    ],
                    [
                        0.2393658608198166,
                        0.5614901781082153,
                        -0.25867411494255066
                    ],
                    [
                        0.291585773229599,
                        0.5952981114387512,
                        -0.40122851729393005
                    ],
                    [
                        0.11366362869739532,
                        0.6979737877845764,
                        -0.33244767785072327
                    ],
                    [
                        0.01662565767765045,
                        0.8436424136161804,
                        -0.31795021891593933
                    ],
                    [
                        0.05836080014705658,
                        0.5859317779541016,
                        -0.19568519294261932
                    ],
                    [
                        -0.11282791197299957,
                        0.881389319896698,
                        -0.21706342697143555
                    ],
                    [
                        0.015542000532150269,
                        0.628192126750946,
                        -0.43930649757385254
                    ],
                    [
                        -0.19975918531417847,
                        0.7683572769165039,
                        -0.4344497323036194
                    ],
                    [
                        0.1901339441537857,
                        0.35590893030166626,
                        -0.2015921026468277
                    ],
                    [
                        0.14300581812858582,
                        0.38319382071495056,
                        -0.12794071435928345
                    ],
                    [
                        -0.09467336535453796,
                        0.5567140579223633,
                        -0.3363766670227051
                    ],
                    [
                        0.26169973611831665,
                        0.6586131453514099,
                        0.07759607583284378
                    ]
                ]
            ],
            "actions_pred": [
                [
                    [
                        -0.10462644696235657,
                        -0.4008524715900421,
                        0.03927437961101532,
                        -0.10113508999347687,
                        0.2676553726196289,
                        0.14326612651348114,
                        0.1930917501449585,
                        0.7218815684318542,
                        0.2393658608198166,
                        0.291585773229599,
                        0.11366362869739532,
                        0.01662565767765045,
                        0.05836080014705658,
                        -0.11282791197299957,
                        0.015542000532150269,
                        -0.19975918531417847,
                        0.1901339441537857,
                        0.14300581812858582,
                        -0.09467336535453796,
                        0.26169973611831665
                    ],
                    [
                        1.0116474628448486,
                        0.6356245875358582,
                        0.623823344707489,
                        0.6836004257202148,
                        0.6524966359138489,
                        0.40643957257270813,
                        0.6383315920829773,
                        0.4932045638561249,
                        0.5614901781082153,
                        0.5952981114387512,
                        0.6979737877845764,
                        0.8436424136161804,
                        0.5859317779541016,
                        0.881389319896698,
                        0.628192126750946,
                        0.7683572769165039,
                        0.35590893030166626,
                        0.38319382071495056,
                        0.5567140579223633,
                        0.6586131453514099
                    ],
                    [
                        -0.13437609374523163,
                        0.19242088496685028,
                        0.00768653117120266,
                        0.08269878476858139,
                        -0.20709006488323212,
                        -0.3293280005455017,
                        -0.4038410782814026,
                        -0.03621122986078262,
                        -0.25867411494255066,
                        -0.40122851729393005,
                        -0.33244767785072327,
                        -0.31795021891593933,
                        -0.19568519294261932,
                        -0.21706342697143555,
                        -0.43930649757385254,
                        -0.4344497323036194,
                        -0.2015921026468277,
                        -0.12794071435928345,
                        -0.3363766670227051,
                        0.07759607583284378
                    ]
                ]
            ],
            "states": [
                [
                    [
                        0.0,
                        0.0,
                        495378080.0,
                        110000.0,
                        16729457664.0,
                        0.0,
                        8510201.0,
                        102.0
                    ],
                    [
                        0.0,
                        0.0,
                        495378080.0,
                        110000.0,
                        17224835072.0,
                        0.0,
                        8510265.0,
                        102.0
                    ],
                    [
                        0.0,
                        0.0,
                        495378080.0,
                        110000.0,
                        17720213504.0,
                        0.0,
                        8510317.0,
                        102.0
                    ],
                    [
                        0.0,
                        0.0,
                        495378080.0,
                        110000.0,
                        18215591936.0,
                        0.0,
                        8511817.0,
                        102.0
                    ],
                    [
                        0.0,
                        0.0,
                        495378080.0,
                        110000.0,
                        18710970368.0,
                        0.0,
                        8513317.0,
                        102.0
                    ],
                    [
                        0.0,
                        0.0,
                        265865776.0,
                        70000.0,
                        8205485568.0,
                        0.0,
                        8520729.0,
                        103.0
                    ],
                    [
                        0.0,
                        0.0,
                        265865776.0,
                        70000.0,
                        8471351296.0,
                        0.0,
                        8520781.0,
                        103.0
                    ],
                    [
                        0.0,
                        0.0,
                        265865776.0,
                        70000.0,
                        8737216512.0,
                        0.0,
                        8520833.0,
                        103.0
                    ],
                    [
                        0.0,
                        0.0,
                        265865776.0,
                        70000.0,
                        9003082752.0,
                        0.0,
                        8520885.0,
                        103.0
                    ],
                    [
                        0.0,
                        0.0,
                        265865776.0,
                        70000.0,
                        9268948992.0,
                        0.0,
                        8520937.0,
                        103.0
                    ],
                    [
                        0.0,
                        0.0,
                        265865776.0,
                        70000.0,
                        8471351296.0,
                        0.0,
                        8520781.0,
                        103.0
                    ],
                    [
                        0.0,
                        0.0,
                        265865776.0,
                        70000.0,
                        8737216512.0,
                        0.0,
                        8520833.0,
                        103.0
                    ],
                    [
                        0.0,
                        0.0,
                        265865776.0,
                        70000.0,
                        9003082752.0,
                        0.0,
                        8520885.0,
                        103.0
                    ],
                    [
                        0.0,
                        0.0,
                        265865776.0,
                        70000.0,
                        9268948992.0,
                        0.0,
                        8520937.0,
                        103.0
                    ],
                    [
                        0.0,
                        0.0,
                        265865776.0,
                        70000.0,
                        0.0,
                        0.0,
                        8520989.0,
                        103.0
                    ],
                    [
                        1.0,
                        150000.0,
                        0.0,
                        10000.0,
                        0.0,
                        0.0,
                        9291646.0,
                        0.0
                    ],
                    [
                        1.0,
                        150000.0,
                        0.0,
                        10000.0,
                        0.0,
                        0.0,
                        9293146.0,
                        0.0
                    ],
                    [
                        1.0,
                        150000.0,
                        0.0,
                        10000.0,
                        0.0,
                        0.0,
                        9294646.0,
                        0.0
                    ],
                    [
                        1.0,
                        150000.0,
                        0.0,
                        10000.0,
                        0.0,
                        0.0,
                        9296146.0,
                        0.0
                    ],
                    [
                        0.0,
                        0.0,
                        245733104.0,
                        40000.0,
                        18121478144.0,
                        0.0,
                        8550589.0,
                        104.0
                    ]
                ]
            ],
            "actions": [
                [
                    [
                        0.3333333432674408
                    ],
                    [
                        0.3333333432674408
                    ],
                    [
                        0.3333333432674408
                    ],
                    [
                        0.3333333432674408
                    ],
                    [
                        0.6666666865348816
                    ],
                    [
                        0.3333333432674408
                    ],
                    [
                        0.3333333432674408
                    ],
                    [
                        0.3333333432674408
                    ],
                    [
                        0.3333333432674408
                    ],
                    [
                        0.3333333432674408
                    ],
                    [
                        0.3333333432674408
                    ],
                    [
                        0.3333333432674408
                    ],
                    [
                        0.3333333432674408
                    ],
                    [
                        0.3333333432674408
                    ],
                    [
                        0.6666666865348816
                    ],
                    [
                        0.3333333432674408
                    ],
                    [
                        0.3333333432674408
                    ],
                    [
                        0.3333333432674408
                    ],
                    [
                        0.3333333432674408
                    ],
                    [
                        0.3333333432674408
                    ]
                ]
            ],
            "returns": [
                [
                    [
                        0.12141666561365128
                    ],
                    [
                        0.12095833569765091
                    ],
                    [
                        0.12049999833106995
                    ],
                    [
                        0.12004166841506958
                    ],
                    [
                        0.11958333104848862
                    ],
                    [
                        0.11912500113248825
                    ],
                    [
                        0.11883333325386047
                    ],
                    [
                        0.1185416653752327
                    ],
                    [
                        0.11824999749660492
                    ],
                    [
                        0.11795832961797714
                    ],
                    [
                        0.11766666918992996
                    ],
                    [
                        0.11737500131130219
                    ],
                    [
                        0.11708333343267441
                    ],
                    [
                        0.11679166555404663
                    ],
                    [
                        0.11649999767541885
                    ],
                    [
                        0.11620832979679108
                    ],
                    [
                        0.11616666615009308
                    ],
                    [
                        0.11612500250339508
                    ],
                    [
                        0.11608333140611649
                    ],
                    [
                        0.11604166775941849
                    ]
                ]
            ],
            "timesteps": [
                [
                    1060,
                    1061,
                    1062,
                    1063,
                    1064,
                    1065,
                    1066,
                    1067,
                    1068,
                    1069,
                    1070,
                    1071,
                    1072,
                    1073,
                    1074,
                    1075,
                    1076,
                    1077,
                    1078,
                    1079
                ]
            ],
            "labels": [
                [
                    0,
                    0,
                    0,
                    0,
                    1,
                    0,
                    0,
                    0,
                    0,
                    0,
                    0,
                    0,
                    0,
                    0,
                    1,
                    0,
                    0,
                    0,
                    0,
                    0
                ]
            ],
            "CPU Usage": 7.8,
            "RAM Usage": 17.4,
            "GPU Usage": 42.0,
            "VRAM Usage": 15400.0,
            "Disk Read Speed (MB/s)": 75057177.68652344,
            "Disk Write Speed (MB/s)": 506877924.62597656
        },
        {
            "step": 1,
            "train_loss": 0.024349268525838852,
            "actions_pred1": [
                [
                    [
                        0.9686763882637024,
                        0.29049673676490784,
                        0.11208871752023697
                    ],
                    [
                        0.7291819453239441,
                        0.356248676776886,
                        0.09552592039108276
                    ],
                    [
                        0.8635053634643555,
                        0.2916741371154785,
                        0.003461485728621483
                    ],
                    [
                        0.7803717255592346,
                        0.24266056716442108,
                        0.1636408418416977
                    ],
                    [
                        0.7721941471099854,
                        0.13934139907360077,
                        0.010741790756583214
                    ],
                    [
                        1.1687582731246948,
                        0.15970592200756073,
                        0.10274910181760788
                    ],
                    [
                        0.7785002589225769,
                        0.17413687705993652,
                        -0.12709376215934753
                    ],
                    [
                        0.6985828280448914,
                        0.22304102778434753,
                        -0.04219726473093033
                    ],
                    [
                        0.6172718405723572,
                        0.3378632068634033,
                        -0.2987076938152313
                    ],
                    [
                        0.6422612071037292,
                        0.26799818873405457,
                        -0.13220509886741638
                    ],
                    [
                        0.7284911870956421,
                        0.11035435646772385,
                        -0.29610827565193176
                    ],
                    [
                        0.14922672510147095,
                        0.30175158381462097,
                        -0.3115149140357971
                    ],
                    [
                        0.5687912702560425,
                        0.12028440088033676,
                        -0.18056656420230865
                    ],
                    [
                        0.780106246471405,
                        0.19422979652881622,
                        -0.0863116905093193
                    ],
                    [
                        0.5746317505836487,
                        0.29312095046043396,
                        0.039907850325107574
                    ],
                    [
                        0.5513802170753479,
                        0.18565873801708221,
                        -0.05623955279588699
                    ],
                    [
                        0.7211766839027405,
                        0.26598167419433594,
                        -0.04993441700935364
                    ],
                    [
                        0.7538232803344727,
                        0.271211713552475,
                        -0.04095512628555298
                    ],
                    [
                        0.628754734992981,
                        0.2057948261499405,
                        -0.27852657437324524
                    ],
                    [
                        0.9638586044311523,
                        0.479024738073349,
                        0.11365767568349838
                    ]
                ]
            ],
            "actions_pred": [
                [
                    [
                        0.9686763882637024,
                        0.7291819453239441,
                        0.8635053634643555,
                        0.7803717255592346,
                        0.7721941471099854,
                        1.1687582731246948,
                        0.7785002589225769,
                        0.6985828280448914,
                        0.6172718405723572,
                        0.6422612071037292,
                        0.7284911870956421,
                        0.14922672510147095,
                        0.5687912702560425,
                        0.780106246471405,
                        0.5746317505836487,
                        0.5513802170753479,
                        0.7211766839027405,
                        0.7538232803344727,
                        0.628754734992981,
                        0.9638586044311523
                    ],
                    [
                        0.29049673676490784,
                        0.356248676776886,
                        0.2916741371154785,
                        0.24266056716442108,
                        0.13934139907360077,
                        0.15970592200756073,
                        0.17413687705993652,
                        0.22304102778434753,
                        0.3378632068634033,
                        0.26799818873405457,
                        0.11035435646772385,
                        0.30175158381462097,
                        0.12028440088033676,
                        0.19422979652881622,
                        0.29312095046043396,
                        0.18565873801708221,
                        0.26598167419433594,
                        0.271211713552475,
                        0.2057948261499405,
                        0.479024738073349
                    ],
                    [
                        0.11208871752023697,
                        0.09552592039108276,
                        0.003461485728621483,
                        0.1636408418416977,
                        0.010741790756583214,
                        0.10274910181760788,
                        -0.12709376215934753,
                        -0.04219726473093033,
                        -0.2987076938152313,
                        -0.13220509886741638,
                        -0.29610827565193176,
                        -0.3115149140357971,
                        -0.18056656420230865,
                        -0.0863116905093193,
                        0.039907850325107574,
                        -0.05623955279588699,
                        -0.04993441700935364,
                        -0.04095512628555298,
                        -0.27852657437324524,
                        0.11365767568349838
                    ]
                ]
            ],
            "states": [
                [
                    [
                        0.0,
                        0.0,
                        362267936.0,
                        180000.0,
                        16417097728.0,
                        0.0,
                        10191985.0,
                        116.0
                    ],
                    [
                        0.0,
                        0.0,
                        362267936.0,
                        180000.0,
                        16779366400.0,
                        0.0,
                        10193485.0,
                        116.0
                    ],
                    [
                        0.0,
                        0.0,
                        362267936.0,
                        180000.0,
                        17141634048.0,
                        0.0,
                        10194985.0,
                        116.0
                    ],
                    [
                        0.0,
                        0.0,
                        362267936.0,
                        180000.0,
                        17503901696.0,
                        0.0,
                        10196485.0,
                        116.0
                    ],
                    [
                        0.0,
                        0.0,
                        362267936.0,
                        180000.0,
                        17866170368.0,
                        0.0,
                        10197985.0,
                        116.0
                    ],
                    [
                        0.0,
                        0.0,
                        362267936.0,
                        180000.0,
                        16779366400.0,
                        0.0,
                        10193485.0,
                        116.0
                    ],
                    [
                        0.0,
                        0.0,
                        362267936.0,
                        180000.0,
                        17141634048.0,
                        0.0,
                        10194985.0,
                        116.0
                    ],
                    [
                        0.0,
                        0.0,
                        362267936.0,
                        180000.0,
                        17503901696.0,
                        0.0,
                        10196485.0,
                        116.0
                    ],
                    [
                        0.0,
                        0.0,
                        362267936.0,
                        180000.0,
                        17866170368.0,
                        0.0,
                        10197985.0,
                        116.0
                    ],
                    [
                        0.0,
                        0.0,
                        405217600.0,
                        190000.0,
                        18271387648.0,
                        0.0,
                        10198037.0,
                        116.0
                    ],
                    [
                        0.0,
                        0.0,
                        491116928.0,
                        150000.0,
                        13573866496.0,
                        0.0,
                        10240141.0,
                        117.0
                    ],
                    [
                        0.0,
                        0.0,
                        491116928.0,
                        120000.0,
                        14064984064.0,
                        0.0,
                        10240193.0,
                        117.0
                    ],
                    [
                        0.0,
                        0.0,
                        491116928.0,
                        120000.0,
                        14556100608.0,
                        0.0,
                        10241693.0,
                        117.0
                    ],
                    [
                        0.0,
                        0.0,
                        491116928.0,
                        120000.0,
                        15047218176.0,
                        0.0,
                        10243193.0,
                        117.0
                    ],
                    [
                        0.0,
                        0.0,
                        331397856.0,
                        120000.0,
                        15378615296.0,
                        0.0,
                        10243245.0,
                        117.0
                    ],
                    [
                        0.0,
                        0.0,
                        491116928.0,
                        120000.0,
                        14064984064.0,
                        0.0,
                        10240193.0,
                        117.0
                    ],
                    [
                        0.0,
                        0.0,
                        491116928.0,
                        120000.0,
                        14556100608.0,
                        0.0,
                        10241693.0,
                        117.0
                    ],
                    [
                        0.0,
                        0.0,
                        491116928.0,
                        120000.0,
                        15047218176.0,
                        0.0,
                        10243193.0,
                        117.0
                    ],
                    [
                        0.0,
                        0.0,
                        331397856.0,
                        120000.0,
                        15378615296.0,
                        0.0,
                        10243245.0,
                        117.0
                    ],
                    [
                        0.0,
                        0.0,
                        331397856.0,
                        120000.0,
                        0.0,
                        0.0,
                        10243297.0,
                        117.0
                    ]
                ]
            ],
            "actions": [
                [
                    [
                        0.3333333432674408
                    ],
                    [
                        0.3333333432674408
                    ],
                    [
                        0.3333333432674408
                    ],
                    [
                        0.3333333432674408
                    ],
                    [
                        0.3333333432674408
                    ],
                    [
                        0.3333333432674408
                    ],
                    [
                        0.3333333432674408
                    ],
                    [
                        0.3333333432674408
                    ],
                    [
                        0.3333333432674408
                    ],
                    [
                        0.6666666865348816
                    ],
                    [
                        0.3333333432674408
                    ],
                    [
                        0.3333333432674408
                    ],
                    [
                        0.3333333432674408
                    ],
                    [
                        0.3333333432674408
                    ],
                    [
                        0.3333333432674408
                    ],
                    [
                        0.3333333432674408
                    ],
                    [
                        0.3333333432674408
                    ],
                    [
                        0.3333333432674408
                    ],
                    [
                        0.3333333432674408
                    ],
                    [
                        0.6666666865348816
                    ]
                ]
            ],
            "returns": [
                [
                    [
                        0.06941666454076767
                    ],
                    [
                        0.06866666674613953
                    ],
                    [
                        0.06791666895151138
                    ],
                    [
                        0.06716666370630264
                    ],
                    [
                        0.0664166659116745
                    ],
                    [
                        0.06566666811704636
                    ],
                    [
                        0.06491667032241821
                    ],
                    [
                        0.06416666507720947
                    ],
                    [
                        0.06341666728258133
                    ],
                    [
                        0.06266666948795319
                    ],
                    [
                        0.06187500059604645
                    ],
                    [
                        0.061250001192092896
                    ],
                    [
                        0.060750000178813934
                    ],
                    [
                        0.06024999916553497
                    ],
                    [
                        0.05974999815225601
                    ],
                    [
                        0.05925000086426735
                    ],
                    [
                        0.05874999985098839
                    ],
                    [
                        0.05824999883770943
                    ],
                    [
                        0.057750001549720764
                    ],
                    [
                        0.0572500005364418
                    ]
                ]
            ],
            "timesteps": [
                [
                    1220,
                    1221,
                    1222,
                    1223,
                    1224,
                    1225,
                    1226,
                    1227,
                    1228,
                    1229,
                    1230,
                    1231,
                    1232,
                    1233,
                    1234,
                    1235,
                    1236,
                    1237,
                    1238,
                    1239
                ]
            ],
            "labels": [
                [
                    0,
                    0,
                    0,
                    0,
                    0,
                    0,
                    0,
                    0,
                    0,
                    1,
                    0,
                    0,
                    0,
                    0,
                    0,
                    0,
                    0,
                    0,
                    0,
                    1
                ]
            ],
            "CPU Usage": 4.6,
            "RAM Usage": 17.4,
            "GPU Usage": 81.0,
            "VRAM Usage": 15400.0,
            "Disk Read Speed (MB/s)": 75057177.68652344,
            "Disk Write Speed (MB/s)": 506877924.62597656
        },
        {
            "step": 2,
            "train_loss": 0.024997306987643242,
            "actions_pred1": [
                [
                    [
                        0.46005746722221375,
                        0.25687459111213684,
                        -0.4598204493522644
                    ],
                    [
                        0.5141649842262268,
                        0.2768198549747467,
                        -0.39523258805274963
                    ],
                    [
                        0.20784394443035126,
                        0.2226659208536148,
                        -0.4982741177082062
                    ],
                    [
                        0.6334835290908813,
                        0.22481174767017365,
                        -0.15277034044265747
                    ],
                    [
                        0.706423282623291,
                        0.1843188852071762,
                        -0.20692859590053558
                    ],
                    [
                        0.5751009583473206,
                        0.1717226803302765,
                        -0.3059517443180084
                    ],
                    [
                        0.6843900084495544,
                        0.17277981340885162,
                        -0.1460021585226059
                    ],
                    [
                        0.8197973370552063,
                        0.2466716319322586,
                        -0.20113392174243927
                    ],
                    [
                        0.7580515742301941,
                        0.2815888226032257,
                        -0.01393497921526432
                    ],
                    [
                        0.7876884937286377,
                        0.2490287572145462,
                        -0.08699200302362442
                    ],
                    [
                        0.7177475690841675,
                        0.23563383519649506,
                        -0.14803916215896606
                    ],
                    [
                        0.4582844078540802,
                        0.3895954191684723,
                        -0.19715331494808197
                    ],
                    [
                        0.3286614418029785,
                        0.24730654060840607,
                        -0.41354748606681824
                    ],
                    [
                        0.34211239218711853,
                        0.2572172284126282,
                        -0.4049502909183502
                    ],
                    [
                        0.6208043098449707,
                        0.400816947221756,
                        -0.025638209655880928
                    ],
                    [
                        0.5716719627380371,
                        0.3162524998188019,
                        -0.2524861991405487
                    ],
                    [
                        0.6620765924453735,
                        0.19707253575325012,
                        -0.3995796740055084
                    ],
                    [
                        0.5919218063354492,
                        0.1784638613462448,
                        -0.19498322904109955
                    ],
                    [
                        0.5197150707244873,
                        0.17998287081718445,
                        -0.5373149514198303
                    ],
                    [
                        0.8178038597106934,
                        0.11162220686674118,
                        -0.08265937864780426
                    ]
                ]
            ],
            "actions_pred": [
                [
                    [
                        0.46005746722221375,
                        0.5141649842262268,
                        0.20784394443035126,
                        0.6334835290908813,
                        0.706423282623291,
                        0.5751009583473206,
                        0.6843900084495544,
                        0.8197973370552063,
                        0.7580515742301941,
                        0.7876884937286377,
