{
    "steps": [
        {
            "step": 0,
            "train_loss": 0.03506695479154587,
            "actions_pred1": [
                [
                    [
                        0.2966214716434479,
                        0.42432400584220886,
                        -0.2761409282684326
                    ],
                    [
                        0.15941332280635834,
                        0.45598551630973816,
                        -0.09941880404949188
                    ],
                    [
                        0.08187626302242279,
                        0.648353636264801,
                        -0.07951642572879791
                    ],
                    [
                        -0.08554063737392426,
                        0.7054464817047119,
                        -0.5077641606330872
                    ],
                    [
                        0.015009152702987194,
                        0.5454480051994324,
                        -0.14150883257389069
                    ],
                    [
                        0.20716430246829987,
                        0.5571292042732239,
                        -0.2398442029953003
                    ],
                    [
                        0.19438308477401733,
                        0.521607518196106,
                        -0.3288992643356323
                    ],
                    [
                        0.009282040409743786,
                        0.4173828065395355,
                        -0.09363894164562225
                    ],
                    [
                        -0.11373980343341827,
                        0.47097131609916687,
                        -0.19247983396053314
                    ],
                    [
                        0.029999051243066788,
                        0.4503071904182434,
                        0.03817332535982132
                    ],
                    [
                        0.08264635503292084,
                        0.5533932447433472,
                        -0.24614959955215454
                    ],
                    [
                        -0.06425150483846664,
                        0.434166818857193,
                        -0.14277225732803345
                    ],
                    [
                        0.07496769726276398,
                        0.40568721294403076,
                        0.002286100760102272
                    ],
                    [
                        0.18953938782215118,
                        0.6562758684158325,
                        -0.17264136672019958
                    ],
                    [
                        0.43280309438705444,
                        0.39232203364372253,
                        -0.2177879512310028
                    ],
                    [
                        0.3467949330806732,
                        0.34599414467811584,
                        -0.14598770439624786
                    ],
                    [
                        0.24320955574512482,
                        0.3957725167274475,
                        -0.16848692297935486
                    ],
                    [
                        0.33200803399086,
                        0.5432165861129761,
                        -0.2508406341075897
                    ],
                    [
                        0.06889478862285614,
                        0.3382358253002167,
                        -0.14600464701652527
                    ],
                    [
                        0.4383111894130707,
                        0.2839089334011078,
                        0.127155140042305
                    ]
                ]
            ],
            "actions_pred": [
                [
                    [
                        0.2966214716434479,
                        0.15941332280635834,
                        0.08187626302242279,
                        -0.08554063737392426,
                        0.015009152702987194,
                        0.20716430246829987,
                        0.19438308477401733,
                        0.009282040409743786,
                        -0.11373980343341827,
                        0.029999051243066788,
                        0.08264635503292084,
                        -0.06425150483846664,
                        0.07496769726276398,
                        0.18953938782215118,
                        0.43280309438705444,
                        0.3467949330806732,
                        0.24320955574512482,
                        0.33200803399086,
                        0.06889478862285614,
                        0.4383111894130707
                    ],
                    [
                        0.42432400584220886,
                        0.45598551630973816,
                        0.648353636264801,
                        0.7054464817047119,
                        0.5454480051994324,
                        0.5571292042732239,
                        0.521607518196106,
                        0.4173828065395355,
                        0.47097131609916687,
                        0.4503071904182434,
                        0.5533932447433472,
                        0.434166818857193,
                        0.40568721294403076,
                        0.6562758684158325,
                        0.39232203364372253,
                        0.34599414467811584,
                        0.3957725167274475,
                        0.5432165861129761,
                        0.3382358253002167,
                        0.2839089334011078
                    ],
                    [
                        -0.2761409282684326,
                        -0.09941880404949188,
                        -0.07951642572879791,
                        -0.5077641606330872,
                        -0.14150883257389069,
                        -0.2398442029953003,
                        -0.3288992643356323,
                        -0.09363894164562225,
                        -0.19247983396053314,
                        0.03817332535982132,
                        -0.24614959955215454,
                        -0.14277225732803345,
                        0.002286100760102272,
                        -0.17264136672019958,
                        -0.2177879512310028,
                        -0.14598770439624786,
                        -0.16848692297935486,
                        -0.2508406341075897,
                        -0.14600464701652527,
                        0.127155140042305
                    ]
                ]
            ],
            "states": [
                [
                    [
                        1.0,
                        0.0,
                        3228302.0,
                        80000.0,
                        54889640.0,
                        0.0,
                        6126646.0,
                        0.0
                    ],
                    [
                        0.0,
                        0.0,
                        508653056.0,
                        130000.0,
                        14240621568.0,
                        0.0,
                        6650849.0,
                        77.0
                    ],
                    [
                        1.0,
                        0.0,
                        3228302.0,
                        80000.0,
                        58117940.0,
                        0.0,
                        6128146.0,
                        0.0
                    ],
                    [
                        0.0,
                        0.0,
                        508653056.0,
                        130000.0,
                        14749275136.0,
                        0.0,
                        6650901.0,
                        77.0
                    ],
                    [
                        0.0,
                        0.0,
                        508653056.0,
                        130000.0,
                        0.0,
                        0.0,
                        6650981.0,
                        77.0
                    ],
                    [
                        0.0,
                        0.0,
                        508653056.0,
                        130000.0,
                        508653056.0,
                        0.0,
                        6651061.0,
                        78.0
                    ],
                    [
                        0.0,
                        0.0,
                        508653056.0,
                        130000.0,
                        1017306112.0,
                        0.0,
                        6651141.0,
                        78.0
                    ],
                    [
                        0.0,
                        0.0,
                        508653056.0,
                        130000.0,
                        1525959168.0,
                        0.0,
                        6651193.0,
                        78.0
                    ],
                    [
                        0.0,
                        0.0,
                        508653056.0,
                        130000.0,
                        2034612224.0,
                        0.0,
                        6651245.0,
                        78.0
                    ],
                    [
                        0.0,
                        0.0,
                        508653056.0,
                        130000.0,
                        2543265280.0,
                        0.0,
                        6651297.0,
                        78.0
                    ],
                    [
                        0.0,
                        0.0,
                        508653056.0,
                        130000.0,
                        1017306112.0,
                        0.0,
                        6651141.0,
                        78.0
                    ],
                    [
                        0.0,
                        0.0,
                        508653056.0,
                        130000.0,
                        1525959168.0,
                        0.0,
                        6651193.0,
                        78.0
                    ],
                    [
                        0.0,
                        0.0,
                        508653056.0,
                        130000.0,
                        2034612224.0,
                        0.0,
                        6651245.0,
                        78.0
                    ],
                    [
                        0.0,
                        0.0,
                        508653056.0,
                        130000.0,
                        2543265280.0,
                        0.0,
                        6651297.0,
                        78.0
                    ],
                    [
                        0.0,
                        0.0,
                        508653056.0,
                        130000.0,
                        0.0,
                        0.0,
                        6651369.0,
                        78.0
                    ],
                    [
                        0.0,
                        0.0,
                        508653056.0,
                        130000.0,
                        0.0,
                        0.0,
                        6651369.0,
                        78.0
                    ],
                    [
                        0.0,
                        0.0,
                        508653056.0,
                        140000.0,
                        508653056.0,
                        0.0,
                        6651421.0,
                        79.0
                    ],
                    [
                        0.0,
                        0.0,
                        551602688.0,
                        140000.0,
                        1060255744.0,
                        0.0,
                        6651473.0,
                        79.0
                    ],
                    [
                        0.0,
                        0.0,
                        551602688.0,
                        140000.0,
                        1611858432.0,
                        0.0,
                        6651525.0,
                        79.0
                    ],
                    [
                        0.0,
                        0.0,
                        551602688.0,
                        140000.0,
                        2163461120.0,
                        0.0,
                        6651577.0,
                        79.0
                    ]
                ]
            ],
            "actions": [
                [
                    [
                        0.3333333432674408
                    ],
                    [
                        0.3333333432674408
                    ],
                    [
                        0.3333333432674408
                    ],
                    [
                        0.3333333432674408
                    ],
                    [
                        0.6666666865348816
                    ],
                    [
                        0.3333333432674408
                    ],
                    [
                        0.3333333432674408
                    ],
                    [
                        0.3333333432674408
                    ],
                    [
                        0.3333333432674408
                    ],
                    [
                        0.3333333432674408
                    ],
                    [
                        0.3333333432674408
                    ],
                    [
                        0.3333333432674408
                    ],
                    [
                        0.3333333432674408
                    ],
                    [
                        0.3333333432674408
                    ],
                    [
                        0.6666666865348816
                    ],
                    [
                        0.6666666865348816
                    ],
                    [
                        0.3333333432674408
                    ],
                    [
                        0.3333333432674408
                    ],
                    [
                        0.3333333432674408
                    ],
                    [
                        0.3333333432674408
                    ]
                ]
            ],
            "returns": [
                [
                    [
                        0.22637499868869781
                    ],
                    [
                        0.22604165971279144
                    ],
                    [
                        0.22550000250339508
                    ],
                    [
                        0.2251666635274887
                    ],
                    [
                        0.22462500631809235
                    ],
                    [
                        0.2240833342075348
                    ],
                    [
                        0.22354166209697723
                    ],
                    [
                        0.22300000488758087
                    ],
                    [
                        0.22245833277702332
                    ],
                    [
                        0.22191666066646576
                    ],
                    [
                        0.2213750034570694
                    ],
                    [
                        0.22083333134651184
                    ],
                    [
                        0.22029165923595428
                    ],
                    [
                        0.21975000202655792
                    ],
                    [
                        0.21920832991600037
                    ],
                    [
                        0.218666672706604
                    ],
                    [
                        0.21812500059604645
                    ],
                    [
                        0.2175416648387909
                    ],
                    [
                        0.21695832908153534
                    ],
                    [
                        0.21637499332427979
                    ]
                ]
            ],
            "timesteps": [
                [
                    780,
                    781,
                    782,
                    783,
                    784,
                    785,
                    786,
                    787,
                    788,
                    789,
                    790,
                    791,
                    792,
                    793,
                    794,
                    795,
                    796,
                    797,
                    798,
                    799
                ]
            ],
            "labels": [
                [
                    0,
                    0,
                    0,
                    0,
                    1,
                    0,
                    0,
                    0,
                    0,
                    0,
                    0,
                    0,
                    0,
                    0,
                    1,
                    1,
                    0,
                    0,
                    0,
                    0
                ]
            ],
            "CPU Usage": 5.0,
            "RAM Usage": 17.4,
            "GPU Usage": 42.0,
            "VRAM Usage": 15400.0,
            "Disk Read Speed (MB/s)": 75057177.68652344,
            "Disk Write Speed (MB/s)": 506877910.1611328
        },
        {
            "step": 1,
            "train_loss": 0.025134321302175522,
            "actions_pred1": [
                [
                    [
                        0.5150226950645447,
                        0.277292937040329,
                        0.05053596943616867
                    ],
                    [
                        0.711611270904541,
                        0.38287830352783203,
                        -0.03271280229091644
                    ],
                    [
                        0.8757763504981995,
                        0.343818724155426,
                        0.06829599291086197
                    ],
                    [
                        0.5155654549598694,
                        0.3326118588447571,
                        -0.17227178812026978
                    ],
                    [
                        0.6772032976150513,
                        0.38634541630744934,
                        -0.10366672277450562
                    ],
                    [
                        0.8631084561347961,
                        0.393809050321579,
                        -0.20631921291351318
                    ],
                    [
                        0.9078453183174133,
                        0.3540970981121063,
                        -0.030566325411200523
                    ],
                    [
                        0.9168517589569092,
                        0.30028730630874634,
                        -0.22204121947288513
                    ],
                    [
                        1.0957237482070923,
                        0.26501044631004333,
                        0.09352248907089233
                    ],
                    [
                        0.7406338453292847,
                        0.5414948463439941,
                        -0.28248903155326843
                    ],
                    [
                        0.6039624214172363,
                        0.23520512878894806,
                        0.010932782664895058
                    ],
                    [
                        0.7475259304046631,
                        0.33328622579574585,
                        -0.10480441898107529
                    ],
                    [
                        0.5564286708831787,
                        0.27972859144210815,
                        0.027202146127820015
                    ],
                    [
                        0.6508467793464661,
                        0.18804632127285004,
                        -0.04865100979804993
                    ],
                    [
                        0.6123374700546265,
                        0.2259664535522461,
                        0.19327229261398315
                    ],
                    [
                        0.8677810430526733,
                        0.4065110981464386,
                        0.08560048043727875
                    ],
                    [
                        0.8667631149291992,
                        0.21307823061943054,
                        0.07479728758335114
                    ],
                    [
                        0.8072217702865601,
                        0.1527891308069229,
                        0.11296887695789337
                    ],
                    [
                        0.7740244269371033,
                        0.3214041292667389,
                        0.2330489307641983
                    ],
                    [
                        0.771430492401123,
                        0.13978876173496246,
                        -0.08160006999969482
                    ]
                ]
            ],
            "actions_pred": [
                [
                    [
                        0.5150226950645447,
                        0.711611270904541,
                        0.8757763504981995,
                        0.5155654549598694,
                        0.6772032976150513,
                        0.8631084561347961,
                        0.9078453183174133,
                        0.9168517589569092,
                        1.0957237482070923,
                        0.7406338453292847,
                        0.6039624214172363,
                        0.7475259304046631,
                        0.5564286708831787,
                        0.6508467793464661,
                        0.6123374700546265,
                        0.8677810430526733,
                        0.8667631149291992,
                        0.8072217702865601,
                        0.7740244269371033,
                        0.771430492401123
                    ],
                    [
                        0.277292937040329,
                        0.38287830352783203,
                        0.343818724155426,
                        0.3326118588447571,
                        0.38634541630744934,
                        0.393809050321579,
                        0.3540970981121063,
                        0.30028730630874634,
                        0.26501044631004333,
                        0.5414948463439941,
                        0.23520512878894806,
                        0.33328622579574585,
                        0.27972859144210815,
                        0.18804632127285004,
                        0.2259664535522461,
                        0.4065110981464386,
                        0.21307823061943054,
                        0.1527891308069229,
                        0.3214041292667389,
                        0.13978876173496246
                    ],
                    [
                        0.05053596943616867,
                        -0.03271280229091644,
                        0.06829599291086197,
                        -0.17227178812026978,
                        -0.10366672277450562,
                        -0.20631921291351318,
                        -0.030566325411200523,
                        -0.22204121947288513,
                        0.09352248907089233,
                        -0.28248903155326843,
                        0.010932782664895058,
                        -0.10480441898107529,
                        0.027202146127820015,
                        -0.04865100979804993,
                        0.19327229261398315,
                        0.08560048043727875,
                        0.07479728758335114,
                        0.11296887695789337,
                        0.2330489307641983,
                        -0.08160006999969482
                    ]
                ]
            ],
            "states": [
                [
                    [
                        0.0,
                        0.0,
                        401474176.0,
                        110000.0,
                        2408845056.0,
                        0.0,
                        3264413.0,
                        21.0
                    ],
                    [
                        0.0,
                        0.0,
                        401474176.0,
                        110000.0,
                        2810319104.0,
                        0.0,
                        3265913.0,
                        21.0
                    ],
                    [
                        0.0,
                        0.0,
                        401474176.0,
                        110000.0,
                        3211793408.0,
                        0.0,
                        3267413.0,
                        21.0
                    ],
                    [
                        0.0,
                        0.0,
                        401474176.0,
                        110000.0,
                        3613267456.0,
                        0.0,
                        3268913.0,
                        21.0
                    ],
                    [
                        0.0,
                        0.0,
                        401474176.0,
                        110000.0,
                        0.0,
                        0.0,
                        3270413.0,
                        21.0
                    ],
                    [
                        1.0,
                        120000.0,
                        9830.0,
                        10000.0,
                        196595.0,
                        0.0,
                        2393146.0,
                        0.0
                    ],
                    [
                        0.0,
                        0.0,
                        426975520.0,
                        110000.0,
                        2032872192.0,
                        0.0,
                        3277913.0,
                        22.0
                    ],
                    [
                        0.0,
                        0.0,
                        426975520.0,
                        110000.0,
                        2459847680.0,
                        0.0,
                        3279413.0,
                        22.0
                    ],
                    [
                        0.0,
                        0.0,
                        426975520.0,
                        110000.0,
                        2886823168.0,
                        0.0,
                        3280913.0,
                        22.0
                    ],
                    [
                        0.0,
                        0.0,
                        426975520.0,
                        110000.0,
                        3313798912.0,
                        0.0,
                        3282413.0,
                        22.0
                    ],
                    [
                        0.0,
                        0.0,
                        426975520.0,
                        110000.0,
                        2032872192.0,
                        0.0,
                        3277913.0,
                        22.0
                    ],
                    [
                        0.0,
                        0.0,
                        426975520.0,
                        110000.0,
                        2459847680.0,
                        0.0,
                        3279413.0,
                        22.0
                    ],
                    [
                        0.0,
                        0.0,
                        426975520.0,
                        110000.0,
                        2886823168.0,
                        0.0,
                        3280913.0,
                        22.0
                    ],
                    [
                        0.0,
                        0.0,
                        426975520.0,
                        110000.0,
                        3313798912.0,
                        0.0,
                        3282413.0,
                        22.0
                    ],
                    [
                        0.0,
                        0.0,
                        426975520.0,
                        110000.0,
                        0.0,
                        0.0,
                        3283913.0,
                        22.0
                    ],
                    [
                        0.0,
                        0.0,
                        426975520.0,
                        110000.0,
                        0.0,
                        0.0,
                        3283913.0,
                        22.0
                    ],
                    [
                        0.0,
                        0.0,
                        426975520.0,
                        110000.0,
                        426975520.0,
                        0.0,
                        3285413.0,
                        23.0
                    ],
                    [
                        0.0,
                        0.0,
                        426975520.0,
                        110000.0,
                        853951040.0,
                        0.0,
                        3286913.0,
                        23.0
                    ],
                    [
                        0.0,
                        0.0,
                        426975520.0,
                        110000.0,
                        1280926592.0,
                        0.0,
                        3288413.0,
                        23.0
                    ],
                    [
                        0.0,
                        0.0,
                        426975520.0,
                        110000.0,
                        1707902080.0,
                        0.0,
                        3289913.0,
                        23.0
                    ]
                ]
            ],
            "actions": [
                [
                    [
                        0.3333333432674408
                    ],
                    [
                        0.3333333432674408
                    ],
                    [
                        0.3333333432674408
                    ],
                    [
                        0.3333333432674408
                    ],
                    [
                        0.6666666865348816
                    ],
                    [
                        0.3333333432674408
                    ],
                    [
                        0.3333333432674408
                    ],
                    [
                        0.3333333432674408
                    ],
                    [
                        0.3333333432674408
                    ],
                    [
                        0.3333333432674408
                    ],
                    [
                        0.3333333432674408
                    ],
                    [
                        0.3333333432674408
                    ],
                    [
                        0.3333333432674408
                    ],
                    [
                        0.3333333432674408
                    ],
                    [
                        0.6666666865348816
                    ],
                    [
                        0.6666666865348816
                    ],
                    [
                        0.3333333432674408
                    ],
                    [
                        0.3333333432674408
                    ],
                    [
                        0.3333333432674408
                    ],
                    [
                        0.3333333432674408
                    ]
                ]
            ],
            "returns": [
                [
                    [
                        0.48995834589004517
                    ],
                    [
                        0.4894999861717224
                    ],
                    [
                        0.48904165625572205
                    ],
                    [
                        0.4885833263397217
                    ],
                    [
                        0.4881249964237213
                    ],
                    [
                        0.48766666650772095
                    ],
                    [
                        0.48762500286102295
                    ],
                    [
                        0.4871666729450226
                    ],
                    [
                        0.4867083430290222
                    ],
                    [
                        0.48625001311302185
                    ],
                    [
                        0.4857916533946991
                    ],
                    [
                        0.48533332347869873
                    ],
                    [
                        0.48487499356269836
                    ],
                    [
                        0.484416663646698
                    ],
                    [
                        0.48395833373069763
                    ],
                    [
                        0.48350000381469727
                    ],
                    [
                        0.4830416738986969
                    ],
                    [
                        0.48258334398269653
                    ],
                    [
                        0.48212501406669617
                    ],
                    [
                        0.4816666543483734
                    ]
                ]
            ],
            "timesteps": [
                [
                    220,
                    221,
                    222,
                    223,
                    224,
                    225,
                    226,
                    227,
                    228,
                    229,
                    230,
                    231,
                    232,
                    233,
                    234,
                    235,
                    236,
                    237,
                    238,
                    239
                ]
            ],
            "labels": [
                [
                    0,
                    0,
                    0,
                    0,
                    1,
                    0,
                    0,
                    0,
                    0,
                    0,
                    0,
                    0,
                    0,
                    0,
                    1,
                    1,
                    0,
                    0,
                    0,
                    0
                ]
            ],
            "CPU Usage": 5.1,
            "RAM Usage": 17.4,
            "GPU Usage": 81.0,
            "VRAM Usage": 15400.0,
            "Disk Read Speed (MB/s)": 75057177.68652344,
            "Disk Write Speed (MB/s)": 506877910.1611328
        },
        {
            "step": 2,
            "train_loss": 0.029523056000471115,
            "actions_pred1": [
                [
                    [
                        0.5346580743789673,
                        0.5952881574630737,
                        -0.1597825586795807
                    ],
                    [
                        0.3985680937767029,
                        0.6156108379364014,
                        -0.3095540404319763
                    ],
                    [
                        0.70057612657547,
                        0.39674291014671326,
                        0.037418290972709656
                    ],
                    [
                        0.4970284700393677,
                        0.29096198081970215,
                        -0.17781159281730652
                    ],
                    [
                        0.8214831352233887,
                        0.053845152258872986,
                        -0.09380431473255157
                    ],
                    [
                        0.6071619391441345,
                        0.26943084597587585,
                        -0.05003686249256134
                    ],
                    [
                        0.5952874422073364,
                        0.2553662061691284,
                        -0.003086177632212639
                    ],
                    [
                        0.9144715666770935,
                        0.12695075571537018,
                        -0.14515668153762817
                    ],
                    [
                        0.9623606204986572,
                        0.028257297351956367,
                        0.08549462258815765
                    ],
                    [
                        1.0363495349884033,
                        0.0335383266210556,
                        0.10266517102718353
                    ],
                    [
                        0.7557456493377686,
                        0.12146161496639252,
                        0.11516307294368744
                    ],
                    [
                        1.1977295875549316,
                        0.3269156813621521,
                        0.24785630404949188
                    ],
                    [
                        0.7727774381637573,
                        0.342048317193985,
                        0.0782272070646286
                    ],
                    [
                        0.7619011998176575,
                        0.2543685734272003,
                        0.16681250929832458
                    ],
                    [
                        0.7687654495239258,
                        0.48732176423072815,
                        0.2360413670539856
                    ],
                    [
                        0.7004638910293579,
                        0.19366495311260223,
                        0.09747657179832458
                    ],
                    [
                        1.0209059715270996,
                        0.14698366820812225,
                        0.2643280625343323
                    ],
                    [
                        0.9797618985176086,
                        0.35790640115737915,
                        0.34734779596328735
                    ],
                    [
                        0.7971720099449158,
                        0.40897008776664734,
                        0.10588040947914124
                    ],
                    [
                        0.9803520441055298,
                        0.28566423058509827,
                        0.06503763794898987
                    ]
                ]
            ],
            "actions_pred": [
                [
                    [
                        0.5346580743789673,
                        0.3985680937767029,
                        0.70057612657547,
                        0.4970284700393677,
                        0.8214831352233887,
                        0.6071619391441345,
                        0.5952874422073364,
                        0.9144715666770935,
                        0.9623606204986572,
                        1.0363495349884033,
                        0.7557456493377686,
                        1.1977295875549316,
                        0.7727774381637573,
