{
    "steps": [
        {
            "step": 0,
            "train_loss": 0.02373376674950123,
            "actions_pred1": [
                [
                    [
                        0.7306166887283325,
                        0.29791444540023804,
                        -0.5585641860961914
                    ],
                    [
                        0.6967752575874329,
                        0.5806003212928772,
                        -0.4605215787887573
                    ],
                    [
                        0.43809154629707336,
                        0.43676137924194336,
                        -0.40609556436538696
                    ],
                    [
                        0.8181948661804199,
                        0.4795742630958557,
                        -0.6114203929901123
                    ],
                    [
                        0.565635085105896,
                        0.41793951392173767,
                        -0.542078971862793
                    ],
                    [
                        0.6469628810882568,
                        0.4254521429538727,
                        -0.3984954357147217
                    ],
                    [
                        0.19576016068458557,
                        0.5522394776344299,
                        -0.4588090777397156
                    ],
                    [
                        0.5546342134475708,
                        0.3971169590950012,
                        -0.26788330078125
                    ],
                    [
                        0.7614331841468811,
                        0.38144147396087646,
                        -0.3959883451461792
                    ],
                    [
                        0.779958188533783,
                        0.6520724892616272,
                        -0.20187027752399445
                    ],
                    [
                        0.9321251511573792,
                        0.3992070257663727,
                        -0.20404867827892303
                    ],
                    [
                        0.8823026418685913,
                        0.4609799385070801,
                        -0.27123957872390747
                    ],
                    [
                        0.7145002484321594,
                        0.4541779160499573,
                        -0.2341342717409134
                    ],
                    [
                        1.0409939289093018,
                        0.5364861488342285,
                        -0.3235633969306946
                    ],
                    [
                        0.8389577269554138,
                        0.47922980785369873,
                        -0.02430643141269684
                    ],
                    [
                        0.743715226650238,
                        0.4875596761703491,
                        -0.14805065095424652
                    ],
                    [
                        0.7168716192245483,
                        0.3721085786819458,
                        -0.5267046689987183
                    ],
                    [
                        0.8450300097465515,
                        0.4268115162849426,
                        -0.5533151626586914
                    ],
                    [
                        1.4189385175704956,
                        0.2743372917175293,
                        -0.18245504796504974
                    ],
                    [
                        0.8620170950889587,
                        0.48884010314941406,
                        -0.195959210395813
                    ]
                ]
            ],
            "actions_pred": [
                [
                    [
                        0.7306166887283325,
                        0.6967752575874329,
                        0.43809154629707336,
                        0.8181948661804199,
                        0.565635085105896,
                        0.6469628810882568,
                        0.19576016068458557,
                        0.5546342134475708,
                        0.7614331841468811,
                        0.779958188533783,
                        0.9321251511573792,
                        0.8823026418685913,
                        0.7145002484321594,
                        1.0409939289093018,
                        0.8389577269554138,
                        0.743715226650238,
                        0.7168716192245483,
                        0.8450300097465515,
                        1.4189385175704956,
                        0.8620170950889587
                    ],
                    [
                        0.29791444540023804,
                        0.5806003212928772,
                        0.43676137924194336,
                        0.4795742630958557,
                        0.41793951392173767,
                        0.4254521429538727,
                        0.5522394776344299,
                        0.3971169590950012,
                        0.38144147396087646,
                        0.6520724892616272,
                        0.3992070257663727,
                        0.4609799385070801,
                        0.4541779160499573,
                        0.5364861488342285,
                        0.47922980785369873,
                        0.4875596761703491,
                        0.3721085786819458,
                        0.4268115162849426,
                        0.2743372917175293,
                        0.48884010314941406
                    ],
                    [
                        -0.5585641860961914,
                        -0.4605215787887573,
                        -0.40609556436538696,
                        -0.6114203929901123,
                        -0.542078971862793,
                        -0.3984954357147217,
                        -0.4588090777397156,
                        -0.26788330078125,
                        -0.3959883451461792,
                        -0.20187027752399445,
                        -0.20404867827892303,
                        -0.27123957872390747,
                        -0.2341342717409134,
                        -0.3235633969306946,
                        -0.02430643141269684,
                        -0.14805065095424652,
                        -0.5267046689987183,
                        -0.5533151626586914,
                        -0.18245504796504974,
                        -0.195959210395813
                    ]
                ]
            ],
            "states": [
                [
                    [
                        0.0,
                        0.0,
                        277798560.0,
                        160000.0,
                        10248473600.0,
                        0.0,
                        6056817.0,
                        39.0
                    ],
                    [
                        0.0,
                        0.0,
                        277798560.0,
                        160000.0,
                        10526271488.0,
                        0.0,
                        6056869.0,
                        39.0
                    ],
                    [
                        0.0,
                        0.0,
                        277798560.0,
                        160000.0,
                        10804070400.0,
                        0.0,
                        6056921.0,
                        39.0
                    ],
                    [
                        0.0,
                        0.0,
                        277798560.0,
                        160000.0,
                        11081869312.0,
                        0.0,
                        6056973.0,
                        39.0
                    ],
                    [
                        0.0,
                        0.0,
                        277798560.0,
                        160000.0,
                        0.0,
                        0.0,
                        6057025.0,
                        39.0
                    ],
                    [
                        0.0,
                        0.0,
                        244244144.0,
                        90000.0,
                        3175173888.0,
                        0.0,
                        6064941.0,
                        40.0
                    ],
                    [
                        0.0,
                        0.0,
                        244244144.0,
                        90000.0,
                        3419418112.0,
                        0.0,
                        6066441.0,
                        40.0
                    ],
                    [
                        0.0,
                        0.0,
                        244244144.0,
                        90000.0,
                        3663662080.0,
                        0.0,
                        6066493.0,
                        40.0
                    ],
                    [
                        0.0,
                        0.0,
                        244244144.0,
                        90000.0,
                        3907906304.0,
                        0.0,
                        6066545.0,
                        40.0
                    ],
                    [
                        0.0,
                        0.0,
                        244244144.0,
                        90000.0,
                        4152150528.0,
                        0.0,
                        6068045.0,
                        40.0
                    ],
                    [
                        0.0,
                        0.0,
                        244244144.0,
                        90000.0,
                        3419418112.0,
                        0.0,
                        6066441.0,
                        40.0
                    ],
                    [
                        0.0,
                        0.0,
                        244244144.0,
                        90000.0,
                        3663662080.0,
                        0.0,
                        6066493.0,
                        40.0
                    ],
                    [
                        0.0,
                        0.0,
                        244244144.0,
                        90000.0,
                        3907906304.0,
                        0.0,
                        6066545.0,
                        40.0
                    ],
                    [
                        0.0,
                        0.0,
                        244244144.0,
                        90000.0,
                        4152150528.0,
                        0.0,
                        6068045.0,
                        40.0
                    ],
                    [
                        0.0,
                        0.0,
                        244244144.0,
                        90000.0,
                        0.0,
                        0.0,
                        6069545.0,
                        40.0
                    ],
                    [
                        0.0,
                        0.0,
                        244244144.0,
                        100000.0,
                        8304301056.0,
                        0.0,
                        6108961.0,
                        41.0
                    ],
                    [
                        0.0,
                        0.0,
                        244244144.0,
                        100000.0,
                        8548545024.0,
                        0.0,
                        6110461.0,
                        41.0
                    ],
                    [
                        0.0,
                        0.0,
                        244244144.0,
                        100000.0,
                        8792788992.0,
                        0.0,
                        6111961.0,
                        41.0
                    ],
                    [
                        0.0,
                        0.0,
                        244244144.0,
                        100000.0,
                        9037033472.0,
                        0.0,
                        6113461.0,
                        41.0
                    ],
                    [
                        0.0,
                        0.0,
                        244244144.0,
                        100000.0,
                        9281277952.0,
                        0.0,
                        6114961.0,
                        41.0
                    ]
                ]
            ],
            "actions": [
                [
                    [
                        0.3333333432674408
                    ],
                    [
                        0.3333333432674408
                    ],
                    [
                        0.3333333432674408
                    ],
                    [
                        0.3333333432674408
                    ],
                    [
                        0.6666666865348816
                    ],
                    [
                        0.3333333432674408
                    ],
                    [
                        0.3333333432674408
                    ],
                    [
                        0.3333333432674408
                    ],
                    [
                        0.3333333432674408
                    ],
                    [
                        0.3333333432674408
                    ],
                    [
                        0.3333333432674408
                    ],
                    [
                        0.3333333432674408
                    ],
                    [
                        0.3333333432674408
                    ],
                    [
                        0.3333333432674408
                    ],
                    [
                        0.6666666865348816
                    ],
                    [
                        0.3333333432674408
                    ],
                    [
                        0.3333333432674408
                    ],
                    [
                        0.3333333432674408
                    ],
                    [
                        0.3333333432674408
                    ],
                    [
                        0.3333333432674408
                    ]
                ]
            ],
            "returns": [
                [
                    [
                        0.40837499499320984
                    ],
                    [
                        0.4077083468437195
                    ],
                    [
                        0.40704166889190674
                    ],
                    [
                        0.406374990940094
                    ],
                    [
                        0.40570834279060364
                    ],
                    [
                        0.4050416648387909
                    ],
                    [
                        0.4046666622161865
                    ],
                    [
                        0.40429165959358215
                    ],
                    [
                        0.4039166569709778
                    ],
                    [
                        0.4035416543483734
                    ],
                    [
                        0.40316668152809143
                    ],
                    [
                        0.40279167890548706
                    ],
                    [
                        0.4024166762828827
                    ],
                    [
                        0.4020416736602783
                    ],
                    [
                        0.40166667103767395
                    ],
                    [
                        0.4012916684150696
                    ],
                    [
                        0.4008750021457672
                    ],
                    [
                        0.40045833587646484
                    ],
                    [
                        0.4000416696071625
                    ],
                    [
                        0.3996250033378601
                    ]
                ]
            ],
            "timesteps": [
                [
                    400,
                    401,
                    402,
                    403,
                    404,
                    405,
                    406,
                    407,
                    408,
                    409,
                    410,
                    411,
                    412,
                    413,
                    414,
                    415,
                    416,
                    417,
                    418,
                    419
                ]
            ],
            "labels": [
                [
                    0,
                    0,
                    0,
                    0,
                    1,
                    0,
                    0,
                    0,
                    0,
                    0,
                    0,
                    0,
                    0,
                    0,
                    1,
                    0,
                    0,
                    0,
                    0,
                    0
                ]
            ],
            "CPU Usage": 4.8,
            "RAM Usage": 17.4,
            "GPU Usage": 42.0,
            "VRAM Usage": 15400.0,
            "Disk Read Speed (MB/s)": 75057177.68652344,
            "Disk Write Speed (MB/s)": 506877979.22753906
        },
        {
            "step": 1,
            "train_loss": 0.018721897155046463,
            "actions_pred1": [
                [
                    [
                        0.6463867425918579,
                        -0.17980220913887024,
                        -0.555326521396637
                    ],
                    [
                        0.4349253475666046,
                        -0.1496974527835846,
                        -0.3538277745246887
                    ],
                    [
                        0.5978752970695496,
                        -0.1301376223564148,
                        -0.3892865777015686
                    ],
                    [
                        0.9179449081420898,
                        -0.2458212971687317,
                        -0.3226526975631714
                    ],
                    [
                        0.8777601718902588,
                        -0.05239114910364151,
                        -0.3525891900062561
                    ],
                    [
                        0.8832998871803284,
                        0.14401783049106598,
                        -0.42273521423339844
                    ],
                    [
                        0.9102085828781128,
                        0.021867983043193817,
                        -0.227760449051857
                    ],
                    [
                        1.1612372398376465,
                        -0.1150774136185646,
                        -0.11403006315231323
                    ],
                    [
                        1.2275214195251465,
                        -0.30472713708877563,
                        -0.31100666522979736
                    ],
                    [
                        1.3062844276428223,
                        -0.09957853704690933,
                        -0.053209640085697174
                    ],
                    [
                        0.9780561923980713,
                        -0.11322761327028275,
                        -0.2638990879058838
                    ],
                    [
                        0.9942899346351624,
                        0.15008078515529633,
                        -0.15827777981758118
                    ],
                    [
                        1.265979290008545,
                        -0.029843993484973907,
                        -0.1059766337275505
                    ],
                    [
                        1.0075616836547852,
                        -0.12487015873193741,
                        -0.17341665923595428
                    ],
                    [
                        0.9511097073554993,
                        -0.04691741615533829,
                        -0.12378819286823273
                    ],
                    [
                        1.2814228534698486,
                        -0.03522736579179764,
                        -0.048085227608680725
                    ],
                    [
                        1.1056365966796875,
                        0.09031634777784348,
                        -0.11208118498325348
                    ],
                    [
                        1.1283890008926392,
                        0.02764030545949936,
                        0.09040558338165283
                    ],
                    [
                        1.2665538787841797,
                        0.028192900121212006,
                        -0.05480930954217911
                    ],
                    [
                        1.173012375831604,
                        0.12527553737163544,
                        -0.12372498214244843
                    ]
                ]
            ],
            "actions_pred": [
                [
                    [
                        0.6463867425918579,
                        0.4349253475666046,
                        0.5978752970695496,
                        0.9179449081420898,
                        0.8777601718902588,
                        0.8832998871803284,
                        0.9102085828781128,
                        1.1612372398376465,
                        1.2275214195251465,
                        1.3062844276428223,
                        0.9780561923980713,
                        0.9942899346351624,
                        1.265979290008545,
                        1.0075616836547852,
                        0.9511097073554993,
                        1.2814228534698486,
                        1.1056365966796875,
                        1.1283890008926392,
                        1.2665538787841797,
                        1.173012375831604
                    ],
                    [
                        -0.17980220913887024,
                        -0.1496974527835846,
                        -0.1301376223564148,
                        -0.2458212971687317,
                        -0.05239114910364151,
                        0.14401783049106598,
                        0.021867983043193817,
                        -0.1150774136185646,
                        -0.30472713708877563,
                        -0.09957853704690933,
                        -0.11322761327028275,
                        0.15008078515529633,
                        -0.029843993484973907,
                        -0.12487015873193741,
                        -0.04691741615533829,
                        -0.03522736579179764,
                        0.09031634777784348,
                        0.02764030545949936,
                        0.028192900121212006,
                        0.12527553737163544
                    ],
                    [
                        -0.555326521396637,
                        -0.3538277745246887,
                        -0.3892865777015686,
                        -0.3226526975631714,
                        -0.3525891900062561,
                        -0.42273521423339844,
                        -0.227760449051857,
                        -0.11403006315231323,
                        -0.31100666522979736,
                        -0.053209640085697174,
                        -0.2638990879058838,
                        -0.15827777981758118,
                        -0.1059766337275505,
                        -0.17341665923595428,
                        -0.12378819286823273,
                        -0.048085227608680725,
                        -0.11208118498325348,
                        0.09040558338165283,
                        -0.05480930954217911,
                        -0.12372498214244843
                    ]
                ]
            ],
            "states": [
                [
                    [
                        0.0,
                        0.0,
                        281349312.0,
                        150000.0,
                        12706203648.0,
                        0.0,
                        2993073.0,
                        5.0
                    ],
                    [
                        0.0,
                        0.0,
                        281349312.0,
                        150000.0,
                        12987552768.0,
                        0.0,
                        2993125.0,
                        5.0
                    ],
                    [
                        0.0,
                        0.0,
                        281349312.0,
                        150000.0,
                        13268901888.0,
                        0.0,
                        2993177.0,
                        5.0
                    ],
                    [
                        0.0,
                        0.0,
                        281349312.0,
                        150000.0,
                        13550251008.0,
                        0.0,
                        2994677.0,
                        5.0
                    ],
                    [
                        0.0,
                        0.0,
                        281349312.0,
                        150000.0,
                        0.0,
                        0.0,
                        2994729.0,
                        5.0
                    ],
                    [
                        0.0,
                        0.0,
                        410198336.0,
                        190000.0,
                        16363096064.0,
                        0.0,
                        3060989.0,
                        6.0
                    ],
                    [
                        0.0,
                        0.0,
                        410198336.0,
                        190000.0,
                        16773295104.0,
                        0.0,
                        3062489.0,
                        6.0
                    ],
                    [
                        0.0,
                        0.0,
                        410198336.0,
                        190000.0,
                        17183494144.0,
                        0.0,
                        3063989.0,
                        6.0
                    ],
                    [
                        0.0,
                        0.0,
                        410198336.0,
                        190000.0,
                        17593692160.0,
                        0.0,
                        3065489.0,
                        6.0
                    ],
                    [
                        0.0,
                        0.0,
                        410198336.0,
                        190000.0,
                        18003890176.0,
                        0.0,
                        3066989.0,
                        6.0
                    ],
                    [
                        0.0,
                        0.0,
                        410198336.0,
                        190000.0,
                        16773295104.0,
                        0.0,
                        3062489.0,
                        6.0
                    ],
                    [
                        0.0,
                        0.0,
                        410198336.0,
                        190000.0,
                        17183494144.0,
                        0.0,
                        3063989.0,
                        6.0
                    ],
                    [
                        0.0,
                        0.0,
                        410198336.0,
                        190000.0,
                        17593692160.0,
                        0.0,
                        3065489.0,
                        6.0
                    ],
                    [
                        0.0,
                        0.0,
                        410198336.0,
                        190000.0,
                        18003890176.0,
                        0.0,
                        3066989.0,
                        6.0
                    ],
                    [
                        0.0,
                        0.0,
                        410198336.0,
                        190000.0,
                        18414088192.0,
                        0.0,
                        3068489.0,
                        6.0
                    ],
                    [
                        0.0,
                        0.0,
                        410198336.0,
                        190000.0,
                        10254958592.0,
                        0.0,
                        3095877.0,
                        7.0
                    ],
                    [
                        0.0,
                        0.0,
                        410198336.0,
                        190000.0,
                        10665156608.0,
                        0.0,
                        3095929.0,
                        7.0
                    ],
                    [
                        0.0,
                        0.0,
                        410198336.0,
                        190000.0,
                        11075354624.0,
                        0.0,
                        3095993.0,
                        7.0
                    ],
                    [
                        0.0,
                        0.0,
                        410198336.0,
                        190000.0,
                        11485552640.0,
                        0.0,
                        3096057.0,
                        7.0
                    ],
                    [
                        0.0,
                        0.0,
                        410198336.0,
                        190000.0,
                        11895751680.0,
                        0.0,
                        3096121.0,
                        7.0
                    ]
                ]
            ],
            "actions": [
                [
                    [
                        0.3333333432674408
                    ],
                    [
                        0.3333333432674408
                    ],
                    [
                        0.3333333432674408
                    ],
                    [
                        0.3333333432674408
                    ],
                    [
                        0.6666666865348816
                    ],
                    [
                        0.3333333432674408
                    ],
                    [
                        0.3333333432674408
                    ],
                    [
                        0.3333333432674408
                    ],
                    [
                        0.3333333432674408
                    ],
                    [
                        0.3333333432674408
                    ],
                    [
                        0.3333333432674408
                    ],
                    [
                        0.3333333432674408
                    ],
                    [
                        0.3333333432674408
                    ],
                    [
                        0.3333333432674408
                    ],
                    [
                        0.6666666865348816
                    ],
                    [
                        0.3333333432674408
                    ],
                    [
                        0.3333333432674408
                    ],
                    [
                        0.3333333432674408
                    ],
                    [
                        0.3333333432674408
                    ],
                    [
                        0.3333333432674408
                    ]
                ]
            ],
            "returns": [
                [
                    [
                        0.6014583110809326
                    ],
                    [
                        0.6008333563804626
                    ],
                    [
                        0.6002083420753479
                    ],
                    [
                        0.5995833277702332
                    ],
                    [
                        0.5989583134651184
                    ],
                    [
                        0.5983333587646484
                    ],
                    [
                        0.5975416898727417
                    ],
                    [
                        0.596750020980835
                    ],
                    [
                        0.5959583520889282
                    ],
                    [
                        0.5951666831970215
                    ],
                    [
                        0.5943750143051147
                    ],
                    [
                        0.593583345413208
                    ],
                    [
                        0.5927916765213013
                    ],
                    [
                        0.5920000076293945
                    ],
                    [
                        0.5912083387374878
                    ],
                    [
                        0.590416669845581
                    ],
                    [
                        0.5896250009536743
                    ],
                    [
                        0.5888333320617676
                    ],
                    [
                        0.5880416631698608
                    ],
                    [
                        0.5872499942779541
                    ]
                ]
            ],
            "timesteps": [
                [
                    60,
                    61,
                    62,
                    63,
                    64,
                    65,
                    66,
                    67,
                    68,
                    69,
                    70,
                    71,
                    72,
                    73,
                    74,
                    75,
                    76,
                    77,
                    78,
                    79
                ]
            ],
            "labels": [
                [
                    0,
                    0,
                    0,
                    0,
                    1,
                    0,
                    0,
                    0,
                    0,
                    0,
                    0,
                    0,
                    0,
                    0,
                    1,
                    0,
                    0,
                    0,
                    0,
                    0
                ]
            ],
            "CPU Usage": 4.5,
            "RAM Usage": 17.4,
            "GPU Usage": 56.00000000000001,
            "VRAM Usage": 15400.0,
            "Disk Read Speed (MB/s)": 75057177.68652344,
            "Disk Write Speed (MB/s)": 506877979.26660156
        },
        {
            "step": 2,
            "train_loss": 0.021699946373701096,
            "actions_pred1": [
                [
                    [
                        -0.016101278364658356,
                        -0.24641740322113037,
                        -0.3426147699356079
                    ],
                    [
                        0.3493587076663971,
                        -0.12672707438468933,
                        -0.20910029113292694
                    ],
                    [
                        0.7511207461357117,
                        -0.06984023004770279,
                        0.10196138918399811
                    ],
                    [
                        0.7533920407295227,
                        -0.17149537801742554,
                        0.02078917622566223
                    ],
                    [
                        0.49258336424827576,
                        0.08841045945882797,
                        0.0341002494096756
                    ],
                    [
                        0.6533807516098022,
                        -0.12914374470710754,
                        0.06085205078125
                    ],
                    [
                        0.8649624586105347,
                        0.05262862890958786,
                        -0.008771613240242004
                    ],
                    [
                        0.6500928401947021,
                        0.05848126858472824,
                        -0.08566169440746307
                    ],
                    [
                        0.8634563684463501,
                        0.0779339000582695,
                        -0.11680945754051208
                    ],
                    [
                        0.9228460192680359,
                        -0.16268125176429749,
                        -0.22964733839035034
                    ],
                    [
                        0.8967871069908142,
                        -0.20256471633911133,
                        -0.16333331167697906
                    ],
                    [
                        1.0286705493927002,
                        -0.131242036819458,
                        -0.0391947478055954
                    ],
                    [
                        1.0198326110839844,
                        -0.09932179003953934,
                        -0.1125936359167099
                    ],
                    [
                        0.977211058139801,
                        -0.0066672926768660545,
                        -0.3207809329032898
                    ],
                    [
                        1.2329754829406738,
                        -0.23587509989738464,
                        -0.023554831743240356
                    ],
                    [
                        1.09438157081604,
                        -0.09907446056604385,
                        -0.21418872475624084
                    ],
                    [
                        1.2938398122787476,
                        0.050712935626506805,
                        -0.09983357787132263
                    ],
                    [
                        1.251695156097412,
                        -0.026318557560443878,
                        0.15076389908790588
                    ],
                    [
                        0.981634259223938,
                        0.04051714390516281,
                        -0.16880497336387634
                    ],
                    [
                        1.1401033401489258,
                        0.012715988792479038,
                        -0.14122506976127625
                    ]
                ]
            ],
            "actions_pred": [
                [
                    [
                        -0.016101278364658356,
                        0.3493587076663971,
                        0.7511207461357117,
                        0.7533920407295227,
                        0.49258336424827576,
                        0.6533807516098022,
                        0.8649624586105347,
                        0.6500928401947021,
                        0.8634563684463501,
                        0.9228460192680359,
                        0.8967871069908142,
                        1.0286705493927002,
