{
    "steps": [
        {
            "step": 0,
            "train_loss": 0.0011711481492966413,
            "actions_pred1": [
                [
                    [
                        5.8137311935424805,
                        -1.5503005981445312,
                        -2.5560412406921387
                    ],
                    [
                        5.523235321044922,
                        -0.10208626091480255,
                        -1.8405494689941406
                    ],
                    [
                        5.338474273681641,
                        -0.8651871681213379,
                        -1.1029222011566162
                    ],
                    [
                        2.8017046451568604,
                        0.09016972780227661,
                        -3.1633267402648926
                    ],
                    [
                        -0.16482743620872498,
                        4.445338249206543,
                        -2.105167865753174
                    ],
                    [
                        4.6890153884887695,
                        0.8485737442970276,
                        -3.1210618019104004
                    ],
                    [
                        4.80888032913208,
                        0.041953835636377335,
                        -2.5907421112060547
                    ],
                    [
                        3.8477280139923096,
                        0.2852883040904999,
                        -2.4938580989837646
                    ],
                    [
                        3.698727607727051,
                        0.6865707635879517,
                        -2.449446201324463
                    ],
                    [
                        4.023054599761963,
                        0.635060727596283,
                        -2.0101373195648193
                    ],
                    [
                        4.569942474365234,
                        0.33909526467323303,
                        -2.3794033527374268
                    ],
                    [
                        4.363582134246826,
                        0.7063932418823242,
                        -2.0352890491485596
                    ],
                    [
                        3.2337772846221924,
                        0.5724565982818604,
                        -2.116724967956543
                    ],
                    [
                        2.8696696758270264,
                        1.3009343147277832,
                        -2.3357479572296143
                    ],
                    [
                        -0.5062355399131775,
                        3.9239108562469482,
                        -1.2961901426315308
                    ],
                    [
                        4.1060943603515625,
                        0.2845234274864197,
                        -2.1990928649902344
                    ],
                    [
                        3.3633322715759277,
                        0.6897279620170593,
                        -2.4335176944732666
                    ],
                    [
                        3.7090628147125244,
                        0.6285374760627747,
                        -2.033257246017456
                    ],
                    [
                        3.7875282764434814,
                        0.21356047689914703,
                        -1.9542797803878784
                    ],
                    [
                        4.0959601402282715,
                        0.07799673080444336,
                        -2.176530361175537
                    ]
                ]
            ],
            "actions_pred": [
                [
                    [
                        5.8137311935424805,
                        5.523235321044922,
                        5.338474273681641,
                        2.8017046451568604,
                        -0.16482743620872498,
                        4.6890153884887695,
                        4.80888032913208,
                        3.8477280139923096,
                        3.698727607727051,
                        4.023054599761963,
                        4.569942474365234,
                        4.363582134246826,
                        3.2337772846221924,
                        2.8696696758270264,
                        -0.5062355399131775,
                        4.1060943603515625,
                        3.3633322715759277,
                        3.7090628147125244,
                        3.7875282764434814,
                        4.0959601402282715
                    ],
                    [
                        -1.5503005981445312,
                        -0.10208626091480255,
                        -0.8651871681213379,
                        0.09016972780227661,
                        4.445338249206543,
                        0.8485737442970276,
                        0.041953835636377335,
                        0.2852883040904999,
                        0.6865707635879517,
                        0.635060727596283,
                        0.33909526467323303,
                        0.7063932418823242,
                        0.5724565982818604,
                        1.3009343147277832,
                        3.9239108562469482,
                        0.2845234274864197,
                        0.6897279620170593,
                        0.6285374760627747,
                        0.21356047689914703,
                        0.07799673080444336
                    ],
                    [
                        -2.5560412406921387,
                        -1.8405494689941406,
                        -1.1029222011566162,
                        -3.1633267402648926,
                        -2.105167865753174,
                        -3.1210618019104004,
                        -2.5907421112060547,
                        -2.4938580989837646,
                        -2.449446201324463,
                        -2.0101373195648193,
                        -2.3794033527374268,
                        -2.0352890491485596,
                        -2.116724967956543,
                        -2.3357479572296143,
                        -1.2961901426315308,
                        -2.1990928649902344,
                        -2.4335176944732666,
                        -2.033257246017456,
                        -1.9542797803878784,
                        -2.176530361175537
                    ]
                ]
            ],
            "states": [
                [
                    [
                        0.0,
                        0.0,
                        508653056.0,
                        140000.0,
                        508653056.0,
                        0.0,
                        6651421.0,
                        79.0
                    ],
                    [
                        0.0,
                        0.0,
                        551602688.0,
                        140000.0,
                        1060255744.0,
                        0.0,
                        6651473.0,
                        79.0
                    ],
                    [
                        0.0,
                        0.0,
                        551602688.0,
                        140000.0,
                        1611858432.0,
                        0.0,
                        6651525.0,
                        79.0
                    ],
                    [
                        0.0,
                        0.0,
                        551602688.0,
                        140000.0,
                        2163461120.0,
                        0.0,
                        6651577.0,
                        79.0
                    ],
                    [
                        0.0,
                        0.0,
                        551602688.0,
                        140000.0,
                        0.0,
                        0.0,
                        6651649.0,
                        79.0
                    ],
                    [
                        0.0,
                        0.0,
                        594552384.0,
                        150000.0,
                        15279820800.0,
                        0.0,
                        6667637.0,
                        80.0
                    ],
                    [
                        0.0,
                        0.0,
                        594552384.0,
                        150000.0,
                        15874372608.0,
                        0.0,
                        6669137.0,
                        80.0
                    ],
                    [
                        0.0,
                        0.0,
                        594552384.0,
                        150000.0,
                        16468925440.0,
                        0.0,
                        6670637.0,
                        80.0
                    ],
                    [
                        0.0,
                        0.0,
                        594552384.0,
                        150000.0,
                        17063477248.0,
                        0.0,
                        6670689.0,
                        80.0
                    ],
                    [
                        0.0,
                        0.0,
                        594552384.0,
                        150000.0,
                        17658030080.0,
                        0.0,
                        6672189.0,
                        80.0
                    ],
                    [
                        0.0,
                        0.0,
                        594552384.0,
                        150000.0,
                        15874372608.0,
                        0.0,
                        6669137.0,
                        80.0
                    ],
                    [
                        0.0,
                        0.0,
                        594552384.0,
                        150000.0,
                        16468925440.0,
                        0.0,
                        6670637.0,
                        80.0
                    ],
                    [
                        0.0,
                        0.0,
                        594552384.0,
                        150000.0,
                        17063477248.0,
                        0.0,
                        6670689.0,
                        80.0
                    ],
                    [
                        0.0,
                        0.0,
                        594552384.0,
                        150000.0,
                        17658030080.0,
                        0.0,
                        6672189.0,
                        80.0
                    ],
                    [
                        0.0,
                        0.0,
                        594552384.0,
                        150000.0,
                        0.0,
                        0.0,
                        6673689.0,
                        80.0
                    ],
                    [
                        0.0,
                        0.0,
                        601263296.0,
                        140000.0,
                        15532181504.0,
                        0.0,
                        6698277.0,
                        81.0
                    ],
                    [
                        0.0,
                        0.0,
                        601263296.0,
                        140000.0,
                        16133444608.0,
                        0.0,
                        6698357.0,
                        81.0
                    ],
                    [
                        0.0,
                        0.0,
                        601263296.0,
                        140000.0,
                        16734708736.0,
                        0.0,
                        6698409.0,
                        81.0
                    ],
                    [
                        0.0,
                        0.0,
                        601263296.0,
                        140000.0,
                        17335971840.0,
                        0.0,
                        6698461.0,
                        81.0
                    ],
                    [
                        0.0,
                        0.0,
                        601263296.0,
                        140000.0,
                        17937233920.0,
                        0.0,
                        6698541.0,
                        81.0
                    ]
                ]
            ],
            "actions": [
                [
                    [
                        0.3333333432674408
                    ],
                    [
                        0.3333333432674408
                    ],
                    [
                        0.3333333432674408
                    ],
                    [
                        0.3333333432674408
                    ],
                    [
                        0.6666666865348816
                    ],
                    [
                        0.3333333432674408
                    ],
                    [
                        0.3333333432674408
                    ],
                    [
                        0.3333333432674408
                    ],
                    [
                        0.3333333432674408
                    ],
                    [
                        0.3333333432674408
                    ],
                    [
                        0.3333333432674408
                    ],
                    [
                        0.3333333432674408
                    ],
                    [
                        0.3333333432674408
                    ],
                    [
                        0.3333333432674408
                    ],
                    [
                        0.6666666865348816
                    ],
                    [
                        0.3333333432674408
                    ],
                    [
                        0.3333333432674408
                    ],
                    [
                        0.3333333432674408
                    ],
                    [
                        0.3333333432674408
                    ],
                    [
                        0.3333333432674408
                    ]
                ]
            ],
            "returns": [
                [
                    [
                        0.21579167246818542
                    ],
                    [
                        0.21520833671092987
                    ],
                    [
                        0.21462500095367432
                    ],
                    [
                        0.21404166519641876
                    ],
                    [
                        0.2134583294391632
                    ],
                    [
                        0.21287499368190765
                    ],
                    [
                        0.2122499942779541
                    ],
                    [
                        0.21162499487400055
                    ],
                    [
                        0.210999995470047
                    ],
                    [
                        0.21037499606609344
                    ],
                    [
                        0.2097499966621399
                    ],
                    [
                        0.20912499725818634
                    ],
                    [
                        0.2084999978542328
                    ],
                    [
                        0.20787499845027924
                    ],
                    [
                        0.20724999904632568
                    ],
                    [
                        0.20662499964237213
                    ],
                    [
                        0.20604166388511658
                    ],
                    [
                        0.20545832812786102
                    ],
                    [
                        0.20487500727176666
                    ],
                    [
                        0.2042916715145111
                    ]
                ]
            ],
            "timesteps": [
                [
                    800,
                    801,
                    802,
                    803,
                    804,
                    805,
                    806,
                    807,
                    808,
                    809,
                    810,
                    811,
                    812,
                    813,
                    814,
                    815,
                    816,
                    817,
                    818,
                    819
                ]
            ],
            "labels": [
                [
                    0,
                    0,
                    0,
                    0,
                    1,
                    0,
                    0,
                    0,
                    0,
                    0,
                    0,
                    0,
                    0,
                    0,
                    1,
                    0,
                    0,
                    0,
                    0,
                    0
                ]
            ],
            "CPU Usage": 5.2,
            "RAM Usage": 17.4,
            "GPU Usage": 42.0,
            "VRAM Usage": 15400.0,
            "Disk Read Speed (MB/s)": 75057177.68652344,
            "Disk Write Speed (MB/s)": 506878228.6767578
        },
        {
            "step": 1,
            "train_loss": 0.010338688269257545,
            "actions_pred1": [
                [
                    [
                        4.974492073059082,
                        -1.9011385440826416,
                        -2.340625047683716
                    ],
                    [
                        4.32320499420166,
                        0.01123961340636015,
                        -2.893869161605835
                    ],
                    [
                        3.4501140117645264,
                        0.8617277145385742,
                        -2.4634900093078613
                    ],
                    [
                        3.013079881668091,
                        0.5598778128623962,
                        -1.844185471534729
                    ],
                    [
                        3.1289029121398926,
                        0.2286868393421173,
                        -0.6597932577133179
                    ],
                    [
                        2.67331600189209,
                        0.6470828652381897,
                        -1.2640869617462158
                    ],
                    [
                        2.599440336227417,
                        0.9212831854820251,
                        -0.9408742785453796
                    ],
                    [
                        2.984933853149414,
                        0.32341352105140686,
                        -1.7198255062103271
                    ],
                    [
                        3.4410860538482666,
                        0.32167527079582214,
                        -1.2147107124328613
                    ],
                    [
                        2.2631309032440186,
                        1.0261969566345215,
                        -0.7600506544113159
                    ],
                    [
                        3.1772634983062744,
                        0.9815992712974548,
                        -0.9804962873458862
                    ],
                    [
                        3.088352680206299,
                        0.9660001993179321,
                        -1.2415976524353027
                    ],
                    [
                        2.927140712738037,
                        0.17926427721977234,
                        -1.0285875797271729
                    ],
                    [
                        4.056373119354248,
                        -0.5656740069389343,
                        -1.7398076057434082
                    ],
                    [
                        3.9146909713745117,
                        -0.12560196220874786,
                        -1.5182260274887085
                    ],
                    [
                        3.372711181640625,
                        -0.2290063202381134,
                        -1.2642639875411987
                    ],
                    [
                        3.2995145320892334,
                        -0.04388617351651192,
                        -0.6973989009857178
                    ],
                    [
                        3.5444834232330322,
                        0.7749527096748352,
                        -1.5612411499023438
                    ],
                    [
                        2.8389780521392822,
                        0.7442346215248108,
                        -0.5539374351501465
                    ],
                    [
                        -1.3967053890228271,
                        3.043267250061035,
                        -0.6291488409042358
                    ]
                ]
            ],
            "actions_pred": [
                [
                    [
                        4.974492073059082,
                        4.32320499420166,
                        3.4501140117645264,
                        3.013079881668091,
                        3.1289029121398926,
                        2.67331600189209,
                        2.599440336227417,
                        2.984933853149414,
                        3.4410860538482666,
                        2.2631309032440186,
                        3.1772634983062744,
                        3.088352680206299,
                        2.927140712738037,
                        4.056373119354248,
                        3.9146909713745117,
                        3.372711181640625,
                        3.2995145320892334,
                        3.5444834232330322,
                        2.8389780521392822,
                        -1.3967053890228271
                    ],
                    [
                        -1.9011385440826416,
                        0.01123961340636015,
                        0.8617277145385742,
                        0.5598778128623962,
                        0.2286868393421173,
                        0.6470828652381897,
                        0.9212831854820251,
                        0.32341352105140686,
                        0.32167527079582214,
                        1.0261969566345215,
                        0.9815992712974548,
                        0.9660001993179321,
                        0.17926427721977234,
                        -0.5656740069389343,
                        -0.12560196220874786,
                        -0.2290063202381134,
                        -0.04388617351651192,
                        0.7749527096748352,
                        0.7442346215248108,
                        3.043267250061035
                    ],
                    [
                        -2.340625047683716,
                        -2.893869161605835,
                        -2.4634900093078613,
                        -1.844185471534729,
                        -0.6597932577133179,
                        -1.2640869617462158,
                        -0.9408742785453796,
                        -1.7198255062103271,
                        -1.2147107124328613,
                        -0.7600506544113159,
                        -0.9804962873458862,
                        -1.2415976524353027,
                        -1.0285875797271729,
                        -1.7398076057434082,
                        -1.5182260274887085,
                        -1.2642639875411987,
                        -0.6973989009857178,
                        -1.5612411499023438,
                        -0.5539374351501465,
                        -0.6291488409042358
                    ]
                ]
            ],
            "states": [
                [
                    [
                        0.0,
                        0.0,
                        53266996.0,
                        70000.0,
                        18037262336.0,
                        0.0,
                        11292673.0,
                        122.0
                    ],
                    [
                        0.0,
                        0.0,
                        53266996.0,
                        70000.0,
                        18090528768.0,
                        0.0,
                        11292725.0,
                        122.0
                    ],
                    [
                        0.0,
                        0.0,
                        53266996.0,
                        70000.0,
                        18143795200.0,
                        0.0,
                        11292777.0,
                        122.0
                    ],
                    [
                        0.0,
                        0.0,
                        53266996.0,
                        70000.0,
                        18197061632.0,
                        0.0,
                        11292829.0,
                        122.0
                    ],
                    [
                        0.0,
                        0.0,
                        53266996.0,
                        70000.0,
                        18250330112.0,
                        0.0,
                        11292881.0,
                        122.0
                    ],
                    [
                        0.0,
                        0.0,
                        53266996.0,
                        70000.0,
                        18090528768.0,
                        0.0,
                        11292725.0,
                        122.0
                    ],
                    [
                        0.0,
                        0.0,
                        53266996.0,
                        70000.0,
                        18143795200.0,
                        0.0,
                        11292777.0,
                        122.0
                    ],
                    [
                        0.0,
                        0.0,
                        53266996.0,
                        70000.0,
                        18197061632.0,
                        0.0,
                        11292829.0,
                        122.0
                    ],
                    [
                        0.0,
                        0.0,
                        53266996.0,
                        70000.0,
                        18250330112.0,
                        0.0,
                        11292881.0,
                        122.0
                    ],
                    [
                        0.0,
                        0.0,
                        53266996.0,
                        70000.0,
                        18303596544.0,
                        0.0,
                        11292933.0,
                        122.0
                    ],
                    [
                        0.0,
                        0.0,
                        190840160.0,
                        140000.0,
                        10373738496.0,
                        0.0,
                        11449833.0,
                        123.0
                    ],
                    [
                        0.0,
                        0.0,
                        190840160.0,
                        140000.0,
                        10564579328.0,
                        0.0,
                        11449885.0,
                        123.0
                    ],
                    [
                        0.0,
                        0.0,
                        190840160.0,
                        140000.0,
                        10755419136.0,
                        0.0,
                        11449937.0,
                        123.0
                    ],
                    [
                        0.0,
                        0.0,
                        190840160.0,
                        140000.0,
                        10946259968.0,
                        0.0,
                        11449989.0,
                        123.0
                    ],
                    [
                        0.0,
                        0.0,
                        190840160.0,
                        140000.0,
                        11137099776.0,
                        0.0,
                        11451489.0,
                        123.0
                    ],
                    [
                        0.0,
                        0.0,
                        190840160.0,
                        140000.0,
                        10564579328.0,
                        0.0,
                        11449885.0,
                        123.0
                    ],
                    [
                        0.0,
                        0.0,
                        190840160.0,
                        140000.0,
                        10755419136.0,
                        0.0,
                        11449937.0,
                        123.0
                    ],
                    [
                        0.0,
                        0.0,
                        190840160.0,
                        140000.0,
                        10946259968.0,
                        0.0,
                        11449989.0,
                        123.0
                    ],
                    [
                        0.0,
                        0.0,
                        190840160.0,
                        140000.0,
                        11137099776.0,
                        0.0,
                        11451489.0,
                        123.0
                    ],
                    [
                        0.0,
                        0.0,
                        190840160.0,
                        140000.0,
                        0.0,
                        0.0,
                        11452989.0,
                        123.0
                    ]
                ]
            ],
            "actions": [
                [
                    [
                        0.3333333432674408
                    ],
                    [
                        0.3333333432674408
                    ],
                    [
                        0.3333333432674408
                    ],
                    [
                        0.3333333432674408
                    ],
                    [
                        0.3333333432674408
                    ],
                    [
                        0.3333333432674408
                    ],
                    [
                        0.3333333432674408
                    ],
                    [
                        0.3333333432674408
                    ],
                    [
                        0.3333333432674408
                    ],
                    [
                        0.6666666865348816
                    ],
                    [
                        0.3333333432674408
                    ],
                    [
                        0.3333333432674408
                    ],
                    [
                        0.3333333432674408
                    ],
                    [
                        0.3333333432674408
                    ],
                    [
                        0.3333333432674408
                    ],
                    [
                        0.3333333432674408
                    ],
                    [
                        0.3333333432674408
                    ],
                    [
                        0.3333333432674408
                    ],
                    [
                        0.3333333432674408
                    ],
                    [
                        1.0
                    ]
                ]
            ],
            "returns": [
                [
                    [
                        0.041875001043081284
                    ],
                    [
                        0.041583333164453506
                    ],
                    [
                        0.04129166528582573
                    ],
                    [
                        0.04100000113248825
                    ],
                    [
                        0.040708333253860474
                    ],
                    [
                        0.0404166653752327
                    ],
                    [
                        0.04012500122189522
                    ],
                    [
                        0.03983333334326744
                    ],
                    [
                        0.039541665464639664
                    ],
                    [
                        0.039250001311302185
                    ],
                    [
                        0.03895833343267441
                    ],
                    [
                        0.03837500140070915
                    ],
                    [
                        0.0377916656434536
                    ],
                    [
                        0.03720833361148834
                    ],
                    [
                        0.03662500157952309
                    ],
                    [
                        0.03604166582226753
                    ],
                    [
                        0.03545833379030228
                    ],
                    [
                        0.03487500175833702
                    ],
                    [
                        0.03429166600108147
                    ],
                    [
                        0.03370833396911621
                    ]
                ]
            ],
            "timesteps": [
                [
                    1280,
                    1281,
                    1282,
                    1283,
                    1284,
                    1285,
                    1286,
                    1287,
                    1288,
                    1289,
                    1290,
                    1291,
                    1292,
                    1293,
                    1294,
                    1295,
                    1296,
                    1297,
                    1298,
                    1299
                ]
            ],
            "labels": [
                [
                    0,
                    0,
                    0,
                    0,
                    0,
                    0,
                    0,
                    0,
                    0,
                    1,
                    0,
                    0,
                    0,
                    0,
                    0,
                    0,
                    0,
                    0,
                    0,
                    2
                ]
            ],
            "CPU Usage": 4.6,
            "RAM Usage": 17.4,
            "GPU Usage": 63.0,
            "VRAM Usage": 15400.0,
            "Disk Read Speed (MB/s)": 75057177.68652344,
            "Disk Write Speed (MB/s)": 506878228.6767578
        },
        {
            "step": 2,
            "train_loss": 0.02900012768805027,
            "actions_pred1": [
                [
                    [
                        2.8017101287841797,
                        -0.6357902884483337,
                        -1.4718432426452637
                    ],
                    [
                        2.6892282962799072,
                        -0.6188030242919922,
                        -1.4721918106079102
                    ],
                    [
                        2.745013475418091,
                        -0.33022183179855347,
                        -0.9251105785369873
                    ],
                    [
                        3.1726505756378174,
                        -0.8201411366462708,
                        -1.145085096359253
                    ],
                    [
                        0.2029869258403778,
                        1.14767324924469,
                        -0.7894805073738098
                    ],
                    [
                        2.957059621810913,
                        -1.0408400297164917,
                        -0.9338042140007019
                    ],
                    [
                        2.7014036178588867,
                        -0.6721210479736328,
                        -0.888410210609436
                    ],
                    [
                        2.3600308895111084,
                        -0.6378052830696106,
                        -0.8691412210464478
                    ],
                    [
                        2.9159884452819824,
                        -0.714340090751648,
                        -0.723020613193512
                    ],
                    [
                        3.084534168243408,
                        -0.6705788969993591,
                        -0.7953690886497498
                    ],
                    [
                        2.785508632659912,
                        -0.584682047367096,
                        -0.7946439981460571
                    ],
                    [
                        3.177943706512451,
                        0.5030670166015625,
                        -0.28209686279296875
                    ],
                    [
                        2.4031548500061035,
                        0.12410903722047806,
                        -0.8029214143753052
                    ],
                    [
                        2.105412006378174,
                        0.29477396607398987,
                        -0.7054702043533325
                    ],
                    [
                        2.6268928050994873,
                        0.48456940054893494,
                        -0.74806809425354
                    ],
                    [
                        2.31418776512146,
                        -0.2677818238735199,
                        -0.9187111854553223
                    ],
                    [
                        2.8580069541931152,
                        -0.6341497302055359,
                        -0.5693654417991638
                    ],
                    [
                        2.6344590187072754,
                        0.2469753473997116,
                        -0.1960829645395279
                    ],
                    [
                        2.6151559352874756,
                        0.46128711104393005,
                        -0.7473435401916504
                    ],
                    [
                        2.5272979736328125,
                        0.40344104170799255,
                        -1.1674590110778809
                    ]
                ]
            ],
            "actions_pred": [
                [
                    [
                        2.8017101287841797,
                        2.6892282962799072,
                        2.745013475418091,
                        3.1726505756378174,
                        0.2029869258403778,
                        2.957059621810913,
                        2.7014036178588867,
                        2.3600308895111084,
                        2.9159884452819824,
                        3.084534168243408,
                        2.785508632659912,
                        3.177943706512451,
                        2.4031548500061035,
