{
    "steps": [
        {
            "step": 0,
            "train_loss": 0.020785311236977577,
            "actions_pred1": [
                [
                    [
                        0.640416145324707,
                        -0.17096339166164398,
                        -0.22383153438568115
                    ],
                    [
                        0.7166752815246582,
                        -0.019404686987400055,
                        -0.10664573311805725
                    ],
                    [
                        0.6917544007301331,
                        -0.24158547818660736,
                        -0.2023230344057083
                    ],
                    [
                        0.854133129119873,
                        -0.10479987412691116,
                        -0.57035893201828
                    ],
                    [
                        1.0139704942703247,
                        -0.0518387034535408,
                        -0.1430937647819519
                    ],
                    [
                        0.9105420708656311,
                        0.11353611201047897,
                        -0.12249217927455902
                    ],
                    [
                        0.9252879619598389,
                        0.11958902329206467,
                        -0.19563663005828857
                    ],
                    [
                        1.008535623550415,
                        -0.020440973341464996,
                        -0.256469190120697
                    ],
                    [
                        0.874396026134491,
                        0.12069597095251083,
                        -0.23929983377456665
                    ],
                    [
                        0.8208629488945007,
                        -0.03889361768960953,
                        0.0406888872385025
                    ],
                    [
                        0.9084417819976807,
                        -0.1727728396654129,
                        -0.08969494700431824
                    ],
                    [
                        1.0318437814712524,
                        -0.17352287471294403,
                        -0.15940603613853455
                    ],
                    [
                        1.115981936454773,
                        -0.15518246591091156,
                        -0.17617663741111755
                    ],
                    [
                        1.1033836603164673,
                        0.04407747834920883,
                        -0.21287986636161804
                    ],
                    [
                        0.7431277632713318,
                        0.12634803354740143,
                        -0.39565685391426086
                    ],
                    [
                        0.8854458928108215,
                        0.10563316196203232,
                        -0.28612571954727173
                    ],
                    [
                        0.96291184425354,
                        -0.01929161697626114,
                        -0.1873132884502411
                    ],
                    [
                        0.896377682685852,
                        0.2790106236934662,
                        0.1410774141550064
                    ],
                    [
                        0.7005770206451416,
                        0.12819238007068634,
                        0.1535867154598236
                    ],
                    [
                        0.9492719173431396,
                        -0.05191246420145035,
                        0.18127785623073578
                    ]
                ]
            ],
            "actions_pred": [
                [
                    [
                        0.640416145324707,
                        0.7166752815246582,
                        0.6917544007301331,
                        0.854133129119873,
                        1.0139704942703247,
                        0.9105420708656311,
                        0.9252879619598389,
                        1.008535623550415,
                        0.874396026134491,
                        0.8208629488945007,
                        0.9084417819976807,
                        1.0318437814712524,
                        1.115981936454773,
                        1.1033836603164673,
                        0.7431277632713318,
                        0.8854458928108215,
                        0.96291184425354,
                        0.896377682685852,
                        0.7005770206451416,
                        0.9492719173431396
                    ],
                    [
                        -0.17096339166164398,
                        -0.019404686987400055,
                        -0.24158547818660736,
                        -0.10479987412691116,
                        -0.0518387034535408,
                        0.11353611201047897,
                        0.11958902329206467,
                        -0.020440973341464996,
                        0.12069597095251083,
                        -0.03889361768960953,
                        -0.1727728396654129,
                        -0.17352287471294403,
                        -0.15518246591091156,
                        0.04407747834920883,
                        0.12634803354740143,
                        0.10563316196203232,
                        -0.01929161697626114,
                        0.2790106236934662,
                        0.12819238007068634,
                        -0.05191246420145035
                    ],
                    [
                        -0.22383153438568115,
                        -0.10664573311805725,
                        -0.2023230344057083,
                        -0.57035893201828,
                        -0.1430937647819519,
                        -0.12249217927455902,
                        -0.19563663005828857,
                        -0.256469190120697,
                        -0.23929983377456665,
                        0.0406888872385025,
                        -0.08969494700431824,
                        -0.15940603613853455,
                        -0.17617663741111755,
                        -0.21287986636161804,
                        -0.39565685391426086,
                        -0.28612571954727173,
                        -0.1873132884502411,
                        0.1410774141550064,
                        0.1535867154598236,
                        0.18127785623073578
                    ]
                ]
            ],
            "states": [
                [
                    [
                        1.0,
                        120000.0,
                        729414.0,
                        60000.0,
                        1696698.0,
                        0.0,
                        11064698.0,
                        0.0
                    ],
                    [
                        1.0,
                        120000.0,
                        729414.0,
                        60000.0,
                        2426112.0,
                        0.0,
                        11066198.0,
                        0.0
                    ],
                    [
                        1.0,
                        120000.0,
                        729414.0,
                        60000.0,
                        3155526.0,
                        0.0,
                        11067698.0,
                        0.0
                    ],
                    [
                        0.0,
                        0.0,
                        222010400.0,
                        60000.0,
                        18001633280.0,
                        0.0,
                        10331613.0,
                        120.0
                    ],
                    [
                        0.0,
                        0.0,
                        222010400.0,
                        60000.0,
                        18223642624.0,
                        0.0,
                        10331665.0,
                        120.0
                    ],
                    [
                        1.0,
                        120000.0,
                        729414.0,
                        60000.0,
                        2426112.0,
                        0.0,
                        11066198.0,
                        0.0
                    ],
                    [
                        1.0,
                        120000.0,
                        729414.0,
                        60000.0,
                        3155526.0,
                        0.0,
                        11067698.0,
                        0.0
                    ],
                    [
                        0.0,
                        0.0,
                        222010400.0,
                        60000.0,
                        18001633280.0,
                        0.0,
                        10331613.0,
                        120.0
                    ],
                    [
                        0.0,
                        0.0,
                        222010400.0,
                        60000.0,
                        18223642624.0,
                        0.0,
                        10331665.0,
                        120.0
                    ],
                    [
                        0.0,
                        0.0,
                        222010400.0,
                        60000.0,
                        18445654016.0,
                        0.0,
                        10331729.0,
                        120.0
                    ],
                    [
                        0.0,
                        0.0,
                        93532320.0,
                        90000.0,
                        8378770944.0,
                        0.0,
                        11201253.0,
                        121.0
                    ],
                    [
                        0.0,
                        0.0,
                        93532320.0,
                        90000.0,
                        8472303104.0,
                        0.0,
                        11202753.0,
                        121.0
                    ],
                    [
                        0.0,
                        0.0,
                        93532320.0,
                        90000.0,
                        8565835264.0,
                        0.0,
                        11202805.0,
                        121.0
                    ],
                    [
                        0.0,
                        0.0,
                        93532320.0,
                        90000.0,
                        8659367936.0,
                        0.0,
                        11202857.0,
                        121.0
                    ],
                    [
                        0.0,
                        0.0,
                        93532320.0,
                        90000.0,
                        8752900096.0,
                        0.0,
                        11202909.0,
                        121.0
                    ],
                    [
                        0.0,
                        0.0,
                        93532320.0,
                        90000.0,
                        8472303104.0,
                        0.0,
                        11202753.0,
                        121.0
                    ],
                    [
                        0.0,
                        0.0,
                        93532320.0,
                        90000.0,
                        8565835264.0,
                        0.0,
                        11202805.0,
                        121.0
                    ],
                    [
                        0.0,
                        0.0,
                        93532320.0,
                        90000.0,
                        8659367936.0,
                        0.0,
                        11202857.0,
                        121.0
                    ],
                    [
                        0.0,
                        0.0,
                        93532320.0,
                        90000.0,
                        8752900096.0,
                        0.0,
                        11202909.0,
                        121.0
                    ],
                    [
                        0.0,
                        0.0,
                        93532320.0,
                        90000.0,
                        0.0,
                        0.0,
                        11202961.0,
                        121.0
                    ]
                ]
            ],
            "actions": [
                [
                    [
                        0.3333333432674408
                    ],
                    [
                        0.3333333432674408
                    ],
                    [
                        0.3333333432674408
                    ],
                    [
                        0.3333333432674408
                    ],
                    [
                        0.3333333432674408
                    ],
                    [
                        0.3333333432674408
                    ],
                    [
                        0.3333333432674408
                    ],
                    [
                        0.3333333432674408
                    ],
                    [
                        0.3333333432674408
                    ],
                    [
                        0.6666666865348816
                    ],
                    [
                        0.3333333432674408
                    ],
                    [
                        0.3333333432674408
                    ],
                    [
                        0.3333333432674408
                    ],
                    [
                        0.3333333432674408
                    ],
                    [
                        0.3333333432674408
                    ],
                    [
                        0.3333333432674408
                    ],
                    [
                        0.3333333432674408
                    ],
                    [
                        0.3333333432674408
                    ],
                    [
                        0.3333333432674408
                    ],
                    [
                        0.6666666865348816
                    ]
                ]
            ],
            "returns": [
                [
                    [
                        0.048124998807907104
                    ],
                    [
                        0.047874998301267624
                    ],
                    [
                        0.04762500151991844
                    ],
                    [
                        0.04737500101327896
                    ],
                    [
                        0.04712500050663948
                    ],
                    [
                        0.046875
                    ],
                    [
                        0.04662499949336052
                    ],
                    [
                        0.04637499898672104
                    ],
                    [
                        0.04612499848008156
                    ],
                    [
                        0.045875001698732376
                    ],
                    [
                        0.045625001192092896
                    ],
                    [
                        0.045249998569488525
                    ],
                    [
                        0.044874999672174454
                    ],
                    [
                        0.04450000077486038
                    ],
                    [
                        0.04412499815225601
                    ],
                    [
                        0.04374999925494194
                    ],
                    [
                        0.04337500035762787
                    ],
                    [
                        0.0430000014603138
                    ],
                    [
                        0.04262499883770943
                    ],
                    [
                        0.042249999940395355
                    ]
                ]
            ],
            "timesteps": [
                [
                    1260,
                    1261,
                    1262,
                    1263,
                    1264,
                    1265,
                    1266,
                    1267,
                    1268,
                    1269,
                    1270,
                    1271,
                    1272,
                    1273,
                    1274,
                    1275,
                    1276,
                    1277,
                    1278,
                    1279
                ]
            ],
            "labels": [
                [
                    0,
                    0,
                    0,
                    0,
                    0,
                    0,
                    0,
                    0,
                    0,
                    1,
                    0,
                    0,
                    0,
                    0,
                    0,
                    0,
                    0,
                    0,
                    0,
                    1
                ]
            ],
            "CPU Usage": 5.1,
            "RAM Usage": 17.4,
            "GPU Usage": 27.0,
            "VRAM Usage": 15400.0,
            "Disk Read Speed (MB/s)": 75057177.68652344,
            "Disk Write Speed (MB/s)": 506877977.2158203
        },
        {
            "step": 1,
            "train_loss": 0.021087367087602615,
            "actions_pred1": [
                [
                    [
                        0.5557708740234375,
                        0.4301488697528839,
                        -0.38362064957618713
                    ],
                    [
                        0.47959020733833313,
                        0.15268021821975708,
                        -0.4864289462566376
                    ],
                    [
                        0.6438384056091309,
                        0.19538651406764984,
                        -0.4439336955547333
                    ],
                    [
                        0.9863243699073792,
                        -0.05203972011804581,
                        -0.23200389742851257
                    ],
                    [
                        0.7896806001663208,
                        0.2833942770957947,
                        -0.14172585308551788
                    ],
                    [
                        1.2517480850219727,
                        0.3666682541370392,
                        -0.31563422083854675
                    ],
                    [
                        0.9831328392028809,
                        0.2552320063114166,
                        -0.34761396050453186
                    ],
                    [
                        0.9023292064666748,
                        0.32961738109588623,
                        -0.2799117863178253
                    ],
                    [
                        0.9026206731796265,
                        0.2667868733406067,
                        -0.33923208713531494
                    ],
                    [
                        1.1755239963531494,
                        0.10244723409414291,
                        -0.11358402669429779
                    ],
                    [
                        1.1051154136657715,
                        0.09277664870023727,
                        -0.4922970235347748
                    ],
                    [
                        1.1984126567840576,
                        -0.003765651024878025,
                        -0.12298266589641571
                    ],
                    [
                        1.5870249271392822,
                        -0.22249452769756317,
                        -0.1491161435842514
                    ],
                    [
                        0.9355624914169312,
                        0.1519206464290619,
                        -0.3778296411037445
                    ],
                    [
                        1.2074639797210693,
                        0.1423807293176651,
                        0.0005977191030979156
                    ],
                    [
                        1.0910427570343018,
                        -0.09025991708040237,
                        -0.29668769240379333
                    ],
                    [
                        1.2698380947113037,
                        0.25108373165130615,
                        -0.41342970728874207
                    ],
                    [
                        1.2153409719467163,
                        0.15311715006828308,
                        -0.2362680435180664
                    ],
                    [
                        1.220374584197998,
                        0.13965190947055817,
                        -0.331800252199173
                    ],
                    [
                        1.0433311462402344,
                        0.24281500279903412,
                        -0.20150505006313324
                    ]
                ]
            ],
            "actions_pred": [
                [
                    [
                        0.5557708740234375,
                        0.47959020733833313,
                        0.6438384056091309,
                        0.9863243699073792,
                        0.7896806001663208,
                        1.2517480850219727,
                        0.9831328392028809,
                        0.9023292064666748,
                        0.9026206731796265,
                        1.1755239963531494,
                        1.1051154136657715,
                        1.1984126567840576,
                        1.5870249271392822,
                        0.9355624914169312,
                        1.2074639797210693,
                        1.0910427570343018,
                        1.2698380947113037,
                        1.2153409719467163,
                        1.220374584197998,
                        1.0433311462402344
                    ],
                    [
                        0.4301488697528839,
                        0.15268021821975708,
                        0.19538651406764984,
                        -0.05203972011804581,
                        0.2833942770957947,
                        0.3666682541370392,
                        0.2552320063114166,
                        0.32961738109588623,
                        0.2667868733406067,
                        0.10244723409414291,
                        0.09277664870023727,
                        -0.003765651024878025,
                        -0.22249452769756317,
                        0.1519206464290619,
                        0.1423807293176651,
                        -0.09025991708040237,
                        0.25108373165130615,
                        0.15311715006828308,
                        0.13965190947055817,
                        0.24281500279903412
                    ],
                    [
                        -0.38362064957618713,
                        -0.4864289462566376,
                        -0.4439336955547333,
                        -0.23200389742851257,
                        -0.14172585308551788,
                        -0.31563422083854675,
                        -0.34761396050453186,
                        -0.2799117863178253,
                        -0.33923208713531494,
                        -0.11358402669429779,
                        -0.4922970235347748,
                        -0.12298266589641571,
                        -0.1491161435842514,
                        -0.3778296411037445,
                        0.0005977191030979156,
                        -0.29668769240379333,
                        -0.41342970728874207,
                        -0.2362680435180664,
                        -0.331800252199173,
                        -0.20150505006313324
                    ]
                ]
            ],
            "states": [
                [
                    [
                        0.0,
                        0.0,
                        487849312.0,
                        170000.0,
                        6829890560.0,
                        0.0,
                        6279745.0,
                        51.0
                    ],
                    [
                        0.0,
                        0.0,
                        487849312.0,
                        170000.0,
                        7317739520.0,
                        0.0,
                        6281245.0,
                        51.0
                    ],
                    [
                        0.0,
                        0.0,
                        487849312.0,
                        170000.0,
                        7805588992.0,
                        0.0,
                        6282745.0,
                        51.0
                    ],
                    [
                        0.0,
                        0.0,
                        487849312.0,
                        170000.0,
                        8293438464.0,
                        0.0,
                        6284245.0,
                        51.0
                    ],
                    [
                        0.0,
                        0.0,
                        487849312.0,
                        170000.0,
                        0.0,
                        0.0,
                        6285745.0,
                        51.0
                    ],
                    [
                        0.0,
                        0.0,
                        487849312.0,
                        170000.0,
                        1463547904.0,
                        0.0,
                        6288797.0,
                        52.0
                    ],
                    [
                        0.0,
                        0.0,
                        487849312.0,
                        170000.0,
                        1951397248.0,
                        0.0,
                        6288861.0,
                        52.0
                    ],
                    [
                        0.0,
                        0.0,
                        487849312.0,
                        170000.0,
                        2439246592.0,
                        0.0,
                        6288913.0,
                        52.0
                    ],
                    [
                        0.0,
                        0.0,
                        487849312.0,
                        170000.0,
                        2927095808.0,
                        0.0,
                        6288977.0,
                        52.0
                    ],
                    [
                        0.0,
                        0.0,
                        487849312.0,
                        170000.0,
                        3414945280.0,
                        0.0,
                        6289029.0,
                        52.0
                    ],
                    [
                        0.0,
                        0.0,
                        487849312.0,
                        170000.0,
                        1951397248.0,
                        0.0,
                        6288861.0,
                        52.0
                    ],
                    [
                        0.0,
                        0.0,
                        487849312.0,
                        170000.0,
                        2439246592.0,
                        0.0,
                        6288913.0,
                        52.0
                    ],
                    [
                        0.0,
                        0.0,
                        487849312.0,
                        170000.0,
                        2927095808.0,
                        0.0,
                        6288977.0,
                        52.0
                    ],
                    [
                        0.0,
                        0.0,
                        487849312.0,
                        170000.0,
                        3414945280.0,
                        0.0,
                        6289029.0,
                        52.0
                    ],
                    [
                        0.0,
                        0.0,
                        487849312.0,
                        170000.0,
                        0.0,
                        0.0,
                        6289093.0,
                        52.0
                    ],
                    [
                        0.0,
                        0.0,
                        487849312.0,
                        170000.0,
                        0.0,
                        0.0,
                        6289093.0,
                        52.0
                    ],
                    [
                        0.0,
                        0.0,
                        487849312.0,
                        170000.0,
                        487849312.0,
                        0.0,
                        6289145.0,
                        53.0
                    ],
                    [
                        0.0,
                        0.0,
                        487849312.0,
                        170000.0,
                        975698624.0,
                        0.0,
                        6289209.0,
                        53.0
                    ],
                    [
                        0.0,
                        0.0,
                        487849312.0,
                        170000.0,
                        1463547904.0,
                        0.0,
                        6289261.0,
                        53.0
                    ],
                    [
                        0.0,
                        0.0,
                        487849312.0,
                        170000.0,
                        1951397248.0,
                        0.0,
                        6289325.0,
                        53.0
                    ]
                ]
            ],
            "actions": [
                [
                    [
                        0.3333333432674408
                    ],
                    [
                        0.3333333432674408
                    ],
                    [
                        0.3333333432674408
                    ],
                    [
                        0.3333333432674408
                    ],
                    [
                        0.6666666865348816
                    ],
                    [
                        0.3333333432674408
                    ],
                    [
                        0.3333333432674408
                    ],
                    [
                        0.3333333432674408
                    ],
                    [
                        0.3333333432674408
                    ],
                    [
                        0.3333333432674408
                    ],
                    [
                        0.3333333432674408
                    ],
                    [
                        0.3333333432674408
                    ],
                    [
                        0.3333333432674408
                    ],
                    [
                        0.3333333432674408
                    ],
                    [
                        0.6666666865348816
                    ],
                    [
                        0.6666666865348816
                    ],
                    [
                        0.3333333432674408
                    ],
                    [
                        0.3333333432674408
                    ],
                    [
                        0.3333333432674408
                    ],
                    [
                        0.3333333432674408
                    ]
                ]
            ],
            "returns": [
                [
                    [
                        0.34933334589004517
                    ],
                    [
                        0.3486250042915344
                    ],
                    [
                        0.3479166626930237
                    ],
                    [
                        0.34720832109451294
                    ],
                    [
                        0.3465000092983246
                    ],
                    [
                        0.34579166769981384
                    ],
                    [
                        0.3450833261013031
                    ],
                    [
                        0.34437501430511475
                    ],
                    [
                        0.343666672706604
                    ],
                    [
                        0.34295833110809326
                    ],
                    [
                        0.3422499895095825
                    ],
                    [
                        0.34154167771339417
                    ],
                    [
                        0.3408333361148834
                    ],
                    [
                        0.3401249945163727
                    ],
                    [
                        0.33941665291786194
                    ],
                    [
                        0.3387083411216736
                    ],
                    [
                        0.33799999952316284
                    ],
                    [
                        0.3372916579246521
                    ],
                    [
                        0.33658334612846375
                    ],
                    [
                        0.335875004529953
                    ]
                ]
            ],
            "timesteps": [
                [
                    520,
                    521,
                    522,
                    523,
                    524,
                    525,
                    526,
                    527,
                    528,
                    529,
                    530,
                    531,
                    532,
                    533,
                    534,
                    535,
                    536,
                    537,
                    538,
                    539
                ]
            ],
            "labels": [
                [
                    0,
                    0,
                    0,
                    0,
                    1,
                    0,
                    0,
                    0,
                    0,
                    0,
                    0,
                    0,
                    0,
                    0,
                    1,
                    1,
                    0,
                    0,
                    0,
                    0
                ]
            ],
            "CPU Usage": 4.6,
            "RAM Usage": 17.4,
            "GPU Usage": 67.0,
            "VRAM Usage": 15400.0,
            "Disk Read Speed (MB/s)": 75057177.68652344,
            "Disk Write Speed (MB/s)": 506877977.2158203
        },
        {
            "step": 2,
            "train_loss": 0.021013855934143066,
            "actions_pred1": [
                [
                    [
                        0.7052239775657654,
                        0.11416792124509811,
                        -0.6402421593666077
                    ],
                    [
                        0.7543919682502747,
                        0.266216903924942,
                        -0.7700051665306091
                    ],
                    [
                        0.750953197479248,
                        0.38188108801841736,
                        -0.651344358921051
                    ],
                    [
                        0.9158207178115845,
                        0.21357367932796478,
                        -0.33329394459724426
                    ],
                    [
                        0.8313938975334167,
                        0.2270643711090088,
                        -0.23458018898963928
                    ],
                    [
                        0.9460597634315491,
                        0.2061602771282196,
                        -0.14744071662425995
                    ],
                    [
                        0.6734497547149658,
                        0.30647966265678406,
                        -0.10683207213878632
                    ],
                    [
                        0.8421861529350281,
                        0.2709868848323822,
                        -0.3734392821788788
                    ],
                    [
                        0.9893778562545776,
                        0.17037011682987213,
                        -0.11747543513774872
                    ],
                    [
                        0.9583215713500977,
                        0.13963724672794342,
                        0.06087939813733101
                    ],
                    [
                        1.1699261665344238,
                        0.056341491639614105,
                        0.04292214289307594
                    ],
                    [
                        0.9737780094146729,
                        0.06956874579191208,
                        -0.23316821455955505
                    ],
                    [
                        1.1276142597198486,
                        -0.16590999066829681,
                        0.14131522178649902
                    ],
                    [
                        0.9521430730819702,
                        0.013016811572015285,
                        -0.21865084767341614
                    ],
                    [
                        1.0017905235290527,
                        -0.08510125428438187,
                        -0.2933426797389984
                    ],
                    [
                        1.200292944908142,
                        -0.0307299867272377,
                        -0.01923816278576851
                    ],
                    [
                        1.1421576738357544,
                        0.03335221856832504,
                        0.11983788013458252
                    ],
                    [
                        0.7923651933670044,
                        0.25178614258766174,
                        -0.32947179675102234
                    ],
                    [
                        1.078453540802002,
                        0.23807506263256073,
                        0.11870615184307098
                    ],
                    [
                        1.0613816976547241,
                        -0.030655421316623688,
                        -0.04134180396795273
                    ]
                ]
            ],
            "actions_pred": [
                [
                    [
                        0.7052239775657654,
                        0.7543919682502747,
                        0.750953197479248,
                        0.9158207178115845,
                        0.8313938975334167,
                        0.9460597634315491,
                        0.6734497547149658,
                        0.8421861529350281,
                        0.9893778562545776,
                        0.9583215713500977,
                        1.1699261665344238,
