{
    "steps": [
        {
            "step": 0,
            "train_loss": 0.008937917649745941,
            "actions_pred1": [
                [
                    [
                        2.089562177658081,
                        -0.3117496371269226,
                        -1.8895243406295776
                    ],
                    [
                        2.14333438873291,
                        -0.3091239929199219,
                        -1.9355372190475464
                    ],
                    [
                        2.137301445007324,
                        -0.2451322376728058,
                        -1.8682838678359985
                    ],
                    [
                        2.0124213695526123,
                        -0.026011107489466667,
                        -2.1404941082000732
                    ],
                    [
                        1.3649367094039917,
                        0.13385777175426483,
                        -1.6709227561950684
                    ],
                    [
                        2.231224536895752,
                        -0.34810152649879456,
                        -1.8651107549667358
                    ],
                    [
                        2.2386605739593506,
                        -0.2577514052391052,
                        -1.934464931488037
                    ],
                    [
                        2.066377878189087,
                        -0.19275087118148804,
                        -1.9162561893463135
                    ],
                    [
                        2.12263822555542,
                        -0.24950936436653137,
                        -1.9924441576004028
                    ],
                    [
                        2.2697291374206543,
                        -0.24742242693901062,
                        -2.043443202972412
                    ],
                    [
                        2.160336494445801,
                        -0.12318927049636841,
                        -2.135883331298828
                    ],
                    [
                        2.3097033500671387,
                        -0.005816129967570305,
                        -2.035414457321167
                    ],
                    [
                        2.440253496170044,
                        0.011186571791768074,
                        -2.0340356826782227
                    ],
                    [
                        2.3546104431152344,
                        -0.1344064176082611,
                        -2.0559537410736084
                    ],
                    [
                        2.3950912952423096,
                        0.01642140932381153,
                        -1.9494365453720093
                    ],
                    [
                        2.5879130363464355,
                        -0.07827126979827881,
                        -2.16793155670166
                    ],
                    [
                        2.72550892829895,
                        -0.27711355686187744,
                        -1.9342784881591797
                    ],
                    [
                        2.659083127975464,
                        0.08046980202198029,
                        -1.756980299949646
                    ],
                    [
                        2.5456111431121826,
                        0.13931767642498016,
                        -1.8115264177322388
                    ],
                    [
                        2.731213331222534,
                        -0.11091431975364685,
                        -1.7889834642410278
                    ]
                ]
            ],
            "actions_pred": [
                [
                    [
                        2.089562177658081,
                        2.14333438873291,
                        2.137301445007324,
                        2.0124213695526123,
                        1.3649367094039917,
                        2.231224536895752,
                        2.2386605739593506,
                        2.066377878189087,
                        2.12263822555542,
                        2.2697291374206543,
                        2.160336494445801,
                        2.3097033500671387,
                        2.440253496170044,
                        2.3546104431152344,
                        2.3950912952423096,
                        2.5879130363464355,
                        2.72550892829895,
                        2.659083127975464,
                        2.5456111431121826,
                        2.731213331222534
                    ],
                    [
                        -0.3117496371269226,
                        -0.3091239929199219,
                        -0.2451322376728058,
                        -0.026011107489466667,
                        0.13385777175426483,
                        -0.34810152649879456,
                        -0.2577514052391052,
                        -0.19275087118148804,
                        -0.24950936436653137,
                        -0.24742242693901062,
                        -0.12318927049636841,
                        -0.005816129967570305,
                        0.011186571791768074,
                        -0.1344064176082611,
                        0.01642140932381153,
                        -0.07827126979827881,
                        -0.27711355686187744,
                        0.08046980202198029,
                        0.13931767642498016,
                        -0.11091431975364685
                    ],
                    [
                        -1.8895243406295776,
                        -1.9355372190475464,
                        -1.8682838678359985,
                        -2.1404941082000732,
                        -1.6709227561950684,
                        -1.8651107549667358,
                        -1.934464931488037,
                        -1.9162561893463135,
                        -1.9924441576004028,
                        -2.043443202972412,
                        -2.135883331298828,
                        -2.035414457321167,
                        -2.0340356826782227,
                        -2.0559537410736084,
                        -1.9494365453720093,
                        -2.16793155670166,
                        -1.9342784881591797,
                        -1.756980299949646,
                        -1.8115264177322388,
                        -1.7889834642410278
                    ]
                ]
            ],
            "states": [
                [
                    [
                        0.0,
                        0.0,
                        392030432.0,
                        90000.0,
                        4312334848.0,
                        0.0,
                        8618017.0,
                        106.0
                    ],
                    [
                        0.0,
                        0.0,
                        392030432.0,
                        90000.0,
                        4704365056.0,
                        0.0,
                        8619517.0,
                        106.0
                    ],
                    [
                        0.0,
                        0.0,
                        392030432.0,
                        90000.0,
                        5096395776.0,
                        0.0,
                        8619569.0,
                        106.0
                    ],
                    [
                        0.0,
                        0.0,
                        392030432.0,
                        90000.0,
                        5488425984.0,
                        0.0,
                        8619621.0,
                        106.0
                    ],
                    [
                        0.0,
                        0.0,
                        392030432.0,
                        90000.0,
                        0.0,
                        0.0,
                        8619673.0,
                        106.0
                    ],
                    [
                        0.0,
                        0.0,
                        465850176.0,
                        110000.0,
                        16000425984.0,
                        0.0,
                        8646265.0,
                        107.0
                    ],
                    [
                        0.0,
                        0.0,
                        508799840.0,
                        110000.0,
                        16509225984.0,
                        0.0,
                        8646317.0,
                        107.0
                    ],
                    [
                        0.0,
                        0.0,
                        508799840.0,
                        110000.0,
                        17018025984.0,
                        0.0,
                        8646369.0,
                        107.0
                    ],
                    [
                        0.0,
                        0.0,
                        508799840.0,
                        110000.0,
                        17526824960.0,
                        0.0,
                        8646421.0,
                        107.0
                    ],
                    [
                        0.0,
                        0.0,
                        508799840.0,
                        110000.0,
                        18035625984.0,
                        0.0,
                        8646473.0,
                        107.0
                    ],
                    [
                        0.0,
                        0.0,
                        508799840.0,
                        110000.0,
                        16509225984.0,
                        0.0,
                        8646317.0,
                        107.0
                    ],
                    [
                        0.0,
                        0.0,
                        508799840.0,
                        110000.0,
                        17018025984.0,
                        0.0,
                        8646369.0,
                        107.0
                    ],
                    [
                        0.0,
                        0.0,
                        508799840.0,
                        110000.0,
                        17526824960.0,
                        0.0,
                        8646421.0,
                        107.0
                    ],
                    [
                        0.0,
                        0.0,
                        508799840.0,
                        110000.0,
                        18035625984.0,
                        0.0,
                        8646473.0,
                        107.0
                    ],
                    [
                        0.0,
                        0.0,
                        508799840.0,
                        110000.0,
                        18544424960.0,
                        0.0,
                        8646525.0,
                        107.0
                    ],
                    [
                        0.0,
                        0.0,
                        508799840.0,
                        110000.0,
                        3561598976.0,
                        0.0,
                        8654129.0,
                        108.0
                    ],
                    [
                        0.0,
                        0.0,
                        508799840.0,
                        140000.0,
                        4070398720.0,
                        0.0,
                        8654181.0,
                        108.0
                    ],
                    [
                        0.0,
                        0.0,
                        508799840.0,
                        140000.0,
                        4579198464.0,
                        0.0,
                        8655681.0,
                        108.0
                    ],
                    [
                        0.0,
                        0.0,
                        508799840.0,
                        140000.0,
                        5087998464.0,
                        0.0,
                        8657181.0,
                        108.0
                    ],
                    [
                        0.0,
                        0.0,
                        508799840.0,
                        140000.0,
                        5596798464.0,
                        0.0,
                        8657233.0,
                        108.0
                    ]
                ]
            ],
            "actions": [
                [
                    [
                        0.3333333432674408
                    ],
                    [
                        0.3333333432674408
                    ],
                    [
                        0.3333333432674408
                    ],
                    [
                        0.3333333432674408
                    ],
                    [
                        0.6666666865348816
                    ],
                    [
                        0.3333333432674408
                    ],
                    [
                        0.3333333432674408
                    ],
                    [
                        0.3333333432674408
                    ],
                    [
                        0.3333333432674408
                    ],
                    [
                        0.3333333432674408
                    ],
                    [
                        0.3333333432674408
                    ],
                    [
                        0.3333333432674408
                    ],
                    [
                        0.3333333432674408
                    ],
                    [
                        0.3333333432674408
                    ],
                    [
                        0.6666666865348816
                    ],
                    [
                        0.3333333432674408
                    ],
                    [
                        0.3333333432674408
                    ],
                    [
                        0.3333333432674408
                    ],
                    [
                        0.3333333432674408
                    ],
                    [
                        0.3333333432674408
                    ]
                ]
            ],
            "returns": [
                [
                    [
                        0.10970833152532578
                    ],
                    [
                        0.109333336353302
                    ],
                    [
                        0.10895833373069763
                    ],
                    [
                        0.10858333110809326
                    ],
                    [
                        0.10820833593606949
                    ],
                    [
                        0.10783333331346512
                    ],
                    [
                        0.10737500339746475
                    ],
                    [
                        0.10691666603088379
                    ],
                    [
                        0.10645833611488342
                    ],
                    [
                        0.10599999874830246
                    ],
                    [
                        0.1055416688323021
                    ],
                    [
                        0.10508333146572113
                    ],
                    [
                        0.10462500154972076
                    ],
                    [
                        0.1041666641831398
                    ],
                    [
                        0.10370833426713943
                    ],
                    [
                        0.10324999690055847
                    ],
                    [
                        0.1027916669845581
                    ],
                    [
                        0.10220833122730255
                    ],
                    [
                        0.1016250029206276
                    ],
                    [
                        0.10104166716337204
                    ]
                ]
            ],
            "timesteps": [
                [
                    1100,
                    1101,
                    1102,
                    1103,
                    1104,
                    1105,
                    1106,
                    1107,
                    1108,
                    1109,
                    1110,
                    1111,
                    1112,
                    1113,
                    1114,
                    1115,
                    1116,
                    1117,
                    1118,
                    1119
                ]
            ],
            "labels": [
                [
                    0,
                    0,
                    0,
                    0,
                    1,
                    0,
                    0,
                    0,
                    0,
                    0,
                    0,
                    0,
                    0,
                    0,
                    1,
                    0,
                    0,
                    0,
                    0,
                    0
                ]
            ],
            "CPU Usage": 4.5,
            "RAM Usage": 17.4,
            "GPU Usage": 42.0,
            "VRAM Usage": 15400.0,
            "Disk Read Speed (MB/s)": 75057177.68652344,
            "Disk Write Speed (MB/s)": 506878130.32128906
        },
        {
            "step": 1,
            "train_loss": 0.013010025024414062,
            "actions_pred1": [
                [
                    [
                        1.344689130783081,
                        0.5719231963157654,
                        -1.9102874994277954
                    ],
                    [
                        1.8703254461288452,
                        -0.3535081148147583,
                        -1.3557305335998535
                    ],
                    [
                        2.8394997119903564,
                        -0.0901801735162735,
                        -1.6490663290023804
                    ],
                    [
                        2.6718337535858154,
                        -0.10841622948646545,
                        -2.1893057823181152
                    ],
                    [
                        2.1404452323913574,
                        0.238679438829422,
                        -1.8733519315719604
                    ],
                    [
                        2.632939577102661,
                        -0.5350123643875122,
                        -2.2646403312683105
                    ],
                    [
                        2.804265022277832,
                        -0.5483893752098083,
                        -1.8066474199295044
                    ],
                    [
                        2.533207893371582,
                        -0.23955968022346497,
                        -1.7647939920425415
                    ],
                    [
                        2.8146307468414307,
                        -0.4526801109313965,
                        -2.2837283611297607
                    ],
                    [
                        2.604220151901245,
                        -0.5864895582199097,
                        -2.23249888420105
                    ],
                    [
                        2.8315517902374268,
                        -0.6337119340896606,
                        -2.4395923614501953
                    ],
                    [
                        2.718625545501709,
                        -0.6452975273132324,
                        -2.634491443634033
                    ],
                    [
                        2.7084574699401855,
                        -0.2646738290786743,
                        -2.250718116760254
                    ],
                    [
                        2.3550405502319336,
                        -0.35515594482421875,
                        -2.4721996784210205
                    ],
                    [
                        1.4984736442565918,
                        0.5283856987953186,
                        -2.255695343017578
                    ],
                    [
                        2.345681667327881,
                        -0.2789352536201477,
                        -2.278475284576416
                    ],
                    [
                        2.8788371086120605,
                        -0.27284690737724304,
                        -2.678311347961426
                    ],
                    [
                        2.505510091781616,
                        -0.45745059847831726,
                        -2.505328416824341
                    ],
                    [
                        2.637345314025879,
                        -0.7737182974815369,
                        -2.340233564376831
                    ],
                    [
                        2.7833383083343506,
                        -0.30478930473327637,
                        -2.220216751098633
                    ]
                ]
            ],
            "actions_pred": [
                [
                    [
                        1.344689130783081,
                        1.8703254461288452,
                        2.8394997119903564,
                        2.6718337535858154,
                        2.1404452323913574,
                        2.632939577102661,
                        2.804265022277832,
                        2.533207893371582,
                        2.8146307468414307,
                        2.604220151901245,
                        2.8315517902374268,
                        2.718625545501709,
                        2.7084574699401855,
                        2.3550405502319336,
                        1.4984736442565918,
                        2.345681667327881,
                        2.8788371086120605,
                        2.505510091781616,
                        2.637345314025879,
                        2.7833383083343506
                    ],
                    [
                        0.5719231963157654,
                        -0.3535081148147583,
                        -0.0901801735162735,
                        -0.10841622948646545,
                        0.238679438829422,
                        -0.5350123643875122,
                        -0.5483893752098083,
                        -0.23955968022346497,
                        -0.4526801109313965,
                        -0.5864895582199097,
                        -0.6337119340896606,
                        -0.6452975273132324,
                        -0.2646738290786743,
                        -0.35515594482421875,
                        0.5283856987953186,
                        -0.2789352536201477,
                        -0.27284690737724304,
                        -0.45745059847831726,
                        -0.7737182974815369,
                        -0.30478930473327637
                    ],
                    [
                        -1.9102874994277954,
                        -1.3557305335998535,
                        -1.6490663290023804,
                        -2.1893057823181152,
                        -1.8733519315719604,
                        -2.2646403312683105,
                        -1.8066474199295044,
                        -1.7647939920425415,
                        -2.2837283611297607,
                        -2.23249888420105,
                        -2.4395923614501953,
                        -2.634491443634033,
                        -2.250718116760254,
                        -2.4721996784210205,
                        -2.255695343017578,
                        -2.278475284576416,
                        -2.678311347961426,
                        -2.505328416824341,
                        -2.340233564376831,
                        -2.220216751098633
                    ]
                ]
            ],
            "states": [
                [
                    [
                        0.0,
                        0.0,
                        475245408.0,
                        100000.0,
                        0.0,
                        0.0,
                        8672973.0,
                        109.0
                    ],
                    [
                        0.0,
                        0.0,
                        475245408.0,
                        100000.0,
                        475245408.0,
                        0.0,
                        8673025.0,
                        110.0
                    ],
                    [
                        0.0,
                        0.0,
                        475245408.0,
                        100000.0,
                        950490816.0,
                        0.0,
                        8673077.0,
                        110.0
                    ],
                    [
                        0.0,
                        0.0,
                        475245408.0,
                        100000.0,
                        1425736320.0,
                        0.0,
                        8673129.0,
                        110.0
                    ],
                    [
                        0.0,
                        0.0,
                        475245408.0,
                        100000.0,
                        0.0,
                        0.0,
                        8673181.0,
                        110.0
                    ],
                    [
                        1.0,
                        0.0,
                        147026736.0,
                        30000.0,
                        7253989376.0,
                        0.0,
                        10086646.0,
                        0.0
                    ],
                    [
                        1.0,
                        0.0,
                        147026736.0,
                        30000.0,
                        7401015808.0,
                        0.0,
                        10088146.0,
                        0.0
                    ],
                    [
                        1.0,
                        0.0,
                        147026736.0,
                        30000.0,
                        7548042752.0,
                        0.0,
                        10089646.0,
                        0.0
                    ],
                    [
                        1.0,
                        0.0,
                        147026736.0,
                        30000.0,
                        7695069184.0,
                        0.0,
                        10091146.0,
                        0.0
                    ],
                    [
                        1.0,
                        0.0,
                        147026736.0,
                        30000.0,
                        7842096128.0,
                        0.0,
                        10092646.0,
                        0.0
                    ],
                    [
                        1.0,
                        0.0,
                        147026736.0,
                        30000.0,
                        7401015808.0,
                        0.0,
                        10088146.0,
                        0.0
                    ],
                    [
                        1.0,
                        0.0,
                        147026736.0,
                        30000.0,
                        7548042752.0,
                        0.0,
                        10089646.0,
                        0.0
                    ],
                    [
                        1.0,
                        0.0,
                        147026736.0,
                        30000.0,
                        7695069184.0,
                        0.0,
                        10091146.0,
                        0.0
                    ],
                    [
                        1.0,
                        0.0,
                        147026736.0,
                        30000.0,
                        7842096128.0,
                        0.0,
                        10092646.0,
                        0.0
                    ],
                    [
                        1.0,
                        0.0,
                        147026736.0,
                        30000.0,
                        0.0,
                        0.0,
                        10094146.0,
                        0.0
                    ],
                    [
                        1.0,
                        0.0,
                        96695088.0,
                        30000.0,
                        1945806336.0,
                        0.0,
                        10119646.0,
                        0.0
                    ],
                    [
                        0.0,
                        0.0,
                        59637.0,
                        80000.0,
                        596370.0,
                        0.0,
                        9018581.0,
                        111.0
                    ],
                    [
                        1.0,
                        0.0,
                        96695088.0,
                        30000.0,
                        2042501376.0,
                        0.0,
                        10121146.0,
                        0.0
                    ],
                    [
                        1.0,
                        0.0,
                        96695088.0,
                        30000.0,
                        2139196544.0,
                        0.0,
                        10122646.0,
                        0.0
                    ],
                    [
                        0.0,
                        0.0,
                        59637.0,
                        80000.0,
                        656007.0,
                        0.0,
                        9020081.0,
                        111.0
                    ]
                ]
            ],
            "actions": [
                [
                    [
                        0.6666666865348816
                    ],
                    [
                        0.3333333432674408
                    ],
                    [
                        0.3333333432674408
                    ],
                    [
                        0.3333333432674408
                    ],
                    [
                        0.6666666865348816
                    ],
                    [
                        0.3333333432674408
                    ],
                    [
                        0.3333333432674408
                    ],
                    [
                        0.3333333432674408
                    ],
                    [
                        0.3333333432674408
                    ],
                    [
                        0.3333333432674408
                    ],
                    [
                        0.3333333432674408
                    ],
                    [
                        0.3333333432674408
                    ],
                    [
                        0.3333333432674408
                    ],
                    [
                        0.3333333432674408
                    ],
                    [
                        1.0
                    ],
                    [
                        0.3333333432674408
                    ],
                    [
                        0.3333333432674408
                    ],
                    [
                        0.3333333432674408
                    ],
                    [
                        0.3333333432674408
                    ],
                    [
                        0.3333333432674408
                    ]
                ]
            ],
            "returns": [
                [
                    [
                        0.09154167026281357
                    ],
                    [
                        0.0911249965429306
                    ],
                    [
                        0.09070833027362823
                    ],
                    [
                        0.09029166400432587
                    ],
                    [
                        0.0898749977350235
                    ],
                    [
                        0.08945833146572113
                    ],
                    [
                        0.08933333307504654
                    ],
                    [
                        0.08920833468437195
                    ],
                    [
                        0.08908333629369736
                    ],
                    [
                        0.08895833045244217
                    ],
                    [
                        0.08883333206176758
                    ],
                    [
                        0.08870833367109299
                    ],
                    [
                        0.0885833352804184
                    ],
                    [
                        0.0884583368897438
                    ],
                    [
                        0.08833333104848862
                    ],
                    [
                        0.08820833265781403
                    ],
                    [
                        0.08808333426713943
                    ],
                    [
                        0.08775000274181366
                    ],
                    [
                        0.08762499690055847
                    ],
                    [
                        0.08749999850988388
                    ]
                ]
            ],
            "timesteps": [
                [
                    1140,
                    1141,
                    1142,
                    1143,
                    1144,
                    1145,
                    1146,
                    1147,
                    1148,
                    1149,
                    1150,
                    1151,
                    1152,
                    1153,
                    1154,
                    1155,
                    1156,
                    1157,
                    1158,
                    1159
                ]
            ],
            "labels": [
                [
                    1,
                    0,
                    0,
                    0,
                    1,
                    0,
                    0,
                    0,
                    0,
                    0,
                    0,
                    0,
                    0,
                    0,
                    2,
                    0,
                    0,
                    0,
                    0,
                    0
                ]
            ],
            "CPU Usage": 4.7,
            "RAM Usage": 17.4,
            "GPU Usage": 77.0,
            "VRAM Usage": 15400.0,
            "Disk Read Speed (MB/s)": 75057177.68652344,
            "Disk Write Speed (MB/s)": 506878130.32128906
        },
        {
            "step": 2,
            "train_loss": 0.007398842368274927,
            "actions_pred1": [
                [
                    [
                        3.1354289054870605,
                        -0.024128912016749382,
                        -2.1497690677642822
                    ],
                    [
                        2.413886785507202,
                        -0.0015450697392225266,
                        -2.4477322101593018
                    ],
                    [
                        2.710520029067993,
                        0.08961758017539978,
                        -2.256209135055542
                    ],
                    [
                        2.800034284591675,
                        0.13263335824012756,
                        -2.282139539718628
                    ],
                    [
                        2.2303123474121094,
                        0.6290741562843323,
                        -2.068220853805542
                    ],
                    [
                        1.694740653038025,
                        0.8402060270309448,
                        -2.3597304821014404
                    ],
                    [
                        3.0658693313598633,
                        0.2467975616455078,
                        -2.434039354324341
                    ],
                    [
                        2.442687749862671,
                        0.3963002860546112,
                        -2.606240749359131
                    ],
                    [
                        2.8439512252807617,
                        -0.003474203869700432,
                        -2.5172770023345947
                    ],
                    [
                        2.163595199584961,
                        0.5142006278038025,
                        -2.036445379257202
                    ],
                    [
                        2.8174257278442383,
                        0.030256615951657295,
                        -2.5928356647491455
                    ],
                    [
                        2.1114957332611084,
                        0.12887033820152283,
                        -2.229196548461914
                    ],
                    [
                        2.7736425399780273,
                        0.17099881172180176,
                        -2.082904815673828
                    ],
                    [
                        1.6493008136749268,
                        0.18979814648628235,
                        -2.158069372177124
                    ],
                    [
                        1.4738696813583374,
                        0.870236873626709,
                        -2.077604055404663
                    ],
                    [
                        2.9230377674102783,
                        0.014239119365811348,
                        -2.399810552597046
                    ],
                    [
                        2.827061414718628,
                        -0.287762850522995,
                        -2.456683874130249
                    ],
                    [
                        2.7581162452697754,
                        0.17984583973884583,
                        -2.4962332248687744
                    ],
                    [
                        3.1777892112731934,
                        -0.029078779742121696,
                        -2.135896921157837
                    ],
                    [
                        3.0324788093566895,
                        -0.021054638549685478,
                        -2.662137746810913
                    ]
                ]
            ],
            "actions_pred": [
                [
                    [
                        3.1354289054870605,
                        2.413886785507202,
                        2.710520029067993,
                        2.800034284591675,
                        2.2303123474121094,
                        1.694740653038025,
                        3.0658693313598633,
                        2.442687749862671,
                        2.8439512252807617,
                        2.163595199584961,
                        2.8174257278442383,
                        2.1114957332611084,
                        2.7736425399780273,
