{
    "steps": [
        {
            "step": 0,
            "train_loss": 0.015437176451086998,
            "actions_pred1": [
                [
                    [
                        1.148627758026123,
                        -0.006580761633813381,
                        -0.4905051290988922
                    ],
                    [
                        1.0265597105026245,
                        -0.25925081968307495,
                        -0.5385200381278992
                    ],
                    [
                        1.2678675651550293,
                        -0.13526979088783264,
                        -0.37282097339630127
                    ],
                    [
                        1.3313995599746704,
                        0.015473746694624424,
                        -0.31423231959342957
                    ],
                    [
                        1.626610517501831,
                        -0.10924629122018814,
                        -0.22746314108371735
                    ],
                    [
                        1.2622661590576172,
                        0.045024119317531586,
                        -0.5484392642974854
                    ],
                    [
                        1.4727716445922852,
                        0.07889577001333237,
                        -0.42491602897644043
                    ],
                    [
                        1.8607349395751953,
                        -0.31143465638160706,
                        -0.6590281128883362
                    ],
                    [
                        1.4651669263839722,
                        -0.2585945427417755,
                        -0.358063668012619
                    ],
                    [
                        1.6291863918304443,
                        -0.2825527489185333,
                        -0.17854800820350647
                    ],
                    [
                        1.481906533241272,
                        -0.2557070255279541,
                        -0.3759237229824066
                    ],
                    [
                        1.4633734226226807,
                        -0.4376768171787262,
                        -0.2893894612789154
                    ],
                    [
                        1.4557290077209473,
                        -0.25544804334640503,
                        -0.16502991318702698
                    ],
                    [
                        1.2786623239517212,
                        -0.4542340338230133,
                        -0.18269044160842896
                    ],
                    [
                        1.4521784782409668,
                        -0.3630862534046173,
                        -0.23479071259498596
                    ],
                    [
                        1.421467661857605,
                        -0.163595050573349,
                        -0.4054392874240875
                    ],
                    [
                        1.4883694648742676,
                        -0.4016115367412567,
                        -0.31583288311958313
                    ],
                    [
                        1.4223297834396362,
                        -0.22532129287719727,
                        -0.15440186858177185
                    ],
                    [
                        1.7496165037155151,
                        -0.3324446976184845,
                        0.09215439856052399
                    ],
                    [
                        1.4715913534164429,
                        -0.21091505885124207,
                        -0.24898335337638855
                    ]
                ]
            ],
            "actions_pred": [
                [
                    [
                        1.148627758026123,
                        1.0265597105026245,
                        1.2678675651550293,
                        1.3313995599746704,
                        1.626610517501831,
                        1.2622661590576172,
                        1.4727716445922852,
                        1.8607349395751953,
                        1.4651669263839722,
                        1.6291863918304443,
                        1.481906533241272,
                        1.4633734226226807,
                        1.4557290077209473,
                        1.2786623239517212,
                        1.4521784782409668,
                        1.421467661857605,
                        1.4883694648742676,
                        1.4223297834396362,
                        1.7496165037155151,
                        1.4715913534164429
                    ],
                    [
                        -0.006580761633813381,
                        -0.25925081968307495,
                        -0.13526979088783264,
                        0.015473746694624424,
                        -0.10924629122018814,
                        0.045024119317531586,
                        0.07889577001333237,
                        -0.31143465638160706,
                        -0.2585945427417755,
                        -0.2825527489185333,
                        -0.2557070255279541,
                        -0.4376768171787262,
                        -0.25544804334640503,
                        -0.4542340338230133,
                        -0.3630862534046173,
                        -0.163595050573349,
                        -0.4016115367412567,
                        -0.22532129287719727,
                        -0.3324446976184845,
                        -0.21091505885124207
                    ],
                    [
                        -0.4905051290988922,
                        -0.5385200381278992,
                        -0.37282097339630127,
                        -0.31423231959342957,
                        -0.22746314108371735,
                        -0.5484392642974854,
                        -0.42491602897644043,
                        -0.6590281128883362,
                        -0.358063668012619,
                        -0.17854800820350647,
                        -0.3759237229824066,
                        -0.2893894612789154,
                        -0.16502991318702698,
                        -0.18269044160842896,
                        -0.23479071259498596,
                        -0.4054392874240875,
                        -0.31583288311958313,
                        -0.15440186858177185,
                        0.09215439856052399,
                        -0.24898335337638855
                    ]
                ]
            ],
            "states": [
                [
                    [
                        1.0,
                        45000.0,
                        43909.0,
                        60000.0,
                        63414504.0,
                        0.0,
                        5879146.0,
                        0.0
                    ],
                    [
                        0.0,
                        0.0,
                        582472832.0,
                        190000.0,
                        6106553344.0,
                        0.0,
                        6499065.0,
                        63.0
                    ],
                    [
                        1.0,
                        45000.0,
                        43909.0,
                        60000.0,
                        63458412.0,
                        0.0,
                        5880646.0,
                        0.0
                    ],
                    [
                        1.0,
                        45000.0,
                        43909.0,
                        60000.0,
                        63502320.0,
                        0.0,
                        5882146.0,
                        0.0
                    ],
                    [
                        0.0,
                        0.0,
                        582472832.0,
                        190000.0,
                        0.0,
                        0.0,
                        6500565.0,
                        63.0
                    ],
                    [
                        1.0,
                        15000.0,
                        0.0,
                        20000.0,
                        0.0,
                        0.0,
                        5900146.0,
                        0.0
                    ],
                    [
                        0.0,
                        0.0,
                        616027264.0,
                        180000.0,
                        4736286720.0,
                        0.0,
                        6509669.0,
                        64.0
                    ],
                    [
                        1.0,
                        15000.0,
                        0.0,
                        20000.0,
                        0.0,
                        0.0,
                        5901646.0,
                        0.0
                    ],
                    [
                        0.0,
                        0.0,
                        616027264.0,
                        180000.0,
                        5352313856.0,
                        0.0,
                        6511169.0,
                        64.0
                    ],
                    [
                        1.0,
                        15000.0,
                        0.0,
                        40000.0,
                        0.0,
                        0.0,
                        5903146.0,
                        0.0
                    ],
                    [
                        0.0,
                        0.0,
                        616027264.0,
                        180000.0,
                        4736286720.0,
                        0.0,
                        6509669.0,
                        64.0
                    ],
                    [
                        1.0,
                        15000.0,
                        0.0,
                        20000.0,
                        0.0,
                        0.0,
                        5901646.0,
                        0.0
                    ],
                    [
                        0.0,
                        0.0,
                        616027264.0,
                        180000.0,
                        5352313856.0,
                        0.0,
                        6511169.0,
                        64.0
                    ],
                    [
                        1.0,
                        15000.0,
                        0.0,
                        40000.0,
                        0.0,
                        0.0,
                        5903146.0,
                        0.0
                    ],
                    [
                        0.0,
                        0.0,
                        616027264.0,
                        220000.0,
                        0.0,
                        0.0,
                        6511221.0,
                        64.0
                    ],
                    [
                        0.0,
                        0.0,
                        658976896.0,
                        230000.0,
                        6503869952.0,
                        0.0,
                        6521877.0,
                        65.0
                    ],
                    [
                        0.0,
                        0.0,
                        658976896.0,
                        230000.0,
                        7162846720.0,
                        0.0,
                        6521929.0,
                        65.0
                    ],
                    [
                        0.0,
                        0.0,
                        658976896.0,
                        230000.0,
                        7821823488.0,
                        0.0,
                        6521981.0,
                        65.0
                    ],
                    [
                        0.0,
                        0.0,
                        658976896.0,
                        230000.0,
                        8480800256.0,
                        0.0,
                        6523481.0,
                        65.0
                    ],
                    [
                        0.0,
                        0.0,
                        658976896.0,
                        230000.0,
                        9139777536.0,
                        0.0,
                        6523533.0,
                        65.0
                    ]
                ]
            ],
            "actions": [
                [
                    [
                        0.3333333432674408
                    ],
                    [
                        0.3333333432674408
                    ],
                    [
                        0.3333333432674408
                    ],
                    [
                        0.3333333432674408
                    ],
                    [
                        0.6666666865348816
                    ],
                    [
                        0.3333333432674408
                    ],
                    [
                        0.3333333432674408
                    ],
                    [
                        0.3333333432674408
                    ],
                    [
                        0.3333333432674408
                    ],
                    [
                        0.3333333432674408
                    ],
                    [
                        0.3333333432674408
                    ],
                    [
                        0.3333333432674408
                    ],
                    [
                        0.3333333432674408
                    ],
                    [
                        0.3333333432674408
                    ],
                    [
                        0.6666666865348816
                    ],
                    [
                        0.3333333432674408
                    ],
                    [
                        0.3333333432674408
                    ],
                    [
                        0.3333333432674408
                    ],
                    [
                        0.3333333432674408
                    ],
                    [
                        0.3333333432674408
                    ]
                ]
            ],
            "returns": [
                [
                    [
                        0.28329166769981384
                    ],
                    [
                        0.28304165601730347
                    ],
                    [
                        0.28224998712539673
                    ],
                    [
                        0.28200000524520874
                    ],
                    [
                        0.28174999356269836
                    ],
                    [
                        0.2809583246707916
                    ],
                    [
                        0.28087499737739563
                    ],
                    [
                        0.2801249921321869
                    ],
                    [
                        0.2800416648387909
                    ],
                    [
                        0.27929165959358215
                    ],
                    [
                        0.27912500500679016
                    ],
                    [
                        0.2783749997615814
                    ],
                    [
                        0.2782916724681854
                    ],
                    [
                        0.2775416672229767
                    ],
                    [
                        0.2773750126361847
                    ],
                    [
                        0.2764583230018616
                    ],
                    [
                        0.27549999952316284
                    ],
                    [
                        0.2745416760444641
                    ],
                    [
                        0.273583322763443
                    ],
                    [
                        0.27262499928474426
                    ]
                ]
            ],
            "timesteps": [
                [
                    640,
                    641,
                    642,
                    643,
                    644,
                    645,
                    646,
                    647,
                    648,
                    649,
                    650,
                    651,
                    652,
                    653,
                    654,
                    655,
                    656,
                    657,
                    658,
                    659
                ]
            ],
            "labels": [
                [
                    0,
                    0,
                    0,
                    0,
                    1,
                    0,
                    0,
                    0,
                    0,
                    0,
                    0,
                    0,
                    0,
                    0,
                    1,
                    0,
                    0,
                    0,
                    0,
                    0
                ]
            ],
            "CPU Usage": 5.1,
            "RAM Usage": 17.4,
            "GPU Usage": 41.0,
            "VRAM Usage": 15400.0,
            "Disk Read Speed (MB/s)": 75057177.68652344,
            "Disk Write Speed (MB/s)": 506878005.5517578
        },
        {
            "step": 1,
            "train_loss": 0.01453553419560194,
            "actions_pred1": [
                [
                    [
                        0.4855210781097412,
                        -0.4342474639415741,
                        -0.5521177649497986
                    ],
                    [
                        0.8860616683959961,
                        -0.3734968602657318,
                        -0.6349300742149353
                    ],
                    [
                        0.8640013933181763,
                        -0.12307969480752945,
                        -0.6058472990989685
                    ],
                    [
                        0.9341611862182617,
                        -0.10759786516427994,
                        -0.5986840128898621
                    ],
                    [
                        0.91693514585495,
                        -0.25853514671325684,
                        -0.6806010007858276
                    ],
                    [
                        1.301303744316101,
                        -0.12573692202568054,
                        -0.5638497471809387
                    ],
                    [
                        1.401265263557434,
                        -0.18410581350326538,
                        -0.5614696145057678
                    ],
                    [
                        1.6492589712142944,
                        -0.24329990148544312,
                        -0.48473408818244934
                    ],
                    [
                        1.5649914741516113,
                        -0.23787739872932434,
                        -0.4916471540927887
                    ],
                    [
                        1.3625277280807495,
                        -0.12528282403945923,
                        -0.5168485641479492
                    ],
                    [
                        1.5347682237625122,
                        -0.030165202915668488,
                        -0.7012503743171692
                    ],
                    [
                        1.1403247117996216,
                        -0.424024373292923,
                        -0.8354372382164001
                    ],
                    [
                        1.437976360321045,
                        -0.3564499318599701,
                        -0.7346895337104797
                    ],
                    [
                        1.6380510330200195,
                        -0.35715407133102417,
                        -0.5669315457344055
                    ],
                    [
                        1.676849126815796,
                        -0.2912178039550781,
                        -0.28063705563545227
                    ],
                    [
                        1.7333935499191284,
                        -0.3068253695964813,
                        -0.32881584763526917
                    ],
                    [
                        1.6159363985061646,
                        -0.24856430292129517,
                        -0.5829378366470337
                    ],
                    [
                        1.6460322141647339,
                        -0.47511380910873413,
                        -0.3844783902168274
                    ],
                    [
                        1.7445729970932007,
                        -0.5367814302444458,
                        -0.24763405323028564
                    ],
                    [
                        1.6026567220687866,
                        -0.37293633818626404,
                        -0.625430166721344
                    ]
                ]
            ],
            "actions_pred": [
                [
                    [
                        0.4855210781097412,
                        0.8860616683959961,
                        0.8640013933181763,
                        0.9341611862182617,
                        0.91693514585495,
                        1.301303744316101,
                        1.401265263557434,
                        1.6492589712142944,
                        1.5649914741516113,
                        1.3625277280807495,
                        1.5347682237625122,
                        1.1403247117996216,
                        1.437976360321045,
                        1.6380510330200195,
                        1.676849126815796,
                        1.7333935499191284,
                        1.6159363985061646,
                        1.6460322141647339,
                        1.7445729970932007,
                        1.6026567220687866
                    ],
                    [
                        -0.4342474639415741,
                        -0.3734968602657318,
                        -0.12307969480752945,
                        -0.10759786516427994,
                        -0.25853514671325684,
                        -0.12573692202568054,
                        -0.18410581350326538,
                        -0.24329990148544312,
                        -0.23787739872932434,
                        -0.12528282403945923,
                        -0.030165202915668488,
                        -0.424024373292923,
                        -0.3564499318599701,
                        -0.35715407133102417,
                        -0.2912178039550781,
                        -0.3068253695964813,
                        -0.24856430292129517,
                        -0.47511380910873413,
                        -0.5367814302444458,
                        -0.37293633818626404
                    ],
                    [
                        -0.5521177649497986,
                        -0.6349300742149353,
                        -0.6058472990989685,
                        -0.5986840128898621,
                        -0.6806010007858276,
                        -0.5638497471809387,
                        -0.5614696145057678,
                        -0.48473408818244934,
                        -0.4916471540927887,
                        -0.5168485641479492,
                        -0.7012503743171692,
                        -0.8354372382164001,
                        -0.7346895337104797,
                        -0.5669315457344055,
                        -0.28063705563545227,
                        -0.32881584763526917,
                        -0.5829378366470337,
                        -0.3844783902168274,
                        -0.24763405323028564,
                        -0.625430166721344
                    ]
                ]
            ],
            "states": [
                [
                    [
                        1.0,
                        15000.0,
                        10852103.0,
                        140000.0,
                        587691328.0,
                        0.0,
                        9239146.0,
                        0.0
                    ],
                    [
                        0.0,
                        0.0,
                        326263744.0,
                        160000.0,
                        17280065536.0,
                        0.0,
                        8487093.0,
                        100.0
                    ],
                    [
                        0.0,
                        0.0,
                        326263744.0,
                        160000.0,
                        17606328320.0,
                        0.0,
                        8487157.0,
                        100.0
                    ],
                    [
                        0.0,
                        0.0,
                        326263744.0,
                        160000.0,
                        17932593152.0,
                        0.0,
                        8487209.0,
                        100.0
                    ],
                    [
                        0.0,
                        0.0,
                        326263744.0,
                        160000.0,
                        18258855936.0,
                        0.0,
                        8488709.0,
                        100.0
                    ],
                    [
                        0.0,
                        0.0,
                        369213408.0,
                        130000.0,
                        2086431488.0,
                        0.0,
                        8491929.0,
                        101.0
                    ],
                    [
                        0.0,
                        0.0,
                        369213408.0,
                        130000.0,
                        2455644928.0,
                        0.0,
                        8493429.0,
                        101.0
                    ],
                    [
                        1.0,
                        0.0,
                        18401850.0,
                        130000.0,
                        606093184.0,
                        0.0,
                        9240646.0,
                        0.0
                    ],
                    [
                        1.0,
                        0.0,
                        18401850.0,
                        130000.0,
                        624495040.0,
                        0.0,
                        9242146.0,
                        0.0
                    ],
                    [
                        0.0,
                        0.0,
                        369213408.0,
                        130000.0,
                        2824858368.0,
                        0.0,
                        8493481.0,
                        101.0
                    ],
                    [
                        0.0,
                        0.0,
                        369213408.0,
                        130000.0,
                        2455644928.0,
                        0.0,
                        8493429.0,
                        101.0
                    ],
                    [
                        1.0,
                        0.0,
                        18401850.0,
                        130000.0,
                        606093184.0,
                        0.0,
                        9240646.0,
                        0.0
                    ],
                    [
                        1.0,
                        0.0,
                        18401850.0,
                        130000.0,
                        624495040.0,
                        0.0,
                        9242146.0,
                        0.0
                    ],
                    [
                        0.0,
                        0.0,
                        369213408.0,
                        130000.0,
                        2824858368.0,
                        0.0,
                        8493481.0,
                        101.0
                    ],
                    [
                        0.0,
                        0.0,
                        369213408.0,
                        130000.0,
                        0.0,
                        0.0,
                        8493533.0,
                        101.0
                    ],
                    [
                        0.0,
                        0.0,
                        495378080.0,
                        110000.0,
                        16234080256.0,
                        0.0,
                        8510137.0,
                        102.0
                    ],
                    [
                        0.0,
                        0.0,
                        495378080.0,
                        110000.0,
                        16729457664.0,
                        0.0,
                        8510201.0,
                        102.0
                    ],
                    [
                        0.0,
                        0.0,
                        495378080.0,
                        110000.0,
                        17224835072.0,
                        0.0,
                        8510265.0,
                        102.0
                    ],
                    [
                        0.0,
                        0.0,
                        495378080.0,
                        110000.0,
                        17720213504.0,
                        0.0,
                        8510317.0,
                        102.0
                    ],
                    [
                        0.0,
                        0.0,
                        495378080.0,
                        110000.0,
                        18215591936.0,
                        0.0,
                        8511817.0,
                        102.0
                    ]
                ]
            ],
            "actions": [
                [
                    [
                        0.3333333432674408
                    ],
                    [
                        0.3333333432674408
                    ],
                    [
                        0.3333333432674408
                    ],
                    [
                        0.3333333432674408
                    ],
                    [
                        0.6666666865348816
                    ],
                    [
                        0.3333333432674408
                    ],
                    [
                        0.3333333432674408
                    ],
                    [
                        0.3333333432674408
                    ],
                    [
                        0.3333333432674408
                    ],
                    [
                        0.3333333432674408
                    ],
                    [
                        0.3333333432674408
                    ],
                    [
                        0.3333333432674408
                    ],
                    [
                        0.3333333432674408
                    ],
                    [
                        0.3333333432674408
                    ],
                    [
                        0.6666666865348816
                    ],
                    [
                        0.3333333432674408
                    ],
                    [
                        0.3333333432674408
                    ],
                    [
                        0.3333333432674408
                    ],
                    [
                        0.3333333432674408
                    ],
                    [
                        0.3333333432674408
                    ]
                ]
            ],
            "returns": [
                [
                    [
                        0.13237500190734863
                    ],
                    [
                        0.13179166615009308
                    ],
                    [
                        0.13112500309944153
                    ],
                    [
                        0.13045834004878998
                    ],
                    [
                        0.12979166209697723
                    ],
                    [
                        0.12912499904632568
                    ],
                    [
                        0.12858332693576813
                    ],
                    [
                        0.12804166972637177
                    ],
                    [
                        0.1274999976158142
                    ],
                    [
                        0.12695834040641785
                    ],
                    [
                        0.1264166682958603
                    ],
                    [
                        0.12587499618530273
                    ],
                    [
                        0.12533333897590637
                    ],
                    [
                        0.12479166686534882
                    ],
                    [
                        0.12425000220537186
                    ],
                    [
                        0.1237083300948143
                    ],
                    [
                        0.12325000017881393
                    ],
                    [
                        0.12279167026281357
                    ],
                    [
                        0.1223333328962326
                    ],
                    [
                        0.12187500298023224
                    ]
                ]
            ],
            "timesteps": [
                [
                    1040,
                    1041,
                    1042,
                    1043,
                    1044,
                    1045,
                    1046,
                    1047,
                    1048,
                    1049,
                    1050,
                    1051,
                    1052,
                    1053,
                    1054,
                    1055,
                    1056,
                    1057,
                    1058,
                    1059
                ]
            ],
            "labels": [
                [
                    0,
                    0,
                    0,
                    0,
                    1,
                    0,
                    0,
                    0,
                    0,
                    0,
                    0,
                    0,
                    0,
                    0,
                    1,
                    0,
                    0,
                    0,
                    0,
                    0
                ]
            ],
            "CPU Usage": 5.4,
            "RAM Usage": 17.4,
            "GPU Usage": 70.0,
            "VRAM Usage": 15400.0,
            "Disk Read Speed (MB/s)": 75057177.68652344,
            "Disk Write Speed (MB/s)": 506878005.5517578
        },
        {
            "step": 2,
            "train_loss": 0.019357169046998024,
            "actions_pred1": [
                [
                    [
                        0.40684038400650024,
                        -0.22980055212974548,
                        -0.3419237732887268
                    ],
                    [
                        0.17220935225486755,
                        0.006147288717329502,
                        -0.3461592495441437
                    ],
                    [
                        0.5022993087768555,
                        -0.028768815100193024,
                        -0.3076998293399811
                    ],
                    [
                        0.8782737255096436,
                        -0.031257279217243195,
                        -0.008594302460551262
                    ],
                    [
                        1.0165284872055054,
                        -0.05608803778886795,
                        -0.007850898429751396
                    ],
                    [
                        1.1244574785232544,
                        -0.031542129814624786,
                        0.013575093820691109
                    ],
                    [
                        0.9339481592178345,
                        -0.10680315643548965,
                        0.07598675787448883
                    ],
                    [
                        0.9559147357940674,
                        -0.22797295451164246,
                        0.04030841588973999
                    ],
                    [
                        1.125609040260315,
                        -0.0011003678664565086,
                        0.06304728984832764
                    ],
                    [
                        1.1605843305587769,
                        0.02631422132253647,
                        0.267657071352005
                    ],
                    [
                        1.3899660110473633,
                        -0.07591868191957474,
                        -0.020261449739336967
                    ],
                    [
                        1.1600052118301392,
                        -0.005472487770020962,
                        -0.14271333813667297
                    ],
                    [
                        1.1568514108657837,
                        -0.06625179201364517,
                        -0.18280735611915588
                    ],
                    [
                        1.3377512693405151,
                        -0.20776107907295227,
                        -0.1706545054912567
                    ],
                    [
                        1.2762342691421509,
                        -0.4575667977333069,
                        -0.19619399309158325
                    ],
                    [
                        1.3098502159118652,
                        -0.1200963631272316,
                        -0.20939643681049347
                    ],
                    [
                        1.4074668884277344,
                        -0.11033902317285538,
                        -0.4194517433643341
                    ],
                    [
                        1.3218488693237305,
                        -0.15091338753700256,
                        -0.023554785177111626
                    ],
                    [
                        1.1673702001571655,
                        -0.05392826348543167,
                        -0.06749748438596725
                    ],
                    [
                        1.291936993598938,
                        0.16309139132499695,
                        0.0776900202035904
                    ]
                ]
            ],
            "actions_pred": [
                [
                    [
                        0.40684038400650024,
                        0.17220935225486755,
                        0.5022993087768555,
                        0.8782737255096436,
                        1.0165284872055054,
                        1.1244574785232544,
                        0.9339481592178345,
                        0.9559147357940674,
                        1.125609040260315,
                        1.1605843305587769,
                        1.3899660110473633,
