{
    "steps": [
        {
            "step": 0,
            "train_loss": 0.0002839919470716268,
            "actions_pred1": [
                [
                    [
                        6.041698932647705,
                        -2.313476324081421,
                        -2.2110204696655273
                    ],
                    [
                        4.2228193283081055,
                        -1.2788021564483643,
                        -2.619702100753784
                    ],
                    [
                        5.897785663604736,
                        -1.4498063325881958,
                        -2.1497621536254883
                    ],
                    [
                        5.864197254180908,
                        -1.6213195323944092,
                        -2.428009510040283
                    ],
                    [
                        -0.13369743525981903,
                        3.7807750701904297,
                        -1.3101122379302979
                    ],
                    [
                        5.23693323135376,
                        -0.5417781472206116,
                        -3.0308780670166016
                    ],
                    [
                        4.6270270347595215,
                        -0.8669436573982239,
                        -1.8094971179962158
                    ],
                    [
                        5.011435031890869,
                        -1.7629073858261108,
                        -2.8780415058135986
                    ],
                    [
                        5.332979679107666,
                        -1.6392520666122437,
                        -1.843756914138794
                    ],
                    [
                        5.658396244049072,
                        -0.44481217861175537,
                        -1.845102071762085
                    ],
                    [
                        4.736305236816406,
                        -1.3132009506225586,
                        -2.2915661334991455
                    ],
                    [
                        5.374022483825684,
                        -2.135105848312378,
                        -1.8274832963943481
                    ],
                    [
                        4.379785060882568,
                        -0.9650606513023376,
                        -0.8292083144187927
                    ],
                    [
                        4.198894023895264,
                        -1.8132575750350952,
                        -2.464019298553467
                    ],
                    [
                        -0.7032153606414795,
                        3.8113512992858887,
                        -0.4188685417175293
                    ],
                    [
                        4.450660705566406,
                        -0.7886504530906677,
                        -1.5917413234710693
                    ],
                    [
                        3.263169527053833,
                        -1.6926385164260864,
                        -1.405205249786377
                    ],
                    [
                        3.1793832778930664,
                        0.07510825991630554,
                        -1.878967523574829
                    ],
                    [
                        4.51956844329834,
                        -0.7749798893928528,
                        -1.5308778285980225
                    ],
                    [
                        4.196115970611572,
                        -0.8770332932472229,
                        -1.8122315406799316
                    ]
                ]
            ],
            "actions_pred": [
                [
                    [
                        6.041698932647705,
                        4.2228193283081055,
                        5.897785663604736,
                        5.864197254180908,
                        -0.13369743525981903,
                        5.23693323135376,
                        4.6270270347595215,
                        5.011435031890869,
                        5.332979679107666,
                        5.658396244049072,
                        4.736305236816406,
                        5.374022483825684,
                        4.379785060882568,
                        4.198894023895264,
                        -0.7032153606414795,
                        4.450660705566406,
                        3.263169527053833,
                        3.1793832778930664,
                        4.51956844329834,
                        4.196115970611572
                    ],
                    [
                        -2.313476324081421,
                        -1.2788021564483643,
                        -1.4498063325881958,
                        -1.6213195323944092,
                        3.7807750701904297,
                        -0.5417781472206116,
                        -0.8669436573982239,
                        -1.7629073858261108,
                        -1.6392520666122437,
                        -0.44481217861175537,
                        -1.3132009506225586,
                        -2.135105848312378,
                        -0.9650606513023376,
                        -1.8132575750350952,
                        3.8113512992858887,
                        -0.7886504530906677,
                        -1.6926385164260864,
                        0.07510825991630554,
                        -0.7749798893928528,
                        -0.8770332932472229
                    ],
                    [
                        -2.2110204696655273,
                        -2.619702100753784,
                        -2.1497621536254883,
                        -2.428009510040283,
                        -1.3101122379302979,
                        -3.0308780670166016,
                        -1.8094971179962158,
                        -2.8780415058135986,
                        -1.843756914138794,
                        -1.845102071762085,
                        -2.2915661334991455,
                        -1.8274832963943481,
                        -0.8292083144187927,
                        -2.464019298553467,
                        -0.4188685417175293,
                        -1.5917413234710693,
                        -1.405205249786377,
                        -1.878967523574829,
                        -1.5308778285980225,
                        -1.8122315406799316
                    ]
                ]
            ],
            "states": [
                [
                    [
                        1.0,
                        45000.0,
                        43909.0,
                        60000.0,
                        63414504.0,
                        0.0,
                        5879146.0,
                        0.0
                    ],
                    [
                        0.0,
                        0.0,
                        582472832.0,
                        190000.0,
                        6106553344.0,
                        0.0,
                        6499065.0,
                        63.0
                    ],
                    [
                        1.0,
                        45000.0,
                        43909.0,
                        60000.0,
                        63458412.0,
                        0.0,
                        5880646.0,
                        0.0
                    ],
                    [
                        1.0,
                        45000.0,
                        43909.0,
                        60000.0,
                        63502320.0,
                        0.0,
                        5882146.0,
                        0.0
                    ],
                    [
                        0.0,
                        0.0,
                        582472832.0,
                        190000.0,
                        0.0,
                        0.0,
                        6500565.0,
                        63.0
                    ],
                    [
                        1.0,
                        15000.0,
                        0.0,
                        20000.0,
                        0.0,
                        0.0,
                        5900146.0,
                        0.0
                    ],
                    [
                        0.0,
                        0.0,
                        616027264.0,
                        180000.0,
                        4736286720.0,
                        0.0,
                        6509669.0,
                        64.0
                    ],
                    [
                        1.0,
                        15000.0,
                        0.0,
                        20000.0,
                        0.0,
                        0.0,
                        5901646.0,
                        0.0
                    ],
                    [
                        0.0,
                        0.0,
                        616027264.0,
                        180000.0,
                        5352313856.0,
                        0.0,
                        6511169.0,
                        64.0
                    ],
                    [
                        1.0,
                        15000.0,
                        0.0,
                        40000.0,
                        0.0,
                        0.0,
                        5903146.0,
                        0.0
                    ],
                    [
                        0.0,
                        0.0,
                        616027264.0,
                        180000.0,
                        4736286720.0,
                        0.0,
                        6509669.0,
                        64.0
                    ],
                    [
                        1.0,
                        15000.0,
                        0.0,
                        20000.0,
                        0.0,
                        0.0,
                        5901646.0,
                        0.0
                    ],
                    [
                        0.0,
                        0.0,
                        616027264.0,
                        180000.0,
                        5352313856.0,
                        0.0,
                        6511169.0,
                        64.0
                    ],
                    [
                        1.0,
                        15000.0,
                        0.0,
                        40000.0,
                        0.0,
                        0.0,
                        5903146.0,
                        0.0
                    ],
                    [
                        0.0,
                        0.0,
                        616027264.0,
                        220000.0,
                        0.0,
                        0.0,
                        6511221.0,
                        64.0
                    ],
                    [
                        0.0,
                        0.0,
                        658976896.0,
                        230000.0,
                        6503869952.0,
                        0.0,
                        6521877.0,
                        65.0
                    ],
                    [
                        0.0,
                        0.0,
                        658976896.0,
                        230000.0,
                        7162846720.0,
                        0.0,
                        6521929.0,
                        65.0
                    ],
                    [
                        0.0,
                        0.0,
                        658976896.0,
                        230000.0,
                        7821823488.0,
                        0.0,
                        6521981.0,
                        65.0
                    ],
                    [
                        0.0,
                        0.0,
                        658976896.0,
                        230000.0,
                        8480800256.0,
                        0.0,
                        6523481.0,
                        65.0
                    ],
                    [
                        0.0,
                        0.0,
                        658976896.0,
                        230000.0,
                        9139777536.0,
                        0.0,
                        6523533.0,
                        65.0
                    ]
                ]
            ],
            "actions": [
                [
                    [
                        0.3333333432674408
                    ],
                    [
                        0.3333333432674408
                    ],
                    [
                        0.3333333432674408
                    ],
                    [
                        0.3333333432674408
                    ],
                    [
                        0.6666666865348816
                    ],
                    [
                        0.3333333432674408
                    ],
                    [
                        0.3333333432674408
                    ],
                    [
                        0.3333333432674408
                    ],
                    [
                        0.3333333432674408
                    ],
                    [
                        0.3333333432674408
                    ],
                    [
                        0.3333333432674408
                    ],
                    [
                        0.3333333432674408
                    ],
                    [
                        0.3333333432674408
                    ],
                    [
                        0.3333333432674408
                    ],
                    [
                        0.6666666865348816
                    ],
                    [
                        0.3333333432674408
                    ],
                    [
                        0.3333333432674408
                    ],
                    [
                        0.3333333432674408
                    ],
                    [
                        0.3333333432674408
                    ],
                    [
                        0.3333333432674408
                    ]
                ]
            ],
            "returns": [
                [
                    [
                        0.28329166769981384
                    ],
                    [
                        0.28304165601730347
                    ],
                    [
                        0.28224998712539673
                    ],
                    [
                        0.28200000524520874
                    ],
                    [
                        0.28174999356269836
                    ],
                    [
                        0.2809583246707916
                    ],
                    [
                        0.28087499737739563
                    ],
                    [
                        0.2801249921321869
                    ],
                    [
                        0.2800416648387909
                    ],
                    [
                        0.27929165959358215
                    ],
                    [
                        0.27912500500679016
                    ],
                    [
                        0.2783749997615814
                    ],
                    [
                        0.2782916724681854
                    ],
                    [
                        0.2775416672229767
                    ],
                    [
                        0.2773750126361847
                    ],
                    [
                        0.2764583230018616
                    ],
                    [
                        0.27549999952316284
                    ],
                    [
                        0.2745416760444641
                    ],
                    [
                        0.273583322763443
                    ],
                    [
                        0.27262499928474426
                    ]
                ]
            ],
            "timesteps": [
                [
                    640,
                    641,
                    642,
                    643,
                    644,
                    645,
                    646,
                    647,
                    648,
                    649,
                    650,
                    651,
                    652,
                    653,
                    654,
                    655,
                    656,
                    657,
                    658,
                    659
                ]
            ],
            "labels": [
                [
                    0,
                    0,
                    0,
                    0,
                    1,
                    0,
                    0,
                    0,
                    0,
                    0,
                    0,
                    0,
                    0,
                    0,
                    1,
                    0,
                    0,
                    0,
                    0,
                    0
                ]
            ],
            "CPU Usage": 5.3,
            "RAM Usage": 17.4,
            "GPU Usage": 42.0,
            "VRAM Usage": 15400.0,
            "Disk Read Speed (MB/s)": 75057177.68652344,
            "Disk Write Speed (MB/s)": 506878233.3642578
        },
        {
            "step": 1,
            "train_loss": 0.005858512595295906,
            "actions_pred1": [
                [
                    [
                        5.032210826873779,
                        -0.33949533104896545,
                        -2.379314661026001
                    ],
                    [
                        4.714017391204834,
                        -0.40645647048950195,
                        -1.8475687503814697
                    ],
                    [
                        3.63421630859375,
                        0.562863826751709,
                        -2.5982863903045654
                    ],
                    [
                        3.9787161350250244,
                        0.8860727548599243,
                        -2.0123884677886963
                    ],
                    [
                        4.362518787384033,
                        1.2097582817077637,
                        -2.4837963581085205
                    ],
                    [
                        4.389570713043213,
                        -0.021873418241739273,
                        -2.687422513961792
                    ],
                    [
                        4.223740577697754,
                        0.5593129992485046,
                        -2.449293851852417
                    ],
                    [
                        4.246273040771484,
                        0.1455342024564743,
                        -1.778630256652832
                    ],
                    [
                        4.310349941253662,
                        -0.46138522028923035,
                        -1.9427103996276855
                    ],
                    [
                        3.7800662517547607,
                        0.37891390919685364,
                        -2.076535224914551
                    ],
                    [
                        3.229127883911133,
                        0.40834251046180725,
                        -2.021178960800171
                    ],
                    [
                        2.8504557609558105,
                        0.8988494277000427,
                        -2.3704512119293213
                    ],
                    [
                        3.6251814365386963,
                        0.1214861124753952,
                        -1.8112796545028687
                    ],
                    [
                        3.920750617980957,
                        0.2832202613353729,
                        -2.082437753677368
                    ],
                    [
                        -0.7752045392990112,
                        3.9273974895477295,
                        -1.0709164142608643
                    ],
                    [
                        4.099993705749512,
                        0.7558093667030334,
                        -1.8788045644760132
                    ],
                    [
                        5.000607967376709,
                        -0.5600493550300598,
                        -3.335275650024414
                    ],
                    [
                        4.632580757141113,
                        -1.036473035812378,
                        -1.9810465574264526
                    ],
                    [
                        3.840299606323242,
                        -0.7164639234542847,
                        -2.581328868865967
                    ],
                    [
                        5.378166198730469,
                        0.3072808086872101,
                        -2.0643839836120605
                    ]
                ]
            ],
            "actions_pred": [
                [
                    [
                        5.032210826873779,
                        4.714017391204834,
                        3.63421630859375,
                        3.9787161350250244,
                        4.362518787384033,
                        4.389570713043213,
                        4.223740577697754,
                        4.246273040771484,
                        4.310349941253662,
                        3.7800662517547607,
                        3.229127883911133,
                        2.8504557609558105,
                        3.6251814365386963,
                        3.920750617980957,
                        -0.7752045392990112,
                        4.099993705749512,
                        5.000607967376709,
                        4.632580757141113,
                        3.840299606323242,
                        5.378166198730469
                    ],
                    [
                        -0.33949533104896545,
                        -0.40645647048950195,
                        0.562863826751709,
                        0.8860727548599243,
                        1.2097582817077637,
                        -0.021873418241739273,
                        0.5593129992485046,
                        0.1455342024564743,
                        -0.46138522028923035,
                        0.37891390919685364,
                        0.40834251046180725,
                        0.8988494277000427,
                        0.1214861124753952,
                        0.2832202613353729,
                        3.9273974895477295,
                        0.7558093667030334,
                        -0.5600493550300598,
                        -1.036473035812378,
                        -0.7164639234542847,
                        0.3072808086872101
                    ],
                    [
                        -2.379314661026001,
                        -1.8475687503814697,
                        -2.5982863903045654,
                        -2.0123884677886963,
                        -2.4837963581085205,
                        -2.687422513961792,
                        -2.449293851852417,
                        -1.778630256652832,
                        -1.9427103996276855,
                        -2.076535224914551,
                        -2.021178960800171,
                        -2.3704512119293213,
                        -1.8112796545028687,
                        -2.082437753677368,
                        -1.0709164142608643,
                        -1.8788045644760132,
                        -3.335275650024414,
                        -1.9810465574264526,
                        -2.581328868865967,
                        -2.0643839836120605
                    ]
                ]
            ],
            "states": [
                [
                    [
                        0.0,
                        0.0,
                        495378080.0,
                        110000.0,
                        16729457664.0,
                        0.0,
                        8510201.0,
                        102.0
                    ],
                    [
                        0.0,
                        0.0,
                        495378080.0,
                        110000.0,
                        17224835072.0,
                        0.0,
                        8510265.0,
                        102.0
                    ],
                    [
                        0.0,
                        0.0,
                        495378080.0,
                        110000.0,
                        17720213504.0,
                        0.0,
                        8510317.0,
                        102.0
                    ],
                    [
                        0.0,
                        0.0,
                        495378080.0,
                        110000.0,
                        18215591936.0,
                        0.0,
                        8511817.0,
                        102.0
                    ],
                    [
                        0.0,
                        0.0,
                        495378080.0,
                        110000.0,
                        18710970368.0,
                        0.0,
                        8513317.0,
                        102.0
                    ],
                    [
                        0.0,
                        0.0,
                        265865776.0,
                        70000.0,
                        8205485568.0,
                        0.0,
                        8520729.0,
                        103.0
                    ],
                    [
                        0.0,
                        0.0,
                        265865776.0,
                        70000.0,
                        8471351296.0,
                        0.0,
                        8520781.0,
                        103.0
                    ],
                    [
                        0.0,
                        0.0,
                        265865776.0,
                        70000.0,
                        8737216512.0,
                        0.0,
                        8520833.0,
                        103.0
                    ],
                    [
                        0.0,
                        0.0,
                        265865776.0,
                        70000.0,
                        9003082752.0,
                        0.0,
                        8520885.0,
                        103.0
                    ],
                    [
                        0.0,
                        0.0,
                        265865776.0,
                        70000.0,
                        9268948992.0,
                        0.0,
                        8520937.0,
                        103.0
                    ],
                    [
                        0.0,
                        0.0,
                        265865776.0,
                        70000.0,
                        8471351296.0,
                        0.0,
                        8520781.0,
                        103.0
                    ],
                    [
                        0.0,
                        0.0,
                        265865776.0,
                        70000.0,
                        8737216512.0,
                        0.0,
                        8520833.0,
                        103.0
                    ],
                    [
                        0.0,
                        0.0,
                        265865776.0,
                        70000.0,
                        9003082752.0,
                        0.0,
                        8520885.0,
                        103.0
                    ],
                    [
                        0.0,
                        0.0,
                        265865776.0,
                        70000.0,
                        9268948992.0,
                        0.0,
                        8520937.0,
                        103.0
                    ],
                    [
                        0.0,
                        0.0,
                        265865776.0,
                        70000.0,
                        0.0,
                        0.0,
                        8520989.0,
                        103.0
                    ],
                    [
                        1.0,
                        150000.0,
                        0.0,
                        10000.0,
                        0.0,
                        0.0,
                        9291646.0,
                        0.0
                    ],
                    [
                        1.0,
                        150000.0,
                        0.0,
                        10000.0,
                        0.0,
                        0.0,
                        9293146.0,
                        0.0
                    ],
                    [
                        1.0,
                        150000.0,
                        0.0,
                        10000.0,
                        0.0,
                        0.0,
                        9294646.0,
                        0.0
                    ],
                    [
                        1.0,
                        150000.0,
                        0.0,
                        10000.0,
                        0.0,
                        0.0,
                        9296146.0,
                        0.0
                    ],
                    [
                        0.0,
                        0.0,
                        245733104.0,
                        40000.0,
                        18121478144.0,
                        0.0,
                        8550589.0,
                        104.0
                    ]
                ]
            ],
            "actions": [
                [
                    [
                        0.3333333432674408
                    ],
                    [
                        0.3333333432674408
                    ],
                    [
                        0.3333333432674408
                    ],
                    [
                        0.3333333432674408
                    ],
                    [
                        0.6666666865348816
                    ],
                    [
                        0.3333333432674408
                    ],
                    [
                        0.3333333432674408
                    ],
                    [
                        0.3333333432674408
                    ],
                    [
                        0.3333333432674408
                    ],
                    [
                        0.3333333432674408
                    ],
                    [
                        0.3333333432674408
                    ],
                    [
                        0.3333333432674408
                    ],
                    [
                        0.3333333432674408
                    ],
                    [
                        0.3333333432674408
                    ],
                    [
                        0.6666666865348816
                    ],
                    [
                        0.3333333432674408
                    ],
                    [
                        0.3333333432674408
                    ],
                    [
                        0.3333333432674408
                    ],
                    [
                        0.3333333432674408
                    ],
                    [
                        0.3333333432674408
                    ]
                ]
            ],
            "returns": [
                [
                    [
                        0.12141666561365128
                    ],
                    [
                        0.12095833569765091
                    ],
                    [
                        0.12049999833106995
                    ],
                    [
                        0.12004166841506958
                    ],
                    [
                        0.11958333104848862
                    ],
                    [
                        0.11912500113248825
                    ],
                    [
                        0.11883333325386047
                    ],
                    [
                        0.1185416653752327
                    ],
                    [
                        0.11824999749660492
                    ],
                    [
                        0.11795832961797714
                    ],
                    [
                        0.11766666918992996
                    ],
                    [
                        0.11737500131130219
                    ],
                    [
                        0.11708333343267441
                    ],
                    [
                        0.11679166555404663
                    ],
                    [
                        0.11649999767541885
                    ],
                    [
                        0.11620832979679108
                    ],
                    [
                        0.11616666615009308
                    ],
                    [
                        0.11612500250339508
                    ],
                    [
                        0.11608333140611649
                    ],
                    [
                        0.11604166775941849
                    ]
                ]
            ],
            "timesteps": [
                [
                    1060,
                    1061,
                    1062,
                    1063,
                    1064,
                    1065,
                    1066,
                    1067,
                    1068,
                    1069,
                    1070,
                    1071,
                    1072,
                    1073,
                    1074,
                    1075,
                    1076,
                    1077,
                    1078,
                    1079
                ]
            ],
            "labels": [
                [
                    0,
                    0,
                    0,
                    0,
                    1,
                    0,
                    0,
                    0,
                    0,
                    0,
                    0,
                    0,
                    0,
                    0,
                    1,
                    0,
                    0,
                    0,
                    0,
                    0
                ]
            ],
            "CPU Usage": 12.7,
            "RAM Usage": 17.4,
            "GPU Usage": 81.0,
            "VRAM Usage": 15400.0,
            "Disk Read Speed (MB/s)": 75057177.68652344,
            "Disk Write Speed (MB/s)": 506878233.3642578
        },
        {
            "step": 2,
            "train_loss": 0.004956340417265892,
            "actions_pred1": [
                [
                    [
                        6.192695140838623,
                        -1.316420555114746,
                        -1.2180390357971191
                    ],
                    [
                        4.823399066925049,
                        -0.2514212131500244,
                        -1.3899458646774292
                    ],
                    [
                        4.213889122009277,
                        -0.2637101113796234,
                        -0.7430814504623413
                    ],
                    [
                        5.22066593170166,
                        -0.41572391986846924,
                        -0.4889225363731384
                    ],
                    [
                        -0.48969703912734985,
                        3.663961172103882,
                        -0.09999044239521027
                    ],
                    [
                        4.871542930603027,
                        -1.1168280839920044,
                        -0.5121685862541199
                    ],
                    [
                        4.5085577964782715,
                        -0.764453113079071,
                        -0.5421885251998901
                    ],
                    [
                        4.1840081214904785,
                        -0.23526310920715332,
                        -0.7850233912467957
                    ],
                    [
                        4.519845962524414,
                        0.3119381368160248,
                        -0.6597703099250793
                    ],
                    [
                        3.6047933101654053,
                        0.6983117461204529,
                        -0.6026917099952698
                    ],
                    [
                        3.6102705001831055,
                        0.751043438911438,
                        -0.785459041595459
                    ],
                    [
                        3.485616445541382,
                        0.9570603966712952,
                        -0.42033424973487854
                    ],
                    [
                        3.98410701751709,
                        0.3551689684391022,
                        -0.42846715450286865
                    ],
                    [
                        3.512993335723877,
                        0.8402742743492126,
                        -0.900291919708252
                    ],
                    [
                        2.9721057415008545,
                        0.5466856360435486,
                        -0.8949171304702759
                    ],
                    [
                        4.330745697021484,
                        -0.3024040460586548,
                        -0.22273193299770355
                    ],
                    [
                        5.097385883331299,
                        -0.7368300557136536,
                        -0.8246377110481262
                    ],
                    [
                        3.6194961071014404,
                        -0.8896708488464355,
                        -0.9545850157737732
                    ],
                    [
                        3.3595168590545654,
                        -0.5304713845252991,
                        -0.5985016822814941
                    ],
                    [
                        3.0431036949157715,
                        0.4384026825428009,
                        -1.4895799160003662
                    ]
                ]
            ],
            "actions_pred": [
                [
                    [
                        6.192695140838623,
                        4.823399066925049,
                        4.213889122009277,
                        5.22066593170166,
                        -0.48969703912734985,
                        4.871542930603027,
                        4.5085577964782715,
                        4.1840081214904785,
                        4.519845962524414,
                        3.6047933101654053,
                        3.6102705001831055,
                        3.485616445541382,
                        3.98410701751709,
                        3.512993335723877,
                        2.9721057415008545,
                        4.330745697021484,
                        5.097385883331299,
                        3.6194961071014404,
