{
    "steps": [
        {
            "step": 0,
            "train_loss": 0.01175266969949007,
            "actions_pred1": [
                [
                    [
                        1.5449594259262085,
                        -0.25374099612236023,
                        -0.6686025261878967
                    ],
                    [
                        1.6643712520599365,
                        -0.3045431673526764,
                        -0.7977347373962402
                    ],
                    [
                        1.8719815015792847,
                        -0.4353034198284149,
                        -0.8463450074195862
                    ],
                    [
                        1.858254075050354,
                        -0.35247400403022766,
                        -1.120079517364502
                    ],
                    [
                        1.8636637926101685,
                        -0.3631152808666229,
                        -0.7068687081336975
                    ],
                    [
                        2.1366145610809326,
                        -0.428104966878891,
                        -0.7601004242897034
                    ],
                    [
                        2.2652792930603027,
                        -0.410131573677063,
                        -0.7244425415992737
                    ],
                    [
                        2.4173266887664795,
                        -0.4530707895755768,
                        -0.4190351366996765
                    ],
                    [
                        2.157949447631836,
                        -0.5703030824661255,
                        -0.5221026539802551
                    ],
                    [
                        2.177874803543091,
                        -0.32425054907798767,
                        -0.6524402499198914
                    ],
                    [
                        2.1494152545928955,
                        -0.39129960536956787,
                        -0.542434573173523
                    ],
                    [
                        2.030247211456299,
                        -0.3683376610279083,
                        -0.663309633731842
                    ],
                    [
                        1.9908418655395508,
                        -0.3943103849887848,
                        -0.5359102487564087
                    ],
                    [
                        2.080235481262207,
                        -0.28608712553977966,
                        -0.9350436329841614
                    ],
                    [
                        2.0368270874023438,
                        -0.374542772769928,
                        -0.5181216597557068
                    ],
                    [
                        2.3472723960876465,
                        -0.48155680298805237,
                        -0.38022977113723755
                    ],
                    [
                        2.417173147201538,
                        -0.5140581130981445,
                        -0.5984120965003967
                    ],
                    [
                        2.167640209197998,
                        -0.20698782801628113,
                        -0.5954295992851257
                    ],
                    [
                        2.3625104427337646,
                        -0.2916198670864105,
                        -0.516596257686615
                    ],
                    [
                        2.112126588821411,
                        -0.2372094988822937,
                        -0.5406756401062012
                    ]
                ]
            ],
            "actions_pred": [
                [
                    [
                        1.5449594259262085,
                        1.6643712520599365,
                        1.8719815015792847,
                        1.858254075050354,
                        1.8636637926101685,
                        2.1366145610809326,
                        2.2652792930603027,
                        2.4173266887664795,
                        2.157949447631836,
                        2.177874803543091,
                        2.1494152545928955,
                        2.030247211456299,
                        1.9908418655395508,
                        2.080235481262207,
                        2.0368270874023438,
                        2.3472723960876465,
                        2.417173147201538,
                        2.167640209197998,
                        2.3625104427337646,
                        2.112126588821411
                    ],
                    [
                        -0.25374099612236023,
                        -0.3045431673526764,
                        -0.4353034198284149,
                        -0.35247400403022766,
                        -0.3631152808666229,
                        -0.428104966878891,
                        -0.410131573677063,
                        -0.4530707895755768,
                        -0.5703030824661255,
                        -0.32425054907798767,
                        -0.39129960536956787,
                        -0.3683376610279083,
                        -0.3943103849887848,
                        -0.28608712553977966,
                        -0.374542772769928,
                        -0.48155680298805237,
                        -0.5140581130981445,
                        -0.20698782801628113,
                        -0.2916198670864105,
                        -0.2372094988822937
                    ],
                    [
                        -0.6686025261878967,
                        -0.7977347373962402,
                        -0.8463450074195862,
                        -1.120079517364502,
                        -0.7068687081336975,
                        -0.7601004242897034,
                        -0.7244425415992737,
                        -0.4190351366996765,
                        -0.5221026539802551,
                        -0.6524402499198914,
                        -0.542434573173523,
                        -0.663309633731842,
                        -0.5359102487564087,
                        -0.9350436329841614,
                        -0.5181216597557068,
                        -0.38022977113723755,
                        -0.5984120965003967,
                        -0.5954295992851257,
                        -0.516596257686615,
                        -0.5406756401062012
                    ]
                ]
            ],
            "states": [
                [
                    [
                        0.0,
                        0.0,
                        434162208.0,
                        170000.0,
                        1302486656.0,
                        0.0,
                        6191165.0,
                        45.0
                    ],
                    [
                        0.0,
                        0.0,
                        434162208.0,
                        170000.0,
                        1736648832.0,
                        0.0,
                        6192665.0,
                        45.0
                    ],
                    [
                        0.0,
                        0.0,
                        434162208.0,
                        170000.0,
                        2170811136.0,
                        0.0,
                        6194165.0,
                        45.0
                    ],
                    [
                        0.0,
                        0.0,
                        434162208.0,
                        170000.0,
                        2604973312.0,
                        0.0,
                        6194217.0,
                        45.0
                    ],
                    [
                        0.0,
                        0.0,
                        434162208.0,
                        170000.0,
                        0.0,
                        0.0,
                        6195717.0,
                        45.0
                    ],
                    [
                        0.0,
                        0.0,
                        520061568.0,
                        110000.0,
                        5854191616.0,
                        0.0,
                        6206477.0,
                        46.0
                    ],
                    [
                        0.0,
                        0.0,
                        520061568.0,
                        110000.0,
                        6374253568.0,
                        0.0,
                        6207977.0,
                        46.0
                    ],
                    [
                        0.0,
                        0.0,
                        520061568.0,
                        110000.0,
                        6894315008.0,
                        0.0,
                        6209477.0,
                        46.0
                    ],
                    [
                        0.0,
                        0.0,
                        520061568.0,
                        110000.0,
                        7414376448.0,
                        0.0,
                        6210977.0,
                        46.0
                    ],
                    [
                        0.0,
                        0.0,
                        520061568.0,
                        110000.0,
                        7934437888.0,
                        0.0,
                        6212477.0,
                        46.0
                    ],
                    [
                        0.0,
                        0.0,
                        520061568.0,
                        110000.0,
                        6374253568.0,
                        0.0,
                        6207977.0,
                        46.0
                    ],
                    [
                        0.0,
                        0.0,
                        520061568.0,
                        110000.0,
                        6894315008.0,
                        0.0,
                        6209477.0,
                        46.0
                    ],
                    [
                        0.0,
                        0.0,
                        520061568.0,
                        110000.0,
                        7414376448.0,
                        0.0,
                        6210977.0,
                        46.0
                    ],
                    [
                        0.0,
                        0.0,
                        520061568.0,
                        110000.0,
                        7934437888.0,
                        0.0,
                        6212477.0,
                        46.0
                    ],
                    [
                        0.0,
                        0.0,
                        520061568.0,
                        110000.0,
                        0.0,
                        0.0,
                        6213977.0,
                        46.0
                    ],
                    [
                        0.0,
                        0.0,
                        330814560.0,
                        110000.0,
                        12055304192.0,
                        0.0,
                        6229757.0,
                        47.0
                    ],
                    [
                        0.0,
                        0.0,
                        330814560.0,
                        110000.0,
                        12386118656.0,
                        0.0,
                        6231257.0,
                        47.0
                    ],
                    [
                        0.0,
                        0.0,
                        330814560.0,
                        110000.0,
                        12716933120.0,
                        0.0,
                        6232757.0,
                        47.0
                    ],
                    [
                        0.0,
                        0.0,
                        330814560.0,
                        110000.0,
                        13047747584.0,
                        0.0,
                        6234257.0,
                        47.0
                    ],
                    [
                        0.0,
                        0.0,
                        330814560.0,
                        110000.0,
                        13378562048.0,
                        0.0,
                        6234309.0,
                        47.0
                    ]
                ]
            ],
            "actions": [
                [
                    [
                        0.3333333432674408
                    ],
                    [
                        0.3333333432674408
                    ],
                    [
                        0.3333333432674408
                    ],
                    [
                        0.3333333432674408
                    ],
                    [
                        0.6666666865348816
                    ],
                    [
                        0.3333333432674408
                    ],
                    [
                        0.3333333432674408
                    ],
                    [
                        0.3333333432674408
                    ],
                    [
                        0.3333333432674408
                    ],
                    [
                        0.3333333432674408
                    ],
                    [
                        0.3333333432674408
                    ],
                    [
                        0.3333333432674408
                    ],
                    [
                        0.3333333432674408
                    ],
                    [
                        0.3333333432674408
                    ],
                    [
                        0.6666666865348816
                    ],
                    [
                        0.3333333432674408
                    ],
                    [
                        0.3333333432674408
                    ],
                    [
                        0.3333333432674408
                    ],
                    [
                        0.3333333432674408
                    ],
                    [
                        0.3333333432674408
                    ]
                ]
            ],
            "returns": [
                [
                    [
                        0.3800416588783264
                    ],
                    [
                        0.37933334708213806
                    ],
                    [
                        0.3786250054836273
                    ],
                    [
                        0.3779166638851166
                    ],
                    [
                        0.37720832228660583
                    ],
                    [
                        0.3765000104904175
                    ],
                    [
                        0.3760416805744171
                    ],
                    [
                        0.37558332085609436
                    ],
                    [
                        0.375124990940094
                    ],
                    [
                        0.37466666102409363
                    ],
                    [
                        0.37420833110809326
                    ],
                    [
                        0.3737500011920929
                    ],
                    [
                        0.37329167127609253
                    ],
                    [
                        0.37283334136009216
                    ],
                    [
                        0.3723750114440918
                    ],
                    [
                        0.37191668152809143
                    ],
                    [
                        0.3714583218097687
                    ],
                    [
                        0.3709999918937683
                    ],
                    [
                        0.37054166197776794
                    ],
                    [
                        0.3700833320617676
                    ]
                ]
            ],
            "timesteps": [
                [
                    460,
                    461,
                    462,
                    463,
                    464,
                    465,
                    466,
                    467,
                    468,
                    469,
                    470,
                    471,
                    472,
                    473,
                    474,
                    475,
                    476,
                    477,
                    478,
                    479
                ]
            ],
            "labels": [
                [
                    0,
                    0,
                    0,
                    0,
                    1,
                    0,
                    0,
                    0,
                    0,
                    0,
                    0,
                    0,
                    0,
                    0,
                    1,
                    0,
                    0,
                    0,
                    0,
                    0
                ]
            ],
            "CPU Usage": 5.2,
            "RAM Usage": 17.4,
            "GPU Usage": 41.0,
            "VRAM Usage": 15400.0,
            "Disk Read Speed (MB/s)": 75057177.68652344,
            "Disk Write Speed (MB/s)": 506878041.4658203
        },
        {
            "step": 1,
            "train_loss": 0.011597907170653343,
            "actions_pred1": [
                [
                    [
                        1.4383243322372437,
                        -0.23535701632499695,
                        -1.088636040687561
                    ],
                    [
                        1.8230444192886353,
                        -0.2914470136165619,
                        -0.9659004807472229
                    ],
                    [
                        1.7509832382202148,
                        -0.8531028032302856,
                        -1.1464548110961914
                    ],
                    [
                        1.5857391357421875,
                        -0.5529433488845825,
                        -1.0340512990951538
                    ],
                    [
                        1.3139851093292236,
                        -0.6945223808288574,
                        -0.7808483242988586
                    ],
                    [
                        1.5475481748580933,
                        -0.563527524471283,
                        -0.9351398348808289
                    ],
                    [
                        1.6715904474258423,
                        -0.4604402482509613,
                        -0.8265811204910278
                    ],
                    [
                        1.8676903247833252,
                        -0.5025700330734253,
                        -0.9404705166816711
                    ],
                    [
                        1.815476417541504,
                        -0.20554989576339722,
                        -0.9856857061386108
                    ],
                    [
                        1.7116189002990723,
                        -0.3008754849433899,
                        -0.9746537804603577
                    ],
                    [
                        2.034553289413452,
                        -0.4344320595264435,
                        -1.0967992544174194
                    ],
                    [
                        1.9600740671157837,
                        -0.3251526653766632,
                        -0.7305391430854797
                    ],
                    [
                        1.7468851804733276,
                        -0.39463010430336,
                        -0.9173673987388611
                    ],
                    [
                        1.6856718063354492,
                        -0.511435329914093,
                        -0.9214645028114319
                    ],
                    [
                        1.7046711444854736,
                        -0.4076888859272003,
                        -0.9817067980766296
                    ],
                    [
                        1.9263731241226196,
                        -0.46323150396347046,
                        -0.9664983153343201
                    ],
                    [
                        1.963125228881836,
                        -0.5434072017669678,
                        -0.971160888671875
                    ],
                    [
                        2.1002142429351807,
                        -0.4756532907485962,
                        -0.8475519418716431
                    ],
                    [
                        2.037937879562378,
                        -0.34716060757637024,
                        -0.7105746865272522
                    ],
                    [
                        1.7643264532089233,
                        -0.33490419387817383,
                        -0.8549491167068481
                    ]
                ]
            ],
            "actions_pred": [
                [
                    [
                        1.4383243322372437,
                        1.8230444192886353,
                        1.7509832382202148,
                        1.5857391357421875,
                        1.3139851093292236,
                        1.5475481748580933,
                        1.6715904474258423,
                        1.8676903247833252,
                        1.815476417541504,
                        1.7116189002990723,
                        2.034553289413452,
                        1.9600740671157837,
                        1.7468851804733276,
                        1.6856718063354492,
                        1.7046711444854736,
                        1.9263731241226196,
                        1.963125228881836,
                        2.1002142429351807,
                        2.037937879562378,
                        1.7643264532089233
                    ],
                    [
                        -0.23535701632499695,
                        -0.2914470136165619,
                        -0.8531028032302856,
                        -0.5529433488845825,
                        -0.6945223808288574,
                        -0.563527524471283,
                        -0.4604402482509613,
                        -0.5025700330734253,
                        -0.20554989576339722,
                        -0.3008754849433899,
                        -0.4344320595264435,
                        -0.3251526653766632,
                        -0.39463010430336,
                        -0.511435329914093,
                        -0.4076888859272003,
                        -0.46323150396347046,
                        -0.5434072017669678,
                        -0.4756532907485962,
                        -0.34716060757637024,
                        -0.33490419387817383
                    ],
                    [
                        -1.088636040687561,
                        -0.9659004807472229,
                        -1.1464548110961914,
                        -1.0340512990951538,
                        -0.7808483242988586,
                        -0.9351398348808289,
                        -0.8265811204910278,
                        -0.9404705166816711,
                        -0.9856857061386108,
                        -0.9746537804603577,
                        -1.0967992544174194,
                        -0.7305391430854797,
                        -0.9173673987388611,
                        -0.9214645028114319,
                        -0.9817067980766296,
                        -0.9664983153343201,
                        -0.971160888671875,
                        -0.8475519418716431,
                        -0.7105746865272522,
                        -0.8549491167068481
                    ]
                ]
            ],
            "states": [
                [
                    [
                        0.0,
                        0.0,
                        305313216.0,
                        120000.0,
                        4102586112.0,
                        0.0,
                        6181853.0,
                        43.0
                    ],
                    [
                        0.0,
                        0.0,
                        348262880.0,
                        130000.0,
                        4450849280.0,
                        0.0,
                        6181905.0,
                        43.0
                    ],
                    [
                        1.0,
                        75000.0,
                        0.0,
                        20000.0,
                        0.0,
                        0.0,
                        5532646.0,
                        0.0
                    ],
                    [
                        1.0,
                        75000.0,
                        0.0,
                        20000.0,
                        0.0,
                        0.0,
                        5534146.0,
                        0.0
                    ],
                    [
                        0.0,
                        0.0,
                        391212544.0,
                        130000.0,
                        0.0,
                        0.0,
                        6183405.0,
                        43.0
                    ],
                    [
                        0.0,
                        0.0,
                        391212544.0,
                        160000.0,
                        782425088.0,
                        0.0,
                        6184957.0,
                        44.0
                    ],
                    [
                        0.0,
                        0.0,
                        391212544.0,
                        160000.0,
                        1173637632.0,
                        0.0,
                        6186457.0,
                        44.0
                    ],
                    [
                        0.0,
                        0.0,
                        391212544.0,
                        160000.0,
                        1564850176.0,
                        0.0,
                        6187957.0,
                        44.0
                    ],
                    [
                        0.0,
                        0.0,
                        391212544.0,
                        160000.0,
                        1956062720.0,
                        0.0,
                        6188009.0,
                        44.0
                    ],
                    [
                        0.0,
                        0.0,
                        434162208.0,
                        170000.0,
                        2390224896.0,
                        0.0,
                        6188061.0,
                        44.0
                    ],
                    [
                        0.0,
                        0.0,
                        391212544.0,
                        160000.0,
                        1173637632.0,
                        0.0,
                        6186457.0,
                        44.0
                    ],
                    [
                        0.0,
                        0.0,
                        391212544.0,
                        160000.0,
                        1564850176.0,
                        0.0,
                        6187957.0,
                        44.0
                    ],
                    [
                        0.0,
                        0.0,
                        391212544.0,
                        160000.0,
                        1956062720.0,
                        0.0,
                        6188009.0,
                        44.0
                    ],
                    [
                        0.0,
                        0.0,
                        434162208.0,
                        170000.0,
                        2390224896.0,
                        0.0,
                        6188061.0,
                        44.0
                    ],
                    [
                        0.0,
                        0.0,
                        434162208.0,
                        170000.0,
                        0.0,
                        0.0,
                        6189561.0,
                        44.0
                    ],
                    [
                        0.0,
                        0.0,
                        434162208.0,
                        170000.0,
                        868324416.0,
                        0.0,
                        6191113.0,
                        45.0
                    ],
                    [
                        0.0,
                        0.0,
                        434162208.0,
                        170000.0,
                        1302486656.0,
                        0.0,
                        6191165.0,
                        45.0
                    ],
                    [
                        0.0,
                        0.0,
                        434162208.0,
                        170000.0,
                        1736648832.0,
                        0.0,
                        6192665.0,
                        45.0
                    ],
                    [
                        0.0,
                        0.0,
                        434162208.0,
                        170000.0,
                        2170811136.0,
                        0.0,
                        6194165.0,
                        45.0
                    ],
                    [
                        0.0,
                        0.0,
                        434162208.0,
                        170000.0,
                        2604973312.0,
                        0.0,
                        6194217.0,
                        45.0
                    ]
                ]
            ],
            "actions": [
                [
                    [
                        0.3333333432674408
                    ],
                    [
                        0.3333333432674408
                    ],
                    [
                        0.3333333432674408
                    ],
                    [
                        0.3333333432674408
                    ],
                    [
                        0.6666666865348816
                    ],
                    [
                        0.3333333432674408
                    ],
                    [
                        0.3333333432674408
                    ],
                    [
                        0.3333333432674408
                    ],
                    [
                        0.3333333432674408
                    ],
                    [
                        0.3333333432674408
                    ],
                    [
                        0.3333333432674408
                    ],
                    [
                        0.3333333432674408
                    ],
                    [
                        0.3333333432674408
                    ],
                    [
                        0.3333333432674408
                    ],
                    [
                        0.6666666865348816
                    ],
                    [
                        0.3333333432674408
                    ],
                    [
                        0.3333333432674408
                    ],
                    [
                        0.3333333432674408
                    ],
                    [
                        0.3333333432674408
                    ],
                    [
                        0.3333333432674408
                    ]
                ]
            ],
            "returns": [
                [
                    [
                        0.3921250104904175
                    ],
                    [
                        0.39162498712539673
                    ],
                    [
                        0.39108332991600037
                    ],
                    [
                        0.39100000262260437
                    ],
                    [
                        0.3909166753292084
                    ],
                    [
                        0.3903749883174896
                    ],
                    [
                        0.38970834016799927
                    ],
                    [
                        0.3890416622161865
                    ],
                    [
                        0.38837501406669617
                    ],
                    [
                        0.3877083361148834
                    ],
                    [
                        0.3869999945163727
                    ],
                    [
                        0.3863333463668823
                    ],
                    [
                        0.3856666684150696
                    ],
                    [
                        0.38499999046325684
                    ],
                    [
                        0.3842916786670685
                    ],
                    [
                        0.38358333706855774
                    ],
                    [
                        0.382874995470047
                    ],
                    [
                        0.38216665387153625
                    ],
                    [
                        0.3814583420753479
                    ],
                    [
                        0.38075000047683716
                    ]
                ]
            ],
            "timesteps": [
                [
                    440,
                    441,
                    442,
                    443,
                    444,
                    445,
                    446,
                    447,
                    448,
                    449,
                    450,
                    451,
                    452,
                    453,
                    454,
                    455,
                    456,
                    457,
                    458,
                    459
                ]
            ],
            "labels": [
                [
                    0,
                    0,
                    0,
                    0,
                    1,
                    0,
                    0,
                    0,
                    0,
                    0,
                    0,
                    0,
                    0,
                    0,
                    1,
                    0,
                    0,
                    0,
                    0,
                    0
                ]
            ],
            "CPU Usage": 4.5,
            "RAM Usage": 17.4,
            "GPU Usage": 63.0,
            "VRAM Usage": 15400.0,
            "Disk Read Speed (MB/s)": 75057177.68652344,
            "Disk Write Speed (MB/s)": 506878041.4658203
        },
        {
            "step": 2,
            "train_loss": 0.049820251762866974,
            "actions_pred1": [
                [
                    [
                        1.4083651304244995,
                        0.09787214547395706,
                        -0.9242467880249023
                    ],
                    [
                        1.587485671043396,
                        -0.17599385976791382,
                        -1.0563163757324219
                    ],
                    [
                        2.0428762435913086,
                        -0.12573561072349548,
                        -0.8080116510391235
                    ],
                    [
                        2.0076892375946045,
                        -0.2647954523563385,
                        -0.7485591769218445
                    ],
                    [
                        2.4670960903167725,
                        -0.4893984794616699,
                        -0.9459640979766846
                    ],
                    [
                        2.3138937950134277,
                        -0.3657897710800171,
                        -0.5729783177375793
                    ],
                    [
                        2.2605154514312744,
                        -0.2751668095588684,
                        -0.7832086086273193
                    ],
                    [
                        2.2961816787719727,
                        -0.3930841088294983,
                        -0.7122285962104797
                    ],
                    [
                        2.2759416103363037,
                        -0.3336259126663208,
                        -0.5977919697761536
                    ],
                    [
                        2.4363479614257812,
                        -0.3476780652999878,
                        -0.5019718408584595
                    ],
                    [
                        2.3632283210754395,
                        -0.32968446612358093,
                        -0.6599214673042297
                    ],
                    [
                        2.4127442836761475,
                        -0.31828853487968445,
                        -0.5260106921195984
                    ],
                    [
                        2.227114677429199,
                        -0.46366798877716064,
                        -0.5340368747711182
                    ],
                    [
                        2.2068092823028564,
                        -0.34433427453041077,
                        -0.7591173052787781
                    ],
                    [
                        2.244337320327759,
                        -0.37790414690971375,
                        -0.5563668608665466
                    ],
                    [
                        2.094301700592041,
                        -0.20793527364730835,
                        -0.4742869734764099
                    ],
                    [
                        2.2149999141693115,
                        -0.21937721967697144,
                        -0.6280604004859924
                    ],
                    [
                        2.2080883979797363,
                        -0.2767525315284729,
                        -0.5731172561645508
                    ],
                    [
                        2.1977672576904297,
                        -0.16899612545967102,
                        -0.5139227509498596
                    ],
                    [
                        2.1596505641937256,
                        -0.2899838387966156,
                        -0.49929630756378174
                    ]
                ]
            ],
            "actions_pred": [
                [
                    [
                        1.4083651304244995,
                        1.587485671043396,
                        2.0428762435913086,
                        2.0076892375946045,
                        2.4670960903167725,
                        2.3138937950134277,
                        2.2605154514312744,
                        2.2961816787719727,
                        2.2759416103363037,
                        2.4363479614257812,
                        2.3632283210754395,
                        2.4127442836761475,
                        2.227114677429199,
                        2.2068092823028564,
