{
    "steps": [
        {
            "step": 0,
            "train_loss": 0.00027357073849998415,
            "actions_pred1": [
                [
                    [
                        6.989692211151123,
                        -2.958179473876953,
                        -2.830227851867676
                    ],
                    [
                        6.328942775726318,
                        -2.596008777618408,
                        -2.8725357055664062
                    ],
                    [
                        5.912439346313477,
                        -2.3299176692962646,
                        -2.164919853210449
                    ],
                    [
                        4.597860813140869,
                        -0.6598297953605652,
                        -1.7565500736236572
                    ],
                    [
                        -0.8547704815864563,
                        2.0791449546813965,
                        -0.5940247178077698
                    ],
                    [
                        5.75237512588501,
                        -2.048821449279785,
                        -2.308598279953003
                    ],
                    [
                        4.915087699890137,
                        -0.9682358503341675,
                        -1.1881933212280273
                    ],
                    [
                        5.037396430969238,
                        -1.5516085624694824,
                        -2.3393378257751465
                    ],
                    [
                        4.756527423858643,
                        -1.0003844499588013,
                        -2.0160748958587646
                    ],
                    [
                        4.59555196762085,
                        -1.1226991415023804,
                        -2.947545289993286
                    ],
                    [
                        4.128075122833252,
                        -1.6055974960327148,
                        -2.1445724964141846
                    ],
                    [
                        5.429873943328857,
                        -2.6793878078460693,
                        -2.058746576309204
                    ],
                    [
                        4.957929611206055,
                        -1.586543321609497,
                        -1.522608995437622
                    ],
                    [
                        4.723226547241211,
                        -1.3341511487960815,
                        -1.8930439949035645
                    ],
                    [
                        -1.2324466705322266,
                        4.180912017822266,
                        -0.00018061697483062744
                    ],
                    [
                        4.843515872955322,
                        -1.9343737363815308,
                        -2.0681419372558594
                    ],
                    [
                        5.518275737762451,
                        -2.007540225982666,
                        -1.4818980693817139
                    ],
                    [
                        6.1418304443359375,
                        -3.131361961364746,
                        -3.090374708175659
                    ],
                    [
                        7.091988563537598,
                        -3.0076184272766113,
                        -3.063246011734009
                    ],
                    [
                        7.147695541381836,
                        -3.154057025909424,
                        -2.491274356842041
                    ]
                ]
            ],
            "actions_pred": [
                [
                    [
                        6.989692211151123,
                        6.328942775726318,
                        5.912439346313477,
                        4.597860813140869,
                        -0.8547704815864563,
                        5.75237512588501,
                        4.915087699890137,
                        5.037396430969238,
                        4.756527423858643,
                        4.59555196762085,
                        4.128075122833252,
                        5.429873943328857,
                        4.957929611206055,
                        4.723226547241211,
                        -1.2324466705322266,
                        4.843515872955322,
                        5.518275737762451,
                        6.1418304443359375,
                        7.091988563537598,
                        7.147695541381836
                    ],
                    [
                        -2.958179473876953,
                        -2.596008777618408,
                        -2.3299176692962646,
                        -0.6598297953605652,
                        2.0791449546813965,
                        -2.048821449279785,
                        -0.9682358503341675,
                        -1.5516085624694824,
                        -1.0003844499588013,
                        -1.1226991415023804,
                        -1.6055974960327148,
                        -2.6793878078460693,
                        -1.586543321609497,
                        -1.3341511487960815,
                        4.180912017822266,
                        -1.9343737363815308,
                        -2.007540225982666,
                        -3.131361961364746,
                        -3.0076184272766113,
                        -3.154057025909424
                    ],
                    [
                        -2.830227851867676,
                        -2.8725357055664062,
                        -2.164919853210449,
                        -1.7565500736236572,
                        -0.5940247178077698,
                        -2.308598279953003,
                        -1.1881933212280273,
                        -2.3393378257751465,
                        -2.0160748958587646,
                        -2.947545289993286,
                        -2.1445724964141846,
                        -2.058746576309204,
                        -1.522608995437622,
                        -1.8930439949035645,
                        -0.00018061697483062744,
                        -2.0681419372558594,
                        -1.4818980693817139,
                        -3.090374708175659,
                        -3.063246011734009,
                        -2.491274356842041
                    ]
                ]
            ],
            "states": [
                [
                    [
                        1.0,
                        105000.0,
                        770046.0,
                        10000.0,
                        4537691.0,
                        0.0,
                        5967646.0,
                        0.0
                    ],
                    [
                        1.0,
                        105000.0,
                        770046.0,
                        10000.0,
                        5307737.0,
                        0.0,
                        5969146.0,
                        0.0
                    ],
                    [
                        1.0,
                        105000.0,
                        770046.0,
                        10000.0,
                        6077783.0,
                        0.0,
                        5970646.0,
                        0.0
                    ],
                    [
                        0.0,
                        0.0,
                        265718960.0,
                        60000.0,
                        2229099264.0,
                        0.0,
                        6558201.0,
                        73.0
                    ],
                    [
                        0.0,
                        0.0,
                        265718960.0,
                        60000.0,
                        0.0,
                        0.0,
                        6558253.0,
                        73.0
                    ],
                    [
                        0.0,
                        0.0,
                        265718960.0,
                        60000.0,
                        3188627456.0,
                        0.0,
                        6560501.0,
                        74.0
                    ],
                    [
                        0.0,
                        0.0,
                        265718960.0,
                        60000.0,
                        3454346496.0,
                        0.0,
                        6560581.0,
                        74.0
                    ],
                    [
                        0.0,
                        0.0,
                        265718960.0,
                        60000.0,
                        3720065536.0,
                        0.0,
                        6562081.0,
                        74.0
                    ],
                    [
                        0.0,
                        0.0,
                        265718960.0,
                        60000.0,
                        3985784320.0,
                        0.0,
                        6563581.0,
                        74.0
                    ],
                    [
                        0.0,
                        0.0,
                        265718960.0,
                        60000.0,
                        4251503360.0,
                        0.0,
                        6565081.0,
                        74.0
                    ],
                    [
                        0.0,
                        0.0,
                        265718960.0,
                        60000.0,
                        3454346496.0,
                        0.0,
                        6560581.0,
                        74.0
                    ],
                    [
                        0.0,
                        0.0,
                        265718960.0,
                        60000.0,
                        3720065536.0,
                        0.0,
                        6562081.0,
                        74.0
                    ],
                    [
                        0.0,
                        0.0,
                        265718960.0,
                        60000.0,
                        3985784320.0,
                        0.0,
                        6563581.0,
                        74.0
                    ],
                    [
                        0.0,
                        0.0,
                        265718960.0,
                        60000.0,
                        4251503360.0,
                        0.0,
                        6565081.0,
                        74.0
                    ],
                    [
                        0.0,
                        0.0,
                        265718960.0,
                        60000.0,
                        0.0,
                        0.0,
                        6566581.0,
                        74.0
                    ],
                    [
                        0.0,
                        0.0,
                        279140736.0,
                        50000.0,
                        14234931200.0,
                        0.0,
                        6609845.0,
                        75.0
                    ],
                    [
                        0.0,
                        0.0,
                        279140736.0,
                        50000.0,
                        14514072576.0,
                        0.0,
                        6609909.0,
                        75.0
                    ],
                    [
                        1.0,
                        60000.0,
                        30146.0,
                        40000.0,
                        453500.0,
                        0.0,
                        6017146.0,
                        0.0
                    ],
                    [
                        1.0,
                        60000.0,
                        30146.0,
                        40000.0,
                        483646.0,
                        0.0,
                        6018646.0,
                        0.0
                    ],
                    [
                        1.0,
                        60000.0,
                        30146.0,
                        40000.0,
                        513792.0,
                        0.0,
                        6020146.0,
                        0.0
                    ]
                ]
            ],
            "actions": [
                [
                    [
                        0.3333333432674408
                    ],
                    [
                        0.3333333432674408
                    ],
                    [
                        0.3333333432674408
                    ],
                    [
                        0.3333333432674408
                    ],
                    [
                        0.6666666865348816
                    ],
                    [
                        0.3333333432674408
                    ],
                    [
                        0.3333333432674408
                    ],
                    [
                        0.3333333432674408
                    ],
                    [
                        0.3333333432674408
                    ],
                    [
                        0.3333333432674408
                    ],
                    [
                        0.3333333432674408
                    ],
                    [
                        0.3333333432674408
                    ],
                    [
                        0.3333333432674408
                    ],
                    [
                        0.3333333432674408
                    ],
                    [
                        0.6666666865348816
                    ],
                    [
                        0.3333333432674408
                    ],
                    [
                        0.3333333432674408
                    ],
                    [
                        0.3333333432674408
                    ],
                    [
                        0.3333333432674408
                    ],
                    [
                        0.3333333432674408
                    ]
                ]
            ],
            "returns": [
                [
                    [
                        0.2357083261013031
                    ],
                    [
                        0.2356666624546051
                    ],
                    [
                        0.2356249988079071
                    ],
                    [
                        0.2355833351612091
                    ],
                    [
                        0.23533333837985992
                    ],
                    [
                        0.23508332669734955
                    ],
                    [
                        0.23483332991600037
                    ],
                    [
                        0.23458333313465118
                    ],
                    [
                        0.234333336353302
                    ],
                    [
                        0.23408333957195282
                    ],
                    [
                        0.23383332788944244
                    ],
                    [
                        0.23358333110809326
                    ],
                    [
                        0.23333333432674408
                    ],
                    [
                        0.2330833375453949
                    ],
                    [
                        0.23283334076404572
                    ],
                    [
                        0.23258332908153534
                    ],
                    [
                        0.23237499594688416
                    ],
                    [
                        0.23216666281223297
                    ],
                    [
                        0.23199999332427979
                    ],
                    [
                        0.2318333387374878
                    ]
                ]
            ],
            "timesteps": [
                [
                    740,
                    741,
                    742,
                    743,
                    744,
                    745,
                    746,
                    747,
                    748,
                    749,
                    750,
                    751,
                    752,
                    753,
                    754,
                    755,
                    756,
                    757,
                    758,
                    759
                ]
            ],
            "labels": [
                [
                    0,
                    0,
                    0,
                    0,
                    1,
                    0,
                    0,
                    0,
                    0,
                    0,
                    0,
                    0,
                    0,
                    0,
                    1,
                    0,
                    0,
                    0,
                    0,
                    0
                ]
            ],
            "CPU Usage": 4.0,
            "RAM Usage": 17.5,
            "GPU Usage": 13.0,
            "VRAM Usage": 15400.0,
            "Disk Read Speed (MB/s)": 75057177.68652344,
            "Disk Write Speed (MB/s)": 506878258.37597656
        },
        {
            "step": 1,
            "train_loss": 0.00017106326413340867,
            "actions_pred1": [
                [
                    [
                        6.733897686004639,
                        -1.4893101453781128,
                        -3.1513559818267822
                    ],
                    [
                        6.645066261291504,
                        -0.41571587324142456,
                        -3.2041842937469482
                    ],
                    [
                        5.892383098602295,
                        -1.1782424449920654,
                        -2.5963006019592285
                    ],
                    [
                        5.04300594329834,
                        -0.6770325899124146,
                        -3.0549442768096924
                    ],
                    [
                        -0.8648115992546082,
                        3.5652623176574707,
                        -1.4277722835540771
                    ],
                    [
                        5.554330348968506,
                        -1.2708121538162231,
                        -2.6844890117645264
                    ],
                    [
                        4.764142036437988,
                        -1.089601993560791,
                        -2.4671638011932373
                    ],
                    [
                        5.163934230804443,
                        -1.7025642395019531,
                        -2.395901918411255
                    ],
                    [
                        5.873030662536621,
                        -2.116757869720459,
                        -2.6815717220306396
                    ],
                    [
                        4.947479248046875,
                        -1.641513466835022,
                        -1.9641973972320557
                    ],
                    [
                        5.225687026977539,
                        -1.8758578300476074,
                        -2.3773365020751953
                    ],
                    [
                        4.31458044052124,
                        -0.739040195941925,
                        -2.004721164703369
                    ],
                    [
                        4.494241237640381,
                        -0.9189782738685608,
                        -1.3680517673492432
                    ],
                    [
                        4.204073905944824,
                        -0.8168822526931763,
                        -1.9408035278320312
                    ],
                    [
                        -1.1253342628479004,
                        3.55718731880188,
                        -0.6781973242759705
                    ],
                    [
                        4.298116683959961,
                        -0.8213870525360107,
                        -1.3717782497406006
                    ],
                    [
                        3.8084969520568848,
                        -1.0808130502700806,
                        -2.306709051132202
                    ],
                    [
                        5.135817527770996,
                        -1.8941450119018555,
                        -2.547513484954834
                    ],
                    [
                        4.887590408325195,
                        -1.3712191581726074,
                        -2.105395793914795
                    ],
                    [
                        5.033524513244629,
                        -0.9858143925666809,
                        -1.7633335590362549
                    ]
                ]
            ],
            "actions_pred": [
                [
                    [
                        6.733897686004639,
                        6.645066261291504,
                        5.892383098602295,
                        5.04300594329834,
                        -0.8648115992546082,
                        5.554330348968506,
                        4.764142036437988,
                        5.163934230804443,
                        5.873030662536621,
                        4.947479248046875,
                        5.225687026977539,
                        4.31458044052124,
                        4.494241237640381,
                        4.204073905944824,
                        -1.1253342628479004,
                        4.298116683959961,
                        3.8084969520568848,
                        5.135817527770996,
                        4.887590408325195,
                        5.033524513244629
                    ],
                    [
                        -1.4893101453781128,
                        -0.41571587324142456,
                        -1.1782424449920654,
                        -0.6770325899124146,
                        3.5652623176574707,
                        -1.2708121538162231,
                        -1.089601993560791,
                        -1.7025642395019531,
                        -2.116757869720459,
                        -1.641513466835022,
                        -1.8758578300476074,
                        -0.739040195941925,
                        -0.9189782738685608,
                        -0.8168822526931763,
                        3.55718731880188,
                        -0.8213870525360107,
                        -1.0808130502700806,
                        -1.8941450119018555,
                        -1.3712191581726074,
                        -0.9858143925666809
                    ],
                    [
                        -3.1513559818267822,
                        -3.2041842937469482,
                        -2.5963006019592285,
                        -3.0549442768096924,
                        -1.4277722835540771,
                        -2.6844890117645264,
                        -2.4671638011932373,
                        -2.395901918411255,
                        -2.6815717220306396,
                        -1.9641973972320557,
                        -2.3773365020751953,
                        -2.004721164703369,
                        -1.3680517673492432,
                        -1.9408035278320312,
                        -0.6781973242759705,
                        -1.3717782497406006,
                        -2.306709051132202,
                        -2.547513484954834,
                        -2.105395793914795,
                        -1.7633335590362549
                    ]
                ]
            ],
            "states": [
                [
                    [
                        0.0,
                        0.0,
                        277798560.0,
                        160000.0,
                        10248473600.0,
                        0.0,
                        6056817.0,
                        39.0
                    ],
                    [
                        0.0,
                        0.0,
                        277798560.0,
                        160000.0,
                        10526271488.0,
                        0.0,
                        6056869.0,
                        39.0
                    ],
                    [
                        0.0,
                        0.0,
                        277798560.0,
                        160000.0,
                        10804070400.0,
                        0.0,
                        6056921.0,
                        39.0
                    ],
                    [
                        0.0,
                        0.0,
                        277798560.0,
                        160000.0,
                        11081869312.0,
                        0.0,
                        6056973.0,
                        39.0
                    ],
                    [
                        0.0,
                        0.0,
                        277798560.0,
                        160000.0,
                        0.0,
                        0.0,
                        6057025.0,
                        39.0
                    ],
                    [
                        0.0,
                        0.0,
                        244244144.0,
                        90000.0,
                        3175173888.0,
                        0.0,
                        6064941.0,
                        40.0
                    ],
                    [
                        0.0,
                        0.0,
                        244244144.0,
                        90000.0,
                        3419418112.0,
                        0.0,
                        6066441.0,
                        40.0
                    ],
                    [
                        0.0,
                        0.0,
                        244244144.0,
                        90000.0,
                        3663662080.0,
                        0.0,
                        6066493.0,
                        40.0
                    ],
                    [
                        0.0,
                        0.0,
                        244244144.0,
                        90000.0,
                        3907906304.0,
                        0.0,
                        6066545.0,
                        40.0
                    ],
                    [
                        0.0,
                        0.0,
                        244244144.0,
                        90000.0,
                        4152150528.0,
                        0.0,
                        6068045.0,
                        40.0
                    ],
                    [
                        0.0,
                        0.0,
                        244244144.0,
                        90000.0,
                        3419418112.0,
                        0.0,
                        6066441.0,
                        40.0
                    ],
                    [
                        0.0,
                        0.0,
                        244244144.0,
                        90000.0,
                        3663662080.0,
                        0.0,
                        6066493.0,
                        40.0
                    ],
                    [
                        0.0,
                        0.0,
                        244244144.0,
                        90000.0,
                        3907906304.0,
                        0.0,
                        6066545.0,
                        40.0
                    ],
                    [
                        0.0,
                        0.0,
                        244244144.0,
                        90000.0,
                        4152150528.0,
                        0.0,
                        6068045.0,
                        40.0
                    ],
                    [
                        0.0,
                        0.0,
                        244244144.0,
                        90000.0,
                        0.0,
                        0.0,
                        6069545.0,
                        40.0
                    ],
                    [
                        0.0,
                        0.0,
                        244244144.0,
                        100000.0,
                        8304301056.0,
                        0.0,
                        6108961.0,
                        41.0
                    ],
                    [
                        0.0,
                        0.0,
                        244244144.0,
                        100000.0,
                        8548545024.0,
                        0.0,
                        6110461.0,
                        41.0
                    ],
                    [
                        0.0,
                        0.0,
                        244244144.0,
                        100000.0,
                        8792788992.0,
                        0.0,
                        6111961.0,
                        41.0
                    ],
                    [
                        0.0,
                        0.0,
                        244244144.0,
                        100000.0,
                        9037033472.0,
                        0.0,
                        6113461.0,
                        41.0
                    ],
                    [
                        0.0,
                        0.0,
                        244244144.0,
                        100000.0,
                        9281277952.0,
                        0.0,
                        6114961.0,
                        41.0
                    ]
                ]
            ],
            "actions": [
                [
                    [
                        0.3333333432674408
                    ],
                    [
                        0.3333333432674408
                    ],
                    [
                        0.3333333432674408
                    ],
                    [
                        0.3333333432674408
                    ],
                    [
                        0.6666666865348816
                    ],
                    [
                        0.3333333432674408
                    ],
                    [
                        0.3333333432674408
                    ],
                    [
                        0.3333333432674408
                    ],
                    [
                        0.3333333432674408
                    ],
                    [
                        0.3333333432674408
                    ],
                    [
                        0.3333333432674408
                    ],
                    [
                        0.3333333432674408
                    ],
                    [
                        0.3333333432674408
                    ],
                    [
                        0.3333333432674408
                    ],
                    [
                        0.6666666865348816
                    ],
                    [
                        0.3333333432674408
                    ],
                    [
                        0.3333333432674408
                    ],
                    [
                        0.3333333432674408
                    ],
                    [
                        0.3333333432674408
                    ],
                    [
                        0.3333333432674408
                    ]
                ]
            ],
            "returns": [
                [
                    [
                        0.40837499499320984
                    ],
                    [
                        0.4077083468437195
                    ],
                    [
                        0.40704166889190674
                    ],
                    [
                        0.406374990940094
                    ],
                    [
                        0.40570834279060364
                    ],
                    [
                        0.4050416648387909
                    ],
                    [
                        0.4046666622161865
                    ],
                    [
                        0.40429165959358215
                    ],
                    [
                        0.4039166569709778
                    ],
                    [
                        0.4035416543483734
                    ],
                    [
                        0.40316668152809143
                    ],
                    [
                        0.40279167890548706
                    ],
                    [
                        0.4024166762828827
                    ],
                    [
                        0.4020416736602783
                    ],
                    [
                        0.40166667103767395
                    ],
                    [
                        0.4012916684150696
                    ],
                    [
                        0.4008750021457672
                    ],
                    [
                        0.40045833587646484
                    ],
                    [
                        0.4000416696071625
                    ],
                    [
                        0.3996250033378601
                    ]
                ]
            ],
            "timesteps": [
                [
                    400,
                    401,
                    402,
                    403,
                    404,
                    405,
                    406,
                    407,
                    408,
                    409,
                    410,
                    411,
                    412,
                    413,
                    414,
                    415,
                    416,
                    417,
                    418,
                    419
                ]
            ],
            "labels": [
                [
                    0,
                    0,
                    0,
                    0,
                    1,
                    0,
                    0,
                    0,
                    0,
                    0,
                    0,
                    0,
                    0,
                    0,
                    1,
                    0,
                    0,
                    0,
                    0,
                    0
                ]
            ],
            "CPU Usage": 3.8,
            "RAM Usage": 17.5,
            "GPU Usage": 51.0,
            "VRAM Usage": 15400.0,
            "Disk Read Speed (MB/s)": 75057177.68652344,
            "Disk Write Speed (MB/s)": 506878258.37597656
        },
        {
            "step": 2,
            "train_loss": 0.0064025940373539925,
            "actions_pred1": [
                [
                    [
                        5.7137675285339355,
                        -1.8086495399475098,
                        -2.5409700870513916
                    ],
                    [
                        5.124246120452881,
                        -0.8236552476882935,
                        -2.2678487300872803
                    ],
                    [
                        5.13954496383667,
                        -0.4035260081291199,
                        -2.198876142501831
                    ],
                    [
                        4.6474928855896,
                        -0.7119088768959045,
                        -2.2726190090179443
                    ],
                    [
                        3.6390013694763184,
                        -0.22408483922481537,
                        -1.3243029117584229
                    ],
                    [
                        3.7618629932403564,
                        -0.11926713585853577,
                        -1.267967939376831
                    ],
                    [
                        4.034006118774414,
                        0.024716030806303024,
                        -1.6567819118499756
                    ],
                    [
                        4.522338390350342,
                        0.312848299741745,
                        -0.8851195573806763
                    ],
                    [
                        4.2561492919921875,
                        -0.08251795172691345,
                        -0.8117761015892029
                    ],
                    [
                        4.48792839050293,
                        -0.1482667475938797,
                        -1.2687506675720215
                    ],
                    [
                        4.627628803253174,
                        -0.7202268838882446,
                        -1.1943504810333252
                    ],
                    [
                        4.250872611999512,
                        -0.02120409533381462,
                        -1.5937416553497314
                    ],
                    [
                        4.72617769241333,
                        -0.5200311541557312,
                        -0.7578942179679871
                    ],
                    [
                        4.902544021606445,
                        -0.013990353792905807,
                        -1.125380277633667
                    ],
                    [
                        -0.30869078636169434,
                        3.976658821105957,
                        0.21226784586906433
                    ],
                    [
                        4.521559715270996,
                        -0.5751121044158936,
                        -1.3864285945892334
                    ],
                    [
                        5.7849555015563965,
                        -0.5804215669631958,
                        -2.364932060241699
                    ],
                    [
                        5.705328464508057,
                        -1.5039623975753784,
                        -2.9404332637786865
                    ],
                    [
                        6.063530445098877,
                        -1.379483938217163,
                        -1.6316719055175781
                    ],
                    [
                        6.141460418701172,
                        -1.0516796112060547,
                        -2.085916042327881
                    ]
                ]
            ],
            "actions_pred": [
                [
                    [
                        5.7137675285339355,
                        5.124246120452881,
                        5.13954496383667,
                        4.6474928855896,
                        3.6390013694763184,
                        3.7618629932403564,
                        4.034006118774414,
                        4.522338390350342,
                        4.2561492919921875,
                        4.48792839050293,
                        4.627628803253174,
                        4.250872611999512,
                        4.72617769241333,
                        4.902544021606445,
                        -0.30869078636169434,
                        4.521559715270996,
                        5.7849555015563965,
