{
    "steps": [
        {
            "step": 0,
            "train_loss": 0.0012658166233450174,
            "actions_pred1": [
                [
                    [
                        3.557598829269409,
                        -0.5827311277389526,
                        -2.5158843994140625
                    ],
                    [
                        2.832636833190918,
                        -0.5117729902267456,
                        -1.9416066408157349
                    ],
                    [
                        2.897397518157959,
                        -0.8004377484321594,
                        -1.9519234895706177
                    ],
                    [
                        2.8450541496276855,
                        -0.5293816924095154,
                        -1.8201035261154175
                    ],
                    [
                        -0.293979674577713,
                        1.988556981086731,
                        -1.282957673072815
                    ],
                    [
                        2.7503836154937744,
                        -0.5602760314941406,
                        -2.278576135635376
                    ],
                    [
                        3.2939696311950684,
                        -0.7582758069038391,
                        -1.8697314262390137
                    ],
                    [
                        2.383913278579712,
                        -0.16512615978717804,
                        -2.174546957015991
                    ],
                    [
                        2.4378724098205566,
                        0.16622735559940338,
                        -1.7511957883834839
                    ],
                    [
                        2.717849016189575,
                        -0.6344701647758484,
                        -1.687697410583496
                    ],
                    [
                        3.592759847640991,
                        -0.42464569211006165,
                        -2.1912496089935303
                    ],
                    [
                        3.3130455017089844,
                        -0.15208514034748077,
                        -1.8649921417236328
                    ],
                    [
                        3.023128032684326,
                        -0.7898319363594055,
                        -2.1763863563537598
                    ],
                    [
                        3.5943682193756104,
                        -0.6708532571792603,
                        -2.3406260013580322
                    ],
                    [
                        -1.0490388870239258,
                        3.980315685272217,
                        -1.2149831056594849
                    ],
                    [
                        3.975649118423462,
                        -0.9221722483634949,
                        -1.6205334663391113
                    ],
                    [
                        3.280806064605713,
                        -0.18664149940013885,
                        -1.8959165811538696
                    ],
                    [
                        3.3038344383239746,
                        -0.9971207976341248,
                        -1.2633295059204102
                    ],
                    [
                        3.9211783409118652,
                        -0.27032020688056946,
                        -1.9596208333969116
                    ],
                    [
                        2.983996629714966,
                        -0.6641208529472351,
                        -1.7798881530761719
                    ]
                ]
            ],
            "actions_pred": [
                [
                    [
                        3.557598829269409,
                        2.832636833190918,
                        2.897397518157959,
                        2.8450541496276855,
                        -0.293979674577713,
                        2.7503836154937744,
                        3.2939696311950684,
                        2.383913278579712,
                        2.4378724098205566,
                        2.717849016189575,
                        3.592759847640991,
                        3.3130455017089844,
                        3.023128032684326,
                        3.5943682193756104,
                        -1.0490388870239258,
                        3.975649118423462,
                        3.280806064605713,
                        3.3038344383239746,
                        3.9211783409118652,
                        2.983996629714966
                    ],
                    [
                        -0.5827311277389526,
                        -0.5117729902267456,
                        -0.8004377484321594,
                        -0.5293816924095154,
                        1.988556981086731,
                        -0.5602760314941406,
                        -0.7582758069038391,
                        -0.16512615978717804,
                        0.16622735559940338,
                        -0.6344701647758484,
                        -0.42464569211006165,
                        -0.15208514034748077,
                        -0.7898319363594055,
                        -0.6708532571792603,
                        3.980315685272217,
                        -0.9221722483634949,
                        -0.18664149940013885,
                        -0.9971207976341248,
                        -0.27032020688056946,
                        -0.6641208529472351
                    ],
                    [
                        -2.5158843994140625,
                        -1.9416066408157349,
                        -1.9519234895706177,
                        -1.8201035261154175,
                        -1.282957673072815,
                        -2.278576135635376,
                        -1.8697314262390137,
                        -2.174546957015991,
                        -1.7511957883834839,
                        -1.687697410583496,
                        -2.1912496089935303,
                        -1.8649921417236328,
                        -2.1763863563537598,
                        -2.3406260013580322,
                        -1.2149831056594849,
                        -1.6205334663391113,
                        -1.8959165811538696,
                        -1.2633295059204102,
                        -1.9596208333969116,
                        -1.7798881530761719
                    ]
                ]
            ],
            "states": [
                [
                    [
                        0.0,
                        0.0,
                        643737152.0,
                        190000.0,
                        5621835776.0,
                        0.0,
                        3124121.0,
                        11.0
                    ],
                    [
                        0.0,
                        0.0,
                        643737152.0,
                        190000.0,
                        6265572864.0,
                        0.0,
                        3124173.0,
                        11.0
                    ],
                    [
                        0.0,
                        0.0,
                        643737152.0,
                        190000.0,
                        6909309952.0,
                        0.0,
                        3124237.0,
                        11.0
                    ],
                    [
                        0.0,
                        0.0,
                        643737152.0,
                        190000.0,
                        7553047552.0,
                        0.0,
                        3124301.0,
                        11.0
                    ],
                    [
                        0.0,
                        0.0,
                        643737152.0,
                        190000.0,
                        0.0,
                        0.0,
                        3124365.0,
                        11.0
                    ],
                    [
                        0.0,
                        0.0,
                        556495616.0,
                        190000.0,
                        5564956672.0,
                        0.0,
                        3124981.0,
                        12.0
                    ],
                    [
                        0.0,
                        0.0,
                        556495616.0,
                        190000.0,
                        6121452032.0,
                        0.0,
                        3125033.0,
                        12.0
                    ],
                    [
                        0.0,
                        0.0,
                        556495616.0,
                        190000.0,
                        6677947904.0,
                        0.0,
                        3125097.0,
                        12.0
                    ],
                    [
                        0.0,
                        0.0,
                        556495616.0,
                        190000.0,
                        7234443264.0,
                        0.0,
                        3125161.0,
                        12.0
                    ],
                    [
                        0.0,
                        0.0,
                        556495616.0,
                        190000.0,
                        7790939136.0,
                        0.0,
                        3125225.0,
                        12.0
                    ],
                    [
                        0.0,
                        0.0,
                        556495616.0,
                        190000.0,
                        6121452032.0,
                        0.0,
                        3125033.0,
                        12.0
                    ],
                    [
                        0.0,
                        0.0,
                        556495616.0,
                        190000.0,
                        6677947904.0,
                        0.0,
                        3125097.0,
                        12.0
                    ],
                    [
                        0.0,
                        0.0,
                        556495616.0,
                        190000.0,
                        7234443264.0,
                        0.0,
                        3125161.0,
                        12.0
                    ],
                    [
                        0.0,
                        0.0,
                        556495616.0,
                        190000.0,
                        7790939136.0,
                        0.0,
                        3125225.0,
                        12.0
                    ],
                    [
                        0.0,
                        0.0,
                        556495616.0,
                        190000.0,
                        0.0,
                        0.0,
                        3125289.0,
                        12.0
                    ],
                    [
                        0.0,
                        0.0,
                        642395008.0,
                        230000.0,
                        9891772416.0,
                        0.0,
                        3126181.0,
                        13.0
                    ],
                    [
                        0.0,
                        0.0,
                        642395008.0,
                        230000.0,
                        10534167552.0,
                        0.0,
                        3126233.0,
                        13.0
                    ],
                    [
                        0.0,
                        0.0,
                        642395008.0,
                        230000.0,
                        11176562688.0,
                        0.0,
                        3126285.0,
                        13.0
                    ],
                    [
                        0.0,
                        0.0,
                        642395008.0,
                        230000.0,
                        11818957824.0,
                        0.0,
                        3126337.0,
                        13.0
                    ],
                    [
                        0.0,
                        0.0,
                        642395008.0,
                        230000.0,
                        12461352960.0,
                        0.0,
                        3126389.0,
                        13.0
                    ]
                ]
            ],
            "actions": [
                [
                    [
                        0.3333333432674408
                    ],
                    [
                        0.3333333432674408
                    ],
                    [
                        0.3333333432674408
                    ],
                    [
                        0.3333333432674408
                    ],
                    [
                        0.6666666865348816
                    ],
                    [
                        0.3333333432674408
                    ],
                    [
                        0.3333333432674408
                    ],
                    [
                        0.3333333432674408
                    ],
                    [
                        0.3333333432674408
                    ],
                    [
                        0.3333333432674408
                    ],
                    [
                        0.3333333432674408
                    ],
                    [
                        0.3333333432674408
                    ],
                    [
                        0.3333333432674408
                    ],
                    [
                        0.3333333432674408
                    ],
                    [
                        0.6666666865348816
                    ],
                    [
                        0.3333333432674408
                    ],
                    [
                        0.3333333432674408
                    ],
                    [
                        0.3333333432674408
                    ],
                    [
                        0.3333333432674408
                    ],
                    [
                        0.3333333432674408
                    ]
                ]
            ],
            "returns": [
                [
                    [
                        0.5548333525657654
                    ],
                    [
                        0.5540416836738586
                    ],
                    [
                        0.5532500147819519
                    ],
                    [
                        0.5524583458900452
                    ],
                    [
                        0.5516666769981384
                    ],
                    [
                        0.5508750081062317
                    ],
                    [
                        0.550083339214325
                    ],
                    [
                        0.5492916703224182
                    ],
                    [
                        0.5485000014305115
                    ],
                    [
                        0.5477083325386047
                    ],
                    [
                        0.546916663646698
                    ],
                    [
                        0.5461249947547913
                    ],
                    [
                        0.5453333258628845
                    ],
                    [
                        0.5445416569709778
                    ],
                    [
                        0.543749988079071
                    ],
                    [
                        0.5429583191871643
                    ],
                    [
                        0.5419999957084656
                    ],
                    [
                        0.5410416722297668
                    ],
                    [
                        0.5400833487510681
                    ],
                    [
                        0.5391250252723694
                    ]
                ]
            ],
            "timesteps": [
                [
                    120,
                    121,
                    122,
                    123,
                    124,
                    125,
                    126,
                    127,
                    128,
                    129,
                    130,
                    131,
                    132,
                    133,
                    134,
                    135,
                    136,
                    137,
                    138,
                    139
                ]
            ],
            "labels": [
                [
                    0,
                    0,
                    0,
                    0,
                    1,
                    0,
                    0,
                    0,
                    0,
                    0,
                    0,
                    0,
                    0,
                    0,
                    1,
                    0,
                    0,
                    0,
                    0,
                    0
                ]
            ],
            "CPU Usage": 4.7,
            "RAM Usage": 17.4,
            "GPU Usage": 42.0,
            "VRAM Usage": 15400.0,
            "Disk Read Speed (MB/s)": 75057177.68652344,
            "Disk Write Speed (MB/s)": 506878198.36816406
        },
        {
            "step": 1,
            "train_loss": 0.001273691887035966,
            "actions_pred1": [
                [
                    [
                        4.5008649826049805,
                        0.6398345232009888,
                        0.08591374009847641
                    ],
                    [
                        5.135347843170166,
                        0.810151219367981,
                        -0.31231704354286194
                    ],
                    [
                        4.531374454498291,
                        0.40414097905158997,
                        -0.5745671391487122
                    ],
                    [
                        3.3443362712860107,
                        0.6025537252426147,
                        0.08461354672908783
                    ],
                    [
                        4.057314395904541,
                        0.19547948241233826,
                        -0.25440001487731934
                    ],
                    [
                        3.9467642307281494,
                        0.7721071243286133,
                        -0.5034711360931396
                    ],
                    [
                        4.030892372131348,
                        0.5940937399864197,
                        -0.06739145517349243
                    ],
                    [
                        3.2572274208068848,
                        0.3961510956287384,
                        -1.0976052284240723
                    ],
                    [
                        4.01692533493042,
                        0.05431118607521057,
                        -1.6398329734802246
                    ],
                    [
                        0.2976865768432617,
                        3.9047000408172607,
                        -0.7238724231719971
                    ],
                    [
                        3.2419490814208984,
                        -0.42016807198524475,
                        -1.0688494443893433
                    ],
                    [
                        3.533474922180176,
                        -0.13906261324882507,
                        -1.2193717956542969
                    ],
                    [
                        4.0264997482299805,
                        0.39792323112487793,
                        -1.2302403450012207
                    ],
                    [
                        3.8065078258514404,
                        -0.001770329661667347,
                        -1.4133543968200684
                    ],
                    [
                        3.39030385017395,
                        -0.2797859311103821,
                        -0.5819006562232971
                    ],
                    [
                        3.7229573726654053,
                        0.4438439905643463,
                        -1.6168642044067383
                    ],
                    [
                        3.0491950511932373,
                        0.4932307302951813,
                        -1.3213776350021362
                    ],
                    [
                        4.145298004150391,
                        0.2584814727306366,
                        -1.098893642425537
                    ],
                    [
                        4.586537837982178,
                        -0.6210777759552002,
                        -2.559251070022583
                    ],
                    [
                        -0.03673436865210533,
                        3.114420175552368,
                        -1.4185434579849243
                    ]
                ]
            ],
            "actions_pred": [
                [
                    [
                        4.5008649826049805,
                        5.135347843170166,
                        4.531374454498291,
                        3.3443362712860107,
                        4.057314395904541,
                        3.9467642307281494,
                        4.030892372131348,
                        3.2572274208068848,
                        4.01692533493042,
                        0.2976865768432617,
                        3.2419490814208984,
                        3.533474922180176,
                        4.0264997482299805,
                        3.8065078258514404,
                        3.39030385017395,
                        3.7229573726654053,
                        3.0491950511932373,
                        4.145298004150391,
                        4.586537837982178,
                        -0.03673436865210533
                    ],
                    [
                        0.6398345232009888,
                        0.810151219367981,
                        0.40414097905158997,
                        0.6025537252426147,
                        0.19547948241233826,
                        0.7721071243286133,
                        0.5940937399864197,
                        0.3961510956287384,
                        0.05431118607521057,
                        3.9047000408172607,
                        -0.42016807198524475,
                        -0.13906261324882507,
                        0.39792323112487793,
                        -0.001770329661667347,
                        -0.2797859311103821,
                        0.4438439905643463,
                        0.4932307302951813,
                        0.2584814727306366,
                        -0.6210777759552002,
                        3.114420175552368
                    ],
                    [
                        0.08591374009847641,
                        -0.31231704354286194,
                        -0.5745671391487122,
                        0.08461354672908783,
                        -0.25440001487731934,
                        -0.5034711360931396,
                        -0.06739145517349243,
                        -1.0976052284240723,
                        -1.6398329734802246,
                        -0.7238724231719971,
                        -1.0688494443893433,
                        -1.2193717956542969,
                        -1.2302403450012207,
                        -1.4133543968200684,
                        -0.5819006562232971,
                        -1.6168642044067383,
                        -1.3213776350021362,
                        -1.098893642425537,
                        -2.559251070022583,
                        -1.4185434579849243
                    ]
                ]
            ],
            "states": [
                [
                    [
                        0.0,
                        0.0,
                        330426592.0,
                        100000.0,
                        6608531968.0,
                        0.0,
                        11809665.0,
                        128.0
                    ],
                    [
                        0.0,
                        0.0,
                        330426592.0,
                        100000.0,
                        6938958336.0,
                        0.0,
                        11809717.0,
                        128.0
                    ],
                    [
                        0.0,
                        0.0,
                        330426592.0,
                        100000.0,
                        7269385216.0,
                        0.0,
                        11809781.0,
                        128.0
                    ],
                    [
                        0.0,
                        0.0,
                        330426592.0,
                        100000.0,
                        7599811584.0,
                        0.0,
                        11809833.0,
                        128.0
                    ],
                    [
                        0.0,
                        0.0,
                        330426592.0,
                        100000.0,
                        7930238464.0,
                        0.0,
                        11809885.0,
                        128.0
                    ],
                    [
                        0.0,
                        0.0,
                        330426592.0,
                        100000.0,
                        6938958336.0,
                        0.0,
                        11809717.0,
                        128.0
                    ],
                    [
                        0.0,
                        0.0,
                        330426592.0,
                        100000.0,
                        7269385216.0,
                        0.0,
                        11809781.0,
                        128.0
                    ],
                    [
                        0.0,
                        0.0,
                        330426592.0,
                        100000.0,
                        7599811584.0,
                        0.0,
                        11809833.0,
                        128.0
                    ],
                    [
                        0.0,
                        0.0,
                        330426592.0,
                        100000.0,
                        7930238464.0,
                        0.0,
                        11809885.0,
                        128.0
                    ],
                    [
                        0.0,
                        0.0,
                        326400064.0,
                        110000.0,
                        0.0,
                        0.0,
                        11809937.0,
                        128.0
                    ],
                    [
                        0.0,
                        0.0,
                        369349728.0,
                        130000.0,
                        5694847488.0,
                        0.0,
                        11815161.0,
                        129.0
                    ],
                    [
                        0.0,
                        0.0,
                        369349728.0,
                        130000.0,
                        6064197120.0,
                        0.0,
                        11816661.0,
                        129.0
                    ],
                    [
                        0.0,
                        0.0,
                        369349728.0,
                        130000.0,
                        6433546752.0,
                        0.0,
                        11816713.0,
                        129.0
                    ],
                    [
                        0.0,
                        0.0,
                        412299392.0,
                        110000.0,
                        6845846528.0,
                        0.0,
                        11816765.0,
                        129.0
                    ],
                    [
                        1.0,
                        45000.0,
                        17694.0,
                        60000.0,
                        42325728.0,
                        0.0,
                        12173198.0,
                        0.0
                    ],
                    [
                        0.0,
                        0.0,
                        369349728.0,
                        130000.0,
                        6064197120.0,
                        0.0,
                        11816661.0,
                        129.0
                    ],
                    [
                        0.0,
                        0.0,
                        369349728.0,
                        130000.0,
                        6433546752.0,
                        0.0,
                        11816713.0,
                        129.0
                    ],
                    [
                        0.0,
                        0.0,
                        412299392.0,
                        110000.0,
                        6845846528.0,
                        0.0,
                        11816765.0,
                        129.0
                    ],
                    [
                        1.0,
                        45000.0,
                        17694.0,
                        60000.0,
                        42325728.0,
                        0.0,
                        12173198.0,
                        0.0
                    ],
                    [
                        0.0,
                        0.0,
                        412299392.0,
                        110000.0,
                        0.0,
                        0.0,
                        11818265.0,
                        129.0
                    ]
                ]
            ],
            "actions": [
                [
                    [
                        0.3333333432674408
                    ],
                    [
                        0.3333333432674408
                    ],
                    [
                        0.3333333432674408
                    ],
                    [
                        0.3333333432674408
                    ],
                    [
                        0.3333333432674408
                    ],
                    [
                        0.3333333432674408
                    ],
                    [
                        0.3333333432674408
                    ],
                    [
                        0.3333333432674408
                    ],
                    [
                        0.3333333432674408
                    ],
                    [
                        0.6666666865348816
                    ],
                    [
                        0.3333333432674408
                    ],
                    [
                        0.3333333432674408
                    ],
                    [
                        0.3333333432674408
                    ],
                    [
                        0.3333333432674408
                    ],
                    [
                        0.3333333432674408
                    ],
                    [
                        0.3333333432674408
                    ],
                    [
                        0.3333333432674408
                    ],
                    [
                        0.3333333432674408
                    ],
                    [
                        0.3333333432674408
                    ],
                    [
                        0.6666666865348816
                    ]
                ]
            ],
            "returns": [
                [
                    [
                        0.013791666366159916
                    ],
                    [
                        0.013375000096857548
                    ],
                    [
                        0.012958332896232605
                    ],
                    [
                        0.012541666626930237
                    ],
                    [
                        0.012125000357627869
                    ],
                    [
                        0.011708333157002926
                    ],
                    [
                        0.011291666887700558
                    ],
                    [
                        0.010874999687075615
                    ],
                    [
                        0.010458333417773247
                    ],
                    [
                        0.010041666217148304
                    ],
                    [
                        0.009583333507180214
                    ],
                    [
                        0.009041666984558105
                    ],
                    [
                        0.008500000461935997
                    ],
                    [
                        0.007958333007991314
                    ],
                    [
                        0.007499999832361937
                    ],
                    [
                        0.007249999791383743
                    ],
                    [
                        0.006708333268761635
                    ],
                    [
                        0.006166666746139526
                    ],
                    [
                        0.005708333104848862
                    ],
                    [
                        0.005458333529531956
                    ]
                ]
            ],
            "timesteps": [
                [
                    1380,
                    1381,
                    1382,
                    1383,
                    1384,
                    1385,
                    1386,
                    1387,
                    1388,
                    1389,
                    1390,
                    1391,
                    1392,
                    1393,
                    1394,
                    1395,
                    1396,
                    1397,
                    1398,
                    1399
                ]
            ],
            "labels": [
                [
                    0,
                    0,
                    0,
                    0,
                    0,
                    0,
                    0,
                    0,
                    0,
                    1,
                    0,
                    0,
                    0,
                    0,
                    0,
                    0,
                    0,
                    0,
                    0,
                    1
                ]
            ],
            "CPU Usage": 3.9,
            "RAM Usage": 17.4,
            "GPU Usage": 40.0,
            "VRAM Usage": 15400.0,
            "Disk Read Speed (MB/s)": 75057177.68652344,
            "Disk Write Speed (MB/s)": 506878198.46191406
        },
        {
            "step": 2,
            "train_loss": 0.017702173441648483,
            "actions_pred1": [
                [
                    [
                        2.3499083518981934,
                        -0.5953740477561951,
                        -0.6029412150382996
                    ],
                    [
                        2.7079994678497314,
                        -0.8332289457321167,
                        -0.6278068423271179
                    ],
                    [
                        2.5892088413238525,
                        -0.7962623834609985,
                        -0.5978747010231018
                    ],
                    [
                        2.3802943229675293,
                        -0.6019352674484253,
                        -1.0788275003433228
                    ],
                    [
                        1.3121838569641113,
                        0.10362645983695984,
                        -0.6233099699020386
                    ],
                    [
                        1.152734398841858,
                        -0.157123401761055,
                        -0.820985734462738
                    ],
                    [
                        2.3435351848602295,
                        -0.41420993208885193,
                        -0.8901352882385254
                    ],
                    [
                        2.3950753211975098,
                        -0.37719863653182983,
                        -0.8955186605453491
                    ],
                    [
                        1.8148612976074219,
                        -0.11708350479602814,
                        -0.5946734547615051
                    ],
                    [
                        1.6744574308395386,
                        -0.004889263771474361,
                        -0.34752756357192993
                    ],
                    [
                        1.9763849973678589,
                        -0.015122472308576107,
                        -0.5760775804519653
                    ],
                    [
                        2.1645865440368652,
                        -0.3593508303165436,
                        -0.5187332034111023
                    ],
                    [
                        1.7822824716567993,
                        0.41311171650886536,
                        -0.5783663988113403
                    ],
                    [
                        2.843628168106079,
                        -0.6096264123916626,
                        -0.6104425191879272
                    ],
                    [
                        1.8003333806991577,
                        0.422851026058197,
                        -0.5134688019752502
                    ],
                    [
                        2.1947882175445557,
                        0.2523619532585144,
                        -0.5765970349311829
                    ],
                    [
                        2.594987392425537,
                        -0.12119252979755402,
                        -0.5144037008285522
                    ],
                    [
                        2.4225053787231445,
                        0.11027984321117401,
                        -0.23119215667247772
                    ],
                    [
                        2.2355589866638184,
                        -0.3641079366207123,
                        -0.7814257740974426
                    ],
                    [
                        1.874770998954773,
                        0.03770524263381958,
                        -0.8064666986465454
                    ]
                ]
            ],
            "actions_pred": [
                [
                    [
                        2.3499083518981934,
                        2.7079994678497314,
                        2.5892088413238525,
                        2.3802943229675293,
                        1.3121838569641113,
                        1.152734398841858,
                        2.3435351848602295,
                        2.3950753211975098,
                        1.8148612976074219,
                        1.6744574308395386,
                        1.9763849973678589,
                        2.1645865440368652,
