{
    "steps": [
        {
            "step": 0,
            "train_loss": 0.022404903545975685,
            "actions_pred1": [
                [
                    [
                        0.6925433278083801,
                        -0.0180877223610878,
                        -0.017900634557008743
                    ],
                    [
                        0.643246054649353,
                        0.02605246752500534,
                        -0.043961938470602036
                    ],
                    [
                        0.4993372857570648,
                        0.11404956132173538,
                        0.13278238475322723
                    ],
                    [
                        0.9636880159378052,
                        0.026888661086559296,
                        0.10955829918384552
                    ],
                    [
                        0.9587836861610413,
                        0.28825557231903076,
                        0.09202716499567032
                    ],
                    [
                        1.3464690446853638,
                        0.15089517831802368,
                        -0.20468208193778992
                    ],
                    [
                        1.1067248582839966,
                        0.2995864152908325,
                        -0.13076384365558624
                    ],
                    [
                        0.9977267384529114,
                        0.15421003103256226,
                        -0.3164880573749542
                    ],
                    [
                        0.859375,
                        0.23500840365886688,
                        -0.11055974662303925
                    ],
                    [
                        0.9408316016197205,
                        0.07969888299703598,
                        0.04447844997048378
                    ],
                    [
                        0.9797657132148743,
                        0.15230610966682434,
                        -0.028023820370435715
                    ],
                    [
                        0.8698552250862122,
                        0.2962808907032013,
                        0.03454204276204109
                    ],
                    [
                        1.1713045835494995,
                        0.07047819346189499,
                        0.03794531896710396
                    ],
                    [
                        1.0467242002487183,
                        0.10163482278585434,
                        0.011184562928974628
                    ],
                    [
                        1.0934652090072632,
                        0.12653037905693054,
                        0.10532211512327194
                    ],
                    [
                        1.0108572244644165,
                        0.17870692908763885,
                        -0.08198816329240799
                    ],
                    [
                        1.0057226419448853,
                        0.29685139656066895,
                        -0.02528400346636772
                    ],
                    [
                        0.5455629229545593,
                        0.15202559530735016,
                        -0.04279268905520439
                    ],
                    [
                        0.7283821105957031,
                        0.2528415620326996,
                        0.06560041755437851
                    ],
                    [
                        0.7720406651496887,
                        0.35691526532173157,
                        0.13416138291358948
                    ]
                ]
            ],
            "actions_pred": [
                [
                    [
                        0.6925433278083801,
                        0.643246054649353,
                        0.4993372857570648,
                        0.9636880159378052,
                        0.9587836861610413,
                        1.3464690446853638,
                        1.1067248582839966,
                        0.9977267384529114,
                        0.859375,
                        0.9408316016197205,
                        0.9797657132148743,
                        0.8698552250862122,
                        1.1713045835494995,
                        1.0467242002487183,
                        1.0934652090072632,
                        1.0108572244644165,
                        1.0057226419448853,
                        0.5455629229545593,
                        0.7283821105957031,
                        0.7720406651496887
                    ],
                    [
                        -0.0180877223610878,
                        0.02605246752500534,
                        0.11404956132173538,
                        0.026888661086559296,
                        0.28825557231903076,
                        0.15089517831802368,
                        0.2995864152908325,
                        0.15421003103256226,
                        0.23500840365886688,
                        0.07969888299703598,
                        0.15230610966682434,
                        0.2962808907032013,
                        0.07047819346189499,
                        0.10163482278585434,
                        0.12653037905693054,
                        0.17870692908763885,
                        0.29685139656066895,
                        0.15202559530735016,
                        0.2528415620326996,
                        0.35691526532173157
                    ],
                    [
                        -0.017900634557008743,
                        -0.043961938470602036,
                        0.13278238475322723,
                        0.10955829918384552,
                        0.09202716499567032,
                        -0.20468208193778992,
                        -0.13076384365558624,
                        -0.3164880573749542,
                        -0.11055974662303925,
                        0.04447844997048378,
                        -0.028023820370435715,
                        0.03454204276204109,
                        0.03794531896710396,
                        0.011184562928974628,
                        0.10532211512327194,
                        -0.08198816329240799,
                        -0.02528400346636772,
                        -0.04279268905520439,
                        0.06560041755437851,
                        0.13416138291358948
                    ]
                ]
            ],
            "states": [
                [
                    [
                        1.0,
                        150000.0,
                        0.0,
                        20000.0,
                        0.0,
                        0.0,
                        9000646.0,
                        0.0
                    ],
                    [
                        0.0,
                        0.0,
                        181308608.0,
                        100000.0,
                        17986263040.0,
                        0.0,
                        8339865.0,
                        98.0
                    ],
                    [
                        1.0,
                        150000.0,
                        0.0,
                        20000.0,
                        0.0,
                        0.0,
                        9002146.0,
                        0.0
                    ],
                    [
                        0.0,
                        0.0,
                        181308608.0,
                        100000.0,
                        18167570432.0,
                        0.0,
                        8341365.0,
                        98.0
                    ],
                    [
                        0.0,
                        0.0,
                        181308608.0,
                        100000.0,
                        18348879872.0,
                        0.0,
                        8341417.0,
                        98.0
                    ],
                    [
                        0.0,
                        0.0,
                        148425264.0,
                        60000.0,
                        17844506624.0,
                        0.0,
                        8425129.0,
                        99.0
                    ],
                    [
                        0.0,
                        0.0,
                        148425264.0,
                        60000.0,
                        17992931328.0,
                        0.0,
                        8425193.0,
                        99.0
                    ],
                    [
                        1.0,
                        120000.0,
                        240516.0,
                        60000.0,
                        1920181.0,
                        0.0,
                        9131146.0,
                        0.0
                    ],
                    [
                        1.0,
                        120000.0,
                        240516.0,
                        60000.0,
                        2160697.0,
                        0.0,
                        9132646.0,
                        0.0
                    ],
                    [
                        0.0,
                        0.0,
                        148425264.0,
                        60000.0,
                        18141356032.0,
                        0.0,
                        8426693.0,
                        99.0
                    ],
                    [
                        0.0,
                        0.0,
                        148425264.0,
                        60000.0,
                        17992931328.0,
                        0.0,
                        8425193.0,
                        99.0
                    ],
                    [
                        1.0,
                        120000.0,
                        240516.0,
                        60000.0,
                        1920181.0,
                        0.0,
                        9131146.0,
                        0.0
                    ],
                    [
                        1.0,
                        120000.0,
                        240516.0,
                        60000.0,
                        2160697.0,
                        0.0,
                        9132646.0,
                        0.0
                    ],
                    [
                        0.0,
                        0.0,
                        148425264.0,
                        60000.0,
                        18141356032.0,
                        0.0,
                        8426693.0,
                        99.0
                    ],
                    [
                        0.0,
                        0.0,
                        148425264.0,
                        60000.0,
                        18289780736.0,
                        0.0,
                        8426757.0,
                        99.0
                    ],
                    [
                        0.0,
                        0.0,
                        326263744.0,
                        150000.0,
                        16953800704.0,
                        0.0,
                        8487041.0,
                        100.0
                    ],
                    [
                        1.0,
                        15000.0,
                        10852103.0,
                        140000.0,
                        587691328.0,
                        0.0,
                        9239146.0,
                        0.0
                    ],
                    [
                        0.0,
                        0.0,
                        326263744.0,
                        160000.0,
                        17280065536.0,
                        0.0,
                        8487093.0,
                        100.0
                    ],
                    [
                        0.0,
                        0.0,
                        326263744.0,
                        160000.0,
                        17606328320.0,
                        0.0,
                        8487157.0,
                        100.0
                    ],
                    [
                        0.0,
                        0.0,
                        326263744.0,
                        160000.0,
                        17932593152.0,
                        0.0,
                        8487209.0,
                        100.0
                    ]
                ]
            ],
            "actions": [
                [
                    [
                        0.3333333432674408
                    ],
                    [
                        0.3333333432674408
                    ],
                    [
                        0.3333333432674408
                    ],
                    [
                        0.3333333432674408
                    ],
                    [
                        0.6666666865348816
                    ],
                    [
                        0.3333333432674408
                    ],
                    [
                        0.3333333432674408
                    ],
                    [
                        0.3333333432674408
                    ],
                    [
                        0.3333333432674408
                    ],
                    [
                        0.3333333432674408
                    ],
                    [
                        0.3333333432674408
                    ],
                    [
                        0.3333333432674408
                    ],
                    [
                        0.3333333432674408
                    ],
                    [
                        0.3333333432674408
                    ],
                    [
                        0.6666666865348816
                    ],
                    [
                        0.3333333432674408
                    ],
                    [
                        0.3333333432674408
                    ],
                    [
                        0.3333333432674408
                    ],
                    [
                        0.3333333432674408
                    ],
                    [
                        0.3333333432674408
                    ]
                ]
            ],
            "returns": [
                [
                    [
                        0.13950000703334808
                    ],
                    [
                        0.1394166648387909
                    ],
                    [
                        0.13899999856948853
                    ],
                    [
                        0.13891667127609253
                    ],
                    [
                        0.13850000500679016
                    ],
                    [
                        0.1380833387374878
                    ],
                    [
                        0.13783332705497742
                    ],
                    [
                        0.13758333027362823
                    ],
                    [
                        0.13733333349227905
                    ],
                    [
                        0.13708333671092987
                    ],
                    [
                        0.1368333399295807
                    ],
                    [
                        0.1365833282470703
                    ],
                    [
                        0.13633333146572113
                    ],
                    [
                        0.13608333468437195
                    ],
                    [
                        0.13583333790302277
                    ],
                    [
                        0.1355833262205124
                    ],
                    [
                        0.13495832681655884
                    ],
                    [
                        0.13437500596046448
                    ],
                    [
                        0.13370832800865173
                    ],
                    [
                        0.13304166495800018
                    ]
                ]
            ],
            "timesteps": [
                [
                    1020,
                    1021,
                    1022,
                    1023,
                    1024,
                    1025,
                    1026,
                    1027,
                    1028,
                    1029,
                    1030,
                    1031,
                    1032,
                    1033,
                    1034,
                    1035,
                    1036,
                    1037,
                    1038,
                    1039
                ]
            ],
            "labels": [
                [
                    0,
                    0,
                    0,
                    0,
                    1,
                    0,
                    0,
                    0,
                    0,
                    0,
                    0,
                    0,
                    0,
                    0,
                    1,
                    0,
                    0,
                    0,
                    0,
                    0
                ]
            ],
            "CPU Usage": 5.1,
            "RAM Usage": 17.4,
            "GPU Usage": 42.0,
            "VRAM Usage": 15400.0,
            "Disk Read Speed (MB/s)": 75057177.68652344,
            "Disk Write Speed (MB/s)": 506877945.2470703
        },
        {
            "step": 1,
            "train_loss": 0.024976013228297234,
            "actions_pred1": [
                [
                    [
                        0.28241482377052307,
                        0.2106313705444336,
                        -0.2627180516719818
                    ],
                    [
                        0.1197819858789444,
                        -0.18993985652923584,
                        0.21361622214317322
                    ],
                    [
                        0.6003667712211609,
                        0.1269109547138214,
                        0.3017813563346863
                    ],
                    [
                        0.7499660849571228,
                        0.1425999402999878,
                        -0.03561155125498772
                    ],
                    [
                        0.9870936274528503,
                        0.0166059210896492,
                        0.015479330904781818
                    ],
                    [
                        0.6596511602401733,
                        -0.13168789446353912,
                        -0.23796537518501282
                    ],
                    [
                        0.8125690221786499,
                        0.06712754815816879,
                        0.13104325532913208
                    ],
                    [
                        0.48994699120521545,
                        0.29856351017951965,
                        0.2616807818412781
                    ],
                    [
                        0.7106121182441711,
                        0.11607175320386887,
                        0.06386112421751022
                    ],
                    [
                        0.6798586249351501,
                        -0.029466547071933746,
                        0.041459713131189346
                    ],
                    [
                        0.7506908774375916,
                        -0.0629580095410347,
                        -0.03777974471449852
                    ],
                    [
                        0.8523821234703064,
                        -0.16538770496845245,
                        -0.2954368591308594
                    ],
                    [
                        0.8042320609092712,
                        -0.020570553839206696,
                        0.10292316228151321
                    ],
                    [
                        0.5533940196037292,
                        -0.15661558508872986,
                        -0.058639008551836014
                    ],
                    [
                        0.47422555088996887,
                        0.08602642267942429,
                        -0.09303179383277893
                    ],
                    [
                        0.7806159257888794,
                        -0.02558741718530655,
                        0.007173125632107258
                    ],
                    [
                        0.8287745118141174,
                        -0.00045115407556295395,
                        -0.15540862083435059
                    ],
                    [
                        0.7795432806015015,
                        -0.1676485240459442,
                        0.20765691995620728
                    ],
                    [
                        0.8014489412307739,
                        -0.2512983977794647,
                        0.18216820061206818
                    ],
                    [
                        0.771399974822998,
                        -0.09337101131677628,
                        0.2928530275821686
                    ]
                ]
            ],
            "actions_pred": [
                [
                    [
                        0.28241482377052307,
                        0.1197819858789444,
                        0.6003667712211609,
                        0.7499660849571228,
                        0.9870936274528503,
                        0.6596511602401733,
                        0.8125690221786499,
                        0.48994699120521545,
                        0.7106121182441711,
                        0.6798586249351501,
                        0.7506908774375916,
                        0.8523821234703064,
                        0.8042320609092712,
                        0.5533940196037292,
                        0.47422555088996887,
                        0.7806159257888794,
                        0.8287745118141174,
                        0.7795432806015015,
                        0.8014489412307739,
                        0.771399974822998
                    ],
                    [
                        0.2106313705444336,
                        -0.18993985652923584,
                        0.1269109547138214,
                        0.1425999402999878,
                        0.0166059210896492,
                        -0.13168789446353912,
                        0.06712754815816879,
                        0.29856351017951965,
                        0.11607175320386887,
                        -0.029466547071933746,
                        -0.0629580095410347,
                        -0.16538770496845245,
                        -0.020570553839206696,
                        -0.15661558508872986,
                        0.08602642267942429,
                        -0.02558741718530655,
                        -0.00045115407556295395,
                        -0.1676485240459442,
                        -0.2512983977794647,
                        -0.09337101131677628
                    ],
                    [
                        -0.2627180516719818,
                        0.21361622214317322,
                        0.3017813563346863,
                        -0.03561155125498772,
                        0.015479330904781818,
                        -0.23796537518501282,
                        0.13104325532913208,
                        0.2616807818412781,
                        0.06386112421751022,
                        0.041459713131189346,
                        -0.03777974471449852,
                        -0.2954368591308594,
                        0.10292316228151321,
                        -0.058639008551836014,
                        -0.09303179383277893,
                        0.007173125632107258,
                        -0.15540862083435059,
                        0.20765691995620728,
                        0.18216820061206818,
                        0.2928530275821686
                    ]
                ]
            ],
            "states": [
                [
                    [
                        0.0,
                        0.0,
                        475245408.0,
                        100000.0,
                        0.0,
                        0.0,
                        8672973.0,
                        109.0
                    ],
                    [
                        0.0,
                        0.0,
                        475245408.0,
                        100000.0,
                        475245408.0,
                        0.0,
                        8673025.0,
                        110.0
                    ],
                    [
                        0.0,
                        0.0,
                        475245408.0,
                        100000.0,
                        950490816.0,
                        0.0,
                        8673077.0,
                        110.0
                    ],
                    [
                        0.0,
                        0.0,
                        475245408.0,
                        100000.0,
                        1425736320.0,
                        0.0,
                        8673129.0,
                        110.0
                    ],
                    [
                        0.0,
                        0.0,
                        475245408.0,
                        100000.0,
                        0.0,
                        0.0,
                        8673181.0,
                        110.0
                    ],
                    [
                        1.0,
                        0.0,
                        147026736.0,
                        30000.0,
                        7253989376.0,
                        0.0,
                        10086646.0,
                        0.0
                    ],
                    [
                        1.0,
                        0.0,
                        147026736.0,
                        30000.0,
                        7401015808.0,
                        0.0,
                        10088146.0,
                        0.0
                    ],
                    [
                        1.0,
                        0.0,
                        147026736.0,
                        30000.0,
                        7548042752.0,
                        0.0,
                        10089646.0,
                        0.0
                    ],
                    [
                        1.0,
                        0.0,
                        147026736.0,
                        30000.0,
                        7695069184.0,
                        0.0,
                        10091146.0,
                        0.0
                    ],
                    [
                        1.0,
                        0.0,
                        147026736.0,
                        30000.0,
                        7842096128.0,
                        0.0,
                        10092646.0,
                        0.0
                    ],
                    [
                        1.0,
                        0.0,
                        147026736.0,
                        30000.0,
                        7401015808.0,
                        0.0,
                        10088146.0,
                        0.0
                    ],
                    [
                        1.0,
                        0.0,
                        147026736.0,
                        30000.0,
                        7548042752.0,
                        0.0,
                        10089646.0,
                        0.0
                    ],
                    [
                        1.0,
                        0.0,
                        147026736.0,
                        30000.0,
                        7695069184.0,
                        0.0,
                        10091146.0,
                        0.0
                    ],
                    [
                        1.0,
                        0.0,
                        147026736.0,
                        30000.0,
                        7842096128.0,
                        0.0,
                        10092646.0,
                        0.0
                    ],
                    [
                        1.0,
                        0.0,
                        147026736.0,
                        30000.0,
                        0.0,
                        0.0,
                        10094146.0,
                        0.0
                    ],
                    [
                        1.0,
                        0.0,
                        96695088.0,
                        30000.0,
                        1945806336.0,
                        0.0,
                        10119646.0,
                        0.0
                    ],
                    [
                        0.0,
                        0.0,
                        59637.0,
                        80000.0,
                        596370.0,
                        0.0,
                        9018581.0,
                        111.0
                    ],
                    [
                        1.0,
                        0.0,
                        96695088.0,
                        30000.0,
                        2042501376.0,
                        0.0,
                        10121146.0,
                        0.0
                    ],
                    [
                        1.0,
                        0.0,
                        96695088.0,
                        30000.0,
                        2139196544.0,
                        0.0,
                        10122646.0,
                        0.0
                    ],
                    [
                        0.0,
                        0.0,
                        59637.0,
                        80000.0,
                        656007.0,
                        0.0,
                        9020081.0,
                        111.0
                    ]
                ]
            ],
            "actions": [
                [
                    [
                        0.6666666865348816
                    ],
                    [
                        0.3333333432674408
                    ],
                    [
                        0.3333333432674408
                    ],
                    [
                        0.3333333432674408
                    ],
                    [
                        0.6666666865348816
                    ],
                    [
                        0.3333333432674408
                    ],
                    [
                        0.3333333432674408
                    ],
                    [
                        0.3333333432674408
                    ],
                    [
                        0.3333333432674408
                    ],
                    [
                        0.3333333432674408
                    ],
                    [
                        0.3333333432674408
                    ],
                    [
                        0.3333333432674408
                    ],
                    [
                        0.3333333432674408
                    ],
                    [
                        0.3333333432674408
                    ],
                    [
                        1.0
                    ],
                    [
                        0.3333333432674408
                    ],
                    [
                        0.3333333432674408
                    ],
                    [
                        0.3333333432674408
                    ],
                    [
                        0.3333333432674408
                    ],
                    [
                        0.3333333432674408
                    ]
                ]
            ],
            "returns": [
                [
                    [
                        0.09154167026281357
                    ],
                    [
                        0.0911249965429306
                    ],
                    [
                        0.09070833027362823
                    ],
                    [
                        0.09029166400432587
                    ],
                    [
                        0.0898749977350235
                    ],
                    [
                        0.08945833146572113
                    ],
                    [
                        0.08933333307504654
                    ],
                    [
                        0.08920833468437195
                    ],
                    [
                        0.08908333629369736
                    ],
                    [
                        0.08895833045244217
                    ],
                    [
                        0.08883333206176758
                    ],
                    [
                        0.08870833367109299
                    ],
                    [
                        0.0885833352804184
                    ],
                    [
                        0.0884583368897438
                    ],
                    [
                        0.08833333104848862
                    ],
                    [
                        0.08820833265781403
                    ],
                    [
                        0.08808333426713943
                    ],
                    [
                        0.08775000274181366
                    ],
                    [
                        0.08762499690055847
                    ],
                    [
                        0.08749999850988388
                    ]
                ]
            ],
            "timesteps": [
                [
                    1140,
                    1141,
                    1142,
                    1143,
                    1144,
                    1145,
                    1146,
                    1147,
                    1148,
                    1149,
                    1150,
                    1151,
                    1152,
                    1153,
                    1154,
                    1155,
                    1156,
                    1157,
                    1158,
                    1159
                ]
            ],
            "labels": [
                [
                    1,
                    0,
                    0,
                    0,
                    1,
                    0,
                    0,
                    0,
                    0,
                    0,
                    0,
                    0,
                    0,
                    0,
                    2,
                    0,
                    0,
                    0,
                    0,
                    0
                ]
            ],
            "CPU Usage": 4.8,
            "RAM Usage": 17.4,
            "GPU Usage": 81.0,
            "VRAM Usage": 15400.0,
            "Disk Read Speed (MB/s)": 75057177.68652344,
            "Disk Write Speed (MB/s)": 506877945.2470703
        },
        {
            "step": 2,
            "train_loss": 0.027729636058211327,
            "actions_pred1": [
                [
                    [
                        -0.15926489233970642,
                        0.4696129858493805,
                        -0.34601905941963196
                    ],
                    [
                        -0.05950675904750824,
                        0.449622243642807,
                        -0.11347316950559616
                    ],
                    [
                        0.3023455739021301,
                        -0.05357227474451065,
                        -0.27966994047164917
                    ],
                    [
                        0.2866004407405853,
                        0.24218228459358215,
                        -0.1941259205341339
                    ],
                    [
                        0.28534743189811707,
                        0.5263354778289795,
                        -0.25529560446739197
                    ],
                    [
                        0.6607365012168884,
                        0.257953017950058,
                        0.036809030920267105
                    ],
                    [
                        0.7672201991081238,
                        0.22700786590576172,
                        -0.16442008316516876
                    ],
                    [
                        0.484110027551651,
                        0.3401215672492981,
                        -0.2717462182044983
                    ],
                    [
                        0.36311376094818115,
                        0.3547069728374481,
                        -0.14610780775547028
                    ],
                    [
                        0.45659857988357544,
                        0.2371426224708557,
                        -0.10382132232189178
                    ],
                    [
                        0.43351098895072937,
                        0.2799094617366791,
                        -0.16128557920455933
                    ],
                    [
                        0.6918593645095825,
                        0.4185815751552582,
                        0.09756404161453247
                    ],
                    [
                        0.6202237010002136,
                        0.2884913384914398,
                        -0.08979587256908417
                    ],
                    [
                        0.9637348055839539,
                        0.1390744149684906,
                        0.03906184807419777
                    ],
                    [
                        0.4291011095046997,
                        0.38746607303619385,
                        -0.03438568487763405
                    ],
                    [
                        0.31396058201789856,
                        0.15654271841049194,
                        -0.10653380304574966
                    ],
                    [
                        0.6681407690048218,
                        -0.06177327781915665,
                        -0.08841508626937866
                    ],
                    [
                        0.6384792327880859,
                        0.2839033305644989,
                        -0.08433385193347931
                    ],
                    [
                        0.7405382394790649,
                        0.433409720659256,
                        -0.3451244831085205
                    ],
                    [
                        0.5137820243835449,
                        0.31999436020851135,
                        -0.2259865403175354
                    ]
                ]
            ],
            "actions_pred": [
                [
                    [
                        -0.15926489233970642,
                        -0.05950675904750824,
                        0.3023455739021301,
                        0.2866004407405853,
                        0.28534743189811707,
                        0.6607365012168884,
                        0.7672201991081238,
                        0.484110027551651,
                        0.36311376094818115,
                        0.45659857988357544,
                        0.43351098895072937,
