{
    "steps": [
        {
            "step": 0,
            "train_loss": 0.016765477135777473,
            "actions_pred1": [
                [
                    [
                        0.8582137823104858,
                        0.022475041449069977,
                        -0.6375035643577576
                    ],
                    [
                        0.9480617046356201,
                        0.03318691998720169,
                        -0.5637946724891663
                    ],
                    [
                        0.7359251379966736,
                        -0.055526576936244965,
                        -0.6691169142723083
                    ],
                    [
                        1.139595866203308,
                        -0.03582962602376938,
                        -0.34187009930610657
                    ],
                    [
                        1.1431784629821777,
                        -0.05609988421201706,
                        -0.3804205060005188
                    ],
                    [
                        1.054381012916565,
                        -0.07712670415639877,
                        -0.47125479578971863
                    ],
                    [
                        1.2130868434906006,
                        -0.09275361150503159,
                        -0.3130531907081604
                    ],
                    [
                        1.3312230110168457,
                        -0.02034195512533188,
                        -0.3562851846218109
                    ],
                    [
                        1.2710320949554443,
                        0.008586474694311619,
                        -0.17906349897384644
                    ],
                    [
                        1.3372154235839844,
                        -0.033146582543849945,
                        -0.24256406724452972
                    ],
                    [
                        1.2965850830078125,
                        -0.04739432781934738,
                        -0.2968877851963043
                    ],
                    [
                        1.0519144535064697,
                        0.09110384434461594,
                        -0.3251866400241852
                    ],
                    [
                        0.9833887219429016,
                        -0.06183623522520065,
                        -0.5289790630340576
                    ],
                    [
                        1.0115708112716675,
                        -0.065052829682827,
                        -0.5401257276535034
                    ],
                    [
                        1.2375885248184204,
                        0.11448121815919876,
                        -0.1351945847272873
                    ],
                    [
                        1.241131067276001,
                        -0.047139398753643036,
                        -0.3628251850605011
                    ],
                    [
                        1.2747479677200317,
                        -0.13237379491329193,
                        -0.5134063959121704
                    ],
                    [
                        1.1834806203842163,
                        -0.12834830582141876,
                        -0.33193710446357727
                    ],
                    [
                        1.160123348236084,
                        -0.15444935858249664,
                        -0.6729105114936829
                    ],
                    [
                        1.3953338861465454,
                        -0.1862417608499527,
                        -0.2308615893125534
                    ]
                ]
            ],
            "actions_pred": [
                [
                    [
                        0.8582137823104858,
                        0.9480617046356201,
                        0.7359251379966736,
                        1.139595866203308,
                        1.1431784629821777,
                        1.054381012916565,
                        1.2130868434906006,
                        1.3312230110168457,
                        1.2710320949554443,
                        1.3372154235839844,
                        1.2965850830078125,
                        1.0519144535064697,
                        0.9833887219429016,
                        1.0115708112716675,
                        1.2375885248184204,
                        1.241131067276001,
                        1.2747479677200317,
                        1.1834806203842163,
                        1.160123348236084,
                        1.3953338861465454
                    ],
                    [
                        0.022475041449069977,
                        0.03318691998720169,
                        -0.055526576936244965,
                        -0.03582962602376938,
                        -0.05609988421201706,
                        -0.07712670415639877,
                        -0.09275361150503159,
                        -0.02034195512533188,
                        0.008586474694311619,
                        -0.033146582543849945,
                        -0.04739432781934738,
                        0.09110384434461594,
                        -0.06183623522520065,
                        -0.065052829682827,
                        0.11448121815919876,
                        -0.047139398753643036,
                        -0.13237379491329193,
                        -0.12834830582141876,
                        -0.15444935858249664,
                        -0.1862417608499527
                    ],
                    [
                        -0.6375035643577576,
                        -0.5637946724891663,
                        -0.6691169142723083,
                        -0.34187009930610657,
                        -0.3804205060005188,
                        -0.47125479578971863,
                        -0.3130531907081604,
                        -0.3562851846218109,
                        -0.17906349897384644,
                        -0.24256406724452972,
                        -0.2968877851963043,
                        -0.3251866400241852,
                        -0.5289790630340576,
                        -0.5401257276535034,
                        -0.1351945847272873,
                        -0.3628251850605011,
                        -0.5134063959121704,
                        -0.33193710446357727,
                        -0.6729105114936829,
                        -0.2308615893125534
                    ]
                ]
            ],
            "states": [
                [
                    [
                        0.0,
                        0.0,
                        643737152.0,
                        190000.0,
                        5621835776.0,
                        0.0,
                        3124121.0,
                        11.0
                    ],
                    [
                        0.0,
                        0.0,
                        643737152.0,
                        190000.0,
                        6265572864.0,
                        0.0,
                        3124173.0,
                        11.0
                    ],
                    [
                        0.0,
                        0.0,
                        643737152.0,
                        190000.0,
                        6909309952.0,
                        0.0,
                        3124237.0,
                        11.0
                    ],
                    [
                        0.0,
                        0.0,
                        643737152.0,
                        190000.0,
                        7553047552.0,
                        0.0,
                        3124301.0,
                        11.0
                    ],
                    [
                        0.0,
                        0.0,
                        643737152.0,
                        190000.0,
                        0.0,
                        0.0,
                        3124365.0,
                        11.0
                    ],
                    [
                        0.0,
                        0.0,
                        556495616.0,
                        190000.0,
                        5564956672.0,
                        0.0,
                        3124981.0,
                        12.0
                    ],
                    [
                        0.0,
                        0.0,
                        556495616.0,
                        190000.0,
                        6121452032.0,
                        0.0,
                        3125033.0,
                        12.0
                    ],
                    [
                        0.0,
                        0.0,
                        556495616.0,
                        190000.0,
                        6677947904.0,
                        0.0,
                        3125097.0,
                        12.0
                    ],
                    [
                        0.0,
                        0.0,
                        556495616.0,
                        190000.0,
                        7234443264.0,
                        0.0,
                        3125161.0,
                        12.0
                    ],
                    [
                        0.0,
                        0.0,
                        556495616.0,
                        190000.0,
                        7790939136.0,
                        0.0,
                        3125225.0,
                        12.0
                    ],
                    [
                        0.0,
                        0.0,
                        556495616.0,
                        190000.0,
                        6121452032.0,
                        0.0,
                        3125033.0,
                        12.0
                    ],
                    [
                        0.0,
                        0.0,
                        556495616.0,
                        190000.0,
                        6677947904.0,
                        0.0,
                        3125097.0,
                        12.0
                    ],
                    [
                        0.0,
                        0.0,
                        556495616.0,
                        190000.0,
                        7234443264.0,
                        0.0,
                        3125161.0,
                        12.0
                    ],
                    [
                        0.0,
                        0.0,
                        556495616.0,
                        190000.0,
                        7790939136.0,
                        0.0,
                        3125225.0,
                        12.0
                    ],
                    [
                        0.0,
                        0.0,
                        556495616.0,
                        190000.0,
                        0.0,
                        0.0,
                        3125289.0,
                        12.0
                    ],
                    [
                        0.0,
                        0.0,
                        642395008.0,
                        230000.0,
                        9891772416.0,
                        0.0,
                        3126181.0,
                        13.0
                    ],
                    [
                        0.0,
                        0.0,
                        642395008.0,
                        230000.0,
                        10534167552.0,
                        0.0,
                        3126233.0,
                        13.0
                    ],
                    [
                        0.0,
                        0.0,
                        642395008.0,
                        230000.0,
                        11176562688.0,
                        0.0,
                        3126285.0,
                        13.0
                    ],
                    [
                        0.0,
                        0.0,
                        642395008.0,
                        230000.0,
                        11818957824.0,
                        0.0,
                        3126337.0,
                        13.0
                    ],
                    [
                        0.0,
                        0.0,
                        642395008.0,
                        230000.0,
                        12461352960.0,
                        0.0,
                        3126389.0,
                        13.0
                    ]
                ]
            ],
            "actions": [
                [
                    [
                        0.3333333432674408
                    ],
                    [
                        0.3333333432674408
                    ],
                    [
                        0.3333333432674408
                    ],
                    [
                        0.3333333432674408
                    ],
                    [
                        0.6666666865348816
                    ],
                    [
                        0.3333333432674408
                    ],
                    [
                        0.3333333432674408
                    ],
                    [
                        0.3333333432674408
                    ],
                    [
                        0.3333333432674408
                    ],
                    [
                        0.3333333432674408
                    ],
                    [
                        0.3333333432674408
                    ],
                    [
                        0.3333333432674408
                    ],
                    [
                        0.3333333432674408
                    ],
                    [
                        0.3333333432674408
                    ],
                    [
                        0.6666666865348816
                    ],
                    [
                        0.3333333432674408
                    ],
                    [
                        0.3333333432674408
                    ],
                    [
                        0.3333333432674408
                    ],
                    [
                        0.3333333432674408
                    ],
                    [
                        0.3333333432674408
                    ]
                ]
            ],
            "returns": [
                [
                    [
                        0.5548333525657654
                    ],
                    [
                        0.5540416836738586
                    ],
                    [
                        0.5532500147819519
                    ],
                    [
                        0.5524583458900452
                    ],
                    [
                        0.5516666769981384
                    ],
                    [
                        0.5508750081062317
                    ],
                    [
                        0.550083339214325
                    ],
                    [
                        0.5492916703224182
                    ],
                    [
                        0.5485000014305115
                    ],
                    [
                        0.5477083325386047
                    ],
                    [
                        0.546916663646698
                    ],
                    [
                        0.5461249947547913
                    ],
                    [
                        0.5453333258628845
                    ],
                    [
                        0.5445416569709778
                    ],
                    [
                        0.543749988079071
                    ],
                    [
                        0.5429583191871643
                    ],
                    [
                        0.5419999957084656
                    ],
                    [
                        0.5410416722297668
                    ],
                    [
                        0.5400833487510681
                    ],
                    [
                        0.5391250252723694
                    ]
                ]
            ],
            "timesteps": [
                [
                    120,
                    121,
                    122,
                    123,
                    124,
                    125,
                    126,
                    127,
                    128,
                    129,
                    130,
                    131,
                    132,
                    133,
                    134,
                    135,
                    136,
                    137,
                    138,
                    139
                ]
            ],
            "labels": [
                [
                    0,
                    0,
                    0,
                    0,
                    1,
                    0,
                    0,
                    0,
                    0,
                    0,
                    0,
                    0,
                    0,
                    0,
                    1,
                    0,
                    0,
                    0,
                    0,
                    0
                ]
            ],
            "CPU Usage": 5.2,
            "RAM Usage": 17.4,
            "GPU Usage": 41.0,
            "VRAM Usage": 15400.0,
            "Disk Read Speed (MB/s)": 75057177.68652344,
            "Disk Write Speed (MB/s)": 506877985.5986328
        },
        {
            "step": 1,
            "train_loss": 0.017459088936448097,
            "actions_pred1": [
                [
                    [
                        0.9159490466117859,
                        -0.07207640260457993,
                        -0.29431504011154175
                    ],
                    [
                        0.9017875790596008,
                        -0.36396342515945435,
                        -0.09431920200586319
                    ],
                    [
                        1.0217299461364746,
                        -0.175242081284523,
                        -0.18927794694900513
                    ],
                    [
                        1.125288963317871,
                        -0.17396654188632965,
                        -0.5278106331825256
                    ],
                    [
                        1.070266604423523,
                        -0.14388348162174225,
                        -0.295358270406723
                    ],
                    [
                        1.4381775856018066,
                        -0.1963210254907608,
                        0.0988406389951706
                    ],
                    [
                        1.153016209602356,
                        -0.16274644434452057,
                        -0.14773589372634888
                    ],
                    [
                        0.9102076888084412,
                        -0.14942936599254608,
                        -0.3237549960613251
                    ],
                    [
                        1.1961942911148071,
                        -0.07483270019292831,
                        -0.04504147171974182
                    ],
                    [
                        1.4000937938690186,
                        -0.12699876725673676,
                        0.15622781217098236
                    ],
                    [
                        1.1726226806640625,
                        -0.14152653515338898,
                        -0.1365852802991867
                    ],
                    [
                        1.3775920867919922,
                        -0.16639386117458344,
                        -0.29123666882514954
                    ],
                    [
                        1.0903987884521484,
                        -0.0961034819483757,
                        -0.18131637573242188
                    ],
                    [
                        1.4583306312561035,
                        -0.019957445561885834,
                        0.0692494660615921
                    ],
                    [
                        1.307572841644287,
                        -0.1792132705450058,
                        0.029088735580444336
                    ],
                    [
                        1.2060775756835938,
                        -0.05871855467557907,
                        -0.12051831185817719
                    ],
                    [
                        1.2191966772079468,
                        -0.15923471748828888,
                        -0.2599025070667267
                    ],
                    [
                        1.1327130794525146,
                        -0.03173454850912094,
                        -0.2874014973640442
                    ],
                    [
                        1.3914109468460083,
                        -0.13456909358501434,
                        -0.1506364792585373
                    ],
                    [
                        1.5034065246582031,
                        -0.12464042752981186,
                        -0.005354062654078007
                    ]
                ]
            ],
            "actions_pred": [
                [
                    [
                        0.9159490466117859,
                        0.9017875790596008,
                        1.0217299461364746,
                        1.125288963317871,
                        1.070266604423523,
                        1.4381775856018066,
                        1.153016209602356,
                        0.9102076888084412,
                        1.1961942911148071,
                        1.4000937938690186,
                        1.1726226806640625,
                        1.3775920867919922,
                        1.0903987884521484,
                        1.4583306312561035,
                        1.307572841644287,
                        1.2060775756835938,
                        1.2191966772079468,
                        1.1327130794525146,
                        1.3914109468460083,
                        1.5034065246582031
                    ],
                    [
                        -0.07207640260457993,
                        -0.36396342515945435,
                        -0.175242081284523,
                        -0.17396654188632965,
                        -0.14388348162174225,
                        -0.1963210254907608,
                        -0.16274644434452057,
                        -0.14942936599254608,
                        -0.07483270019292831,
                        -0.12699876725673676,
                        -0.14152653515338898,
                        -0.16639386117458344,
                        -0.0961034819483757,
                        -0.019957445561885834,
                        -0.1792132705450058,
                        -0.05871855467557907,
                        -0.15923471748828888,
                        -0.03173454850912094,
                        -0.13456909358501434,
                        -0.12464042752981186
                    ],
                    [
                        -0.29431504011154175,
                        -0.09431920200586319,
                        -0.18927794694900513,
                        -0.5278106331825256,
                        -0.295358270406723,
                        0.0988406389951706,
                        -0.14773589372634888,
                        -0.3237549960613251,
                        -0.04504147171974182,
                        0.15622781217098236,
                        -0.1365852802991867,
                        -0.29123666882514954,
                        -0.18131637573242188,
                        0.0692494660615921,
                        0.029088735580444336,
                        -0.12051831185817719,
                        -0.2599025070667267,
                        -0.2874014973640442,
                        -0.1506364792585373,
                        -0.005354062654078007
                    ]
                ]
            ],
            "states": [
                [
                    [
                        1.0,
                        150000.0,
                        0.0,
                        10000.0,
                        0.0,
                        0.0,
                        2358646.0,
                        0.0
                    ],
                    [
                        1.0,
                        150000.0,
                        0.0,
                        10000.0,
                        0.0,
                        0.0,
                        2360146.0,
                        0.0
                    ],
                    [
                        0.0,
                        0.0,
                        375972800.0,
                        110000.0,
                        8303776768.0,
                        0.0,
                        3231205.0,
                        19.0
                    ],
                    [
                        0.0,
                        0.0,
                        375972800.0,
                        110000.0,
                        8679749632.0,
                        0.0,
                        3232705.0,
                        19.0
                    ],
                    [
                        0.0,
                        0.0,
                        375972800.0,
                        110000.0,
                        0.0,
                        0.0,
                        3234205.0,
                        19.0
                    ],
                    [
                        1.0,
                        135000.0,
                        12451.0,
                        10000.0,
                        186765.0,
                        0.0,
                        2391646.0,
                        0.0
                    ],
                    [
                        0.0,
                        0.0,
                        375972800.0,
                        110000.0,
                        5263619072.0,
                        0.0,
                        3250861.0,
                        20.0
                    ],
                    [
                        0.0,
                        0.0,
                        375972800.0,
                        110000.0,
                        5639591936.0,
                        0.0,
                        3250913.0,
                        20.0
                    ],
                    [
                        0.0,
                        0.0,
                        375972800.0,
                        110000.0,
                        6015564800.0,
                        0.0,
                        3252413.0,
                        20.0
                    ],
                    [
                        0.0,
                        0.0,
                        375972800.0,
                        110000.0,
                        6391537664.0,
                        0.0,
                        3253913.0,
                        20.0
                    ],
                    [
                        0.0,
                        0.0,
                        375972800.0,
                        110000.0,
                        5263619072.0,
                        0.0,
                        3250861.0,
                        20.0
                    ],
                    [
                        0.0,
                        0.0,
                        375972800.0,
                        110000.0,
                        5639591936.0,
                        0.0,
                        3250913.0,
                        20.0
                    ],
                    [
                        0.0,
                        0.0,
                        375972800.0,
                        110000.0,
                        6015564800.0,
                        0.0,
                        3252413.0,
                        20.0
                    ],
                    [
                        0.0,
                        0.0,
                        375972800.0,
                        110000.0,
                        6391537664.0,
                        0.0,
                        3253913.0,
                        20.0
                    ],
                    [
                        0.0,
                        0.0,
                        401474176.0,
                        110000.0,
                        0.0,
                        0.0,
                        3255413.0,
                        20.0
                    ],
                    [
                        0.0,
                        0.0,
                        401474176.0,
                        110000.0,
                        2007370880.0,
                        0.0,
                        3262913.0,
                        21.0
                    ],
                    [
                        0.0,
                        0.0,
                        401474176.0,
                        110000.0,
                        2408845056.0,
                        0.0,
                        3264413.0,
                        21.0
                    ],
                    [
                        0.0,
                        0.0,
                        401474176.0,
                        110000.0,
                        2810319104.0,
                        0.0,
                        3265913.0,
                        21.0
                    ],
                    [
                        0.0,
                        0.0,
                        401474176.0,
                        110000.0,
                        3211793408.0,
                        0.0,
                        3267413.0,
                        21.0
                    ],
                    [
                        0.0,
                        0.0,
                        401474176.0,
                        110000.0,
                        3613267456.0,
                        0.0,
                        3268913.0,
                        21.0
                    ]
                ]
            ],
            "actions": [
                [
                    [
                        0.3333333432674408
                    ],
                    [
                        0.3333333432674408
                    ],
                    [
                        0.3333333432674408
                    ],
                    [
                        0.3333333432674408
                    ],
                    [
                        0.6666666865348816
                    ],
                    [
                        0.3333333432674408
                    ],
                    [
                        0.3333333432674408
                    ],
                    [
                        0.3333333432674408
                    ],
                    [
                        0.3333333432674408
                    ],
                    [
                        0.3333333432674408
                    ],
                    [
                        0.3333333432674408
                    ],
                    [
                        0.3333333432674408
                    ],
                    [
                        0.3333333432674408
                    ],
                    [
                        0.3333333432674408
                    ],
                    [
                        0.6666666865348816
                    ],
                    [
                        0.3333333432674408
                    ],
                    [
                        0.3333333432674408
                    ],
                    [
                        0.3333333432674408
                    ],
                    [
                        0.3333333432674408
                    ],
                    [
                        0.3333333432674408
                    ]
                ]
            ],
            "returns": [
                [
                    [
                        0.49787500500679016
                    ],
                    [
                        0.49783334136009216
                    ],
                    [
                        0.49779167771339417
                    ],
                    [
                        0.4973333477973938
                    ],
                    [
                        0.49687498807907104
                    ],
                    [
                        0.4964166581630707
                    ],
                    [
                        0.4963749945163727
                    ],
                    [
                        0.4959166646003723
                    ],
                    [
                        0.49545833468437195
                    ],
                    [
                        0.4950000047683716
                    ],
                    [
                        0.4945416748523712
                    ],
                    [
                        0.49408334493637085
                    ],
                    [
                        0.4936249852180481
                    ],
                    [
                        0.49316665530204773
                    ],
                    [
                        0.49270832538604736
                    ],
                    [
                        0.492249995470047
                    ],
                    [
                        0.49179166555404663
                    ],
                    [
                        0.49133333563804626
                    ],
                    [
                        0.4908750057220459
                    ],
                    [
                        0.49041667580604553
                    ]
                ]
            ],
            "timesteps": [
                [
                    200,
                    201,
                    202,
                    203,
                    204,
                    205,
                    206,
                    207,
                    208,
                    209,
                    210,
                    211,
                    212,
                    213,
                    214,
                    215,
                    216,
                    217,
                    218,
                    219
                ]
            ],
            "labels": [
                [
                    0,
                    0,
                    0,
                    0,
                    1,
                    0,
                    0,
                    0,
                    0,
                    0,
                    0,
                    0,
                    0,
                    0,
                    1,
                    0,
                    0,
                    0,
                    0,
                    0
                ]
            ],
            "CPU Usage": 4.6,
            "RAM Usage": 17.4,
            "GPU Usage": 78.0,
            "VRAM Usage": 15400.0,
            "Disk Read Speed (MB/s)": 75057177.68652344,
            "Disk Write Speed (MB/s)": 506877985.61816406
        },
        {
            "step": 2,
            "train_loss": 0.01911759562790394,
            "actions_pred1": [
                [
                    [
                        0.72267085313797,
                        -0.2226075381040573,
                        -0.255354106426239
                    ],
                    [
                        0.820042073726654,
                        -0.07847102731466293,
                        -0.13639219105243683
                    ],
                    [
                        0.812574565410614,
                        -0.3001076877117157,
                        -0.22801686823368073
                    ],
                    [
                        0.9837474226951599,
                        -0.1731991320848465,
                        -0.5994718074798584
                    ],
                    [
                        1.1449227333068848,
                        -0.12040101736783981,
                        -0.1715337485074997
                    ],
                    [
                        1.0394504070281982,
                        0.045558519661426544,
                        -0.15146535634994507
                    ],
                    [
                        1.0632250308990479,
                        0.04666105657815933,
                        -0.2238837629556656
                    ],
                    [
                        1.1472103595733643,
                        -0.09222318977117538,
                        -0.2903386652469635
                    ],
                    [
                        1.0135544538497925,
                        0.04830547422170639,
                        -0.2617169916629791
                    ],
                    [
                        0.9439958930015564,
                        -0.10247191041707993,
                        0.000295969657599926
                    ],
                    [
                        1.0297646522521973,
                        -0.23946790397167206,
                        -0.1284734457731247
                    ],
                    [
                        1.1661640405654907,
                        -0.24512071907520294,
                        -0.19184376299381256
                    ],
                    [
                        1.2522797584533691,
                        -0.22591568529605865,
                        -0.2093694806098938
                    ],
                    [
                        1.225761890411377,
                        -0.02569996565580368,
                        -0.2493533343076706
                    ],
                    [
                        0.876449704170227,
                        0.0543905571103096,
                        -0.42636919021606445
                    ],
                    [
                        1.013724446296692,
                        0.03447399288415909,
                        -0.3176998198032379
                    ],
                    [
                        1.0958313941955566,
                        -0.08804147690534592,
                        -0.21964560449123383
                    ],
                    [
                        1.0102468729019165,
                        0.21087683737277985,
                        0.10324513912200928
                    ],
                    [
                        0.8177828192710876,
                        0.061790354549884796,
                        0.11943601071834564
                    ],
                    [
                        1.0697011947631836,
                        -0.12082593888044357,
                        0.1468099057674408
                    ]
                ]
            ],
            "actions_pred": [
                [
                    [
                        0.72267085313797,
                        0.820042073726654,
                        0.812574565410614,
                        0.9837474226951599,
                        1.1449227333068848,
                        1.0394504070281982,
                        1.0632250308990479,
                        1.1472103595733643,
                        1.0135544538497925,
                        0.9439958930015564,
                        1.0297646522521973,
