{
    "steps": [
        {
            "step": 0,
            "train_loss": 0.016669560223817825,
            "actions_pred1": [
                [
                    [
                        1.0896366834640503,
                        0.13655416667461395,
                        -0.6333824396133423
                    ],
                    [
                        1.072812795639038,
                        -0.16095571219921112,
                        -0.7046931385993958
                    ],
                    [
                        1.2626930475234985,
                        -0.11334223300218582,
                        -0.6554980278015137
                    ],
                    [
                        1.5489552021026611,
                        -0.3442411422729492,
                        -0.4354349672794342
                    ],
                    [
                        1.4254893064498901,
                        -0.03213612362742424,
                        -0.32601404190063477
                    ],
                    [
                        1.8619028329849243,
                        0.041229743510484695,
                        -0.5222322940826416
                    ],
                    [
                        1.5750313997268677,
                        -0.05771951004862785,
                        -0.5264620184898376
                    ],
                    [
                        1.5147736072540283,
                        0.00999229121953249,
                        -0.48898303508758545
                    ],
                    [
                        1.5091990232467651,
                        -0.043891798704862595,
                        -0.5498442053794861
                    ],
                    [
                        1.7703574895858765,
                        -0.21179865300655365,
                        -0.3250815272331238
                    ],
                    [
                        1.8236140012741089,
                        -0.27939310669898987,
                        -0.669707179069519
                    ],
                    [
                        1.8126202821731567,
                        -0.32546699047088623,
                        -0.35428574681282043
                    ],
                    [
                        2.1721372604370117,
                        -0.5147657990455627,
                        -0.36822712421417236
                    ],
                    [
                        1.6350144147872925,
                        -0.19289295375347137,
                        -0.5931845307350159
                    ],
                    [
                        1.8066033124923706,
                        -0.1585707813501358,
                        -0.1904533952474594
                    ],
                    [
                        1.6919692754745483,
                        -0.40275219082832336,
                        -0.48649269342422485
                    ],
                    [
                        1.9051134586334229,
                        -0.08033037930727005,
                        -0.6564051508903503
                    ],
                    [
                        1.863032341003418,
                        -0.1756524294614792,
                        -0.45657026767730713
                    ],
                    [
                        1.862871527671814,
                        -0.18865855038166046,
                        -0.5474866628646851
                    ],
                    [
                        1.758046269416809,
                        -0.09595248848199844,
                        -0.4061328172683716
                    ]
                ]
            ],
            "actions_pred": [
                [
                    [
                        1.0896366834640503,
                        1.072812795639038,
                        1.2626930475234985,
                        1.5489552021026611,
                        1.4254893064498901,
                        1.8619028329849243,
                        1.5750313997268677,
                        1.5147736072540283,
                        1.5091990232467651,
                        1.7703574895858765,
                        1.8236140012741089,
                        1.8126202821731567,
                        2.1721372604370117,
                        1.6350144147872925,
                        1.8066033124923706,
                        1.6919692754745483,
                        1.9051134586334229,
                        1.863032341003418,
                        1.862871527671814,
                        1.758046269416809
                    ],
                    [
                        0.13655416667461395,
                        -0.16095571219921112,
                        -0.11334223300218582,
                        -0.3442411422729492,
                        -0.03213612362742424,
                        0.041229743510484695,
                        -0.05771951004862785,
                        0.00999229121953249,
                        -0.043891798704862595,
                        -0.21179865300655365,
                        -0.27939310669898987,
                        -0.32546699047088623,
                        -0.5147657990455627,
                        -0.19289295375347137,
                        -0.1585707813501358,
                        -0.40275219082832336,
                        -0.08033037930727005,
                        -0.1756524294614792,
                        -0.18865855038166046,
                        -0.09595248848199844
                    ],
                    [
                        -0.6333824396133423,
                        -0.7046931385993958,
                        -0.6554980278015137,
                        -0.4354349672794342,
                        -0.32601404190063477,
                        -0.5222322940826416,
                        -0.5264620184898376,
                        -0.48898303508758545,
                        -0.5498442053794861,
                        -0.3250815272331238,
                        -0.669707179069519,
                        -0.35428574681282043,
                        -0.36822712421417236,
                        -0.5931845307350159,
                        -0.1904533952474594,
                        -0.48649269342422485,
                        -0.6564051508903503,
                        -0.45657026767730713,
                        -0.5474866628646851,
                        -0.4061328172683716
                    ]
                ]
            ],
            "states": [
                [
                    [
                        0.0,
                        0.0,
                        487849312.0,
                        170000.0,
                        6829890560.0,
                        0.0,
                        6279745.0,
                        51.0
                    ],
                    [
                        0.0,
                        0.0,
                        487849312.0,
                        170000.0,
                        7317739520.0,
                        0.0,
                        6281245.0,
                        51.0
                    ],
                    [
                        0.0,
                        0.0,
                        487849312.0,
                        170000.0,
                        7805588992.0,
                        0.0,
                        6282745.0,
                        51.0
                    ],
                    [
                        0.0,
                        0.0,
                        487849312.0,
                        170000.0,
                        8293438464.0,
                        0.0,
                        6284245.0,
                        51.0
                    ],
                    [
                        0.0,
                        0.0,
                        487849312.0,
                        170000.0,
                        0.0,
                        0.0,
                        6285745.0,
                        51.0
                    ],
                    [
                        0.0,
                        0.0,
                        487849312.0,
                        170000.0,
                        1463547904.0,
                        0.0,
                        6288797.0,
                        52.0
                    ],
                    [
                        0.0,
                        0.0,
                        487849312.0,
                        170000.0,
                        1951397248.0,
                        0.0,
                        6288861.0,
                        52.0
                    ],
                    [
                        0.0,
                        0.0,
                        487849312.0,
                        170000.0,
                        2439246592.0,
                        0.0,
                        6288913.0,
                        52.0
                    ],
                    [
                        0.0,
                        0.0,
                        487849312.0,
                        170000.0,
                        2927095808.0,
                        0.0,
                        6288977.0,
                        52.0
                    ],
                    [
                        0.0,
                        0.0,
                        487849312.0,
                        170000.0,
                        3414945280.0,
                        0.0,
                        6289029.0,
                        52.0
                    ],
                    [
                        0.0,
                        0.0,
                        487849312.0,
                        170000.0,
                        1951397248.0,
                        0.0,
                        6288861.0,
                        52.0
                    ],
                    [
                        0.0,
                        0.0,
                        487849312.0,
                        170000.0,
                        2439246592.0,
                        0.0,
                        6288913.0,
                        52.0
                    ],
                    [
                        0.0,
                        0.0,
                        487849312.0,
                        170000.0,
                        2927095808.0,
                        0.0,
                        6288977.0,
                        52.0
                    ],
                    [
                        0.0,
                        0.0,
                        487849312.0,
                        170000.0,
                        3414945280.0,
                        0.0,
                        6289029.0,
                        52.0
                    ],
                    [
                        0.0,
                        0.0,
                        487849312.0,
                        170000.0,
                        0.0,
                        0.0,
                        6289093.0,
                        52.0
                    ],
                    [
                        0.0,
                        0.0,
                        487849312.0,
                        170000.0,
                        0.0,
                        0.0,
                        6289093.0,
                        52.0
                    ],
                    [
                        0.0,
                        0.0,
                        487849312.0,
                        170000.0,
                        487849312.0,
                        0.0,
                        6289145.0,
                        53.0
                    ],
                    [
                        0.0,
                        0.0,
                        487849312.0,
                        170000.0,
                        975698624.0,
                        0.0,
                        6289209.0,
                        53.0
                    ],
                    [
                        0.0,
                        0.0,
                        487849312.0,
                        170000.0,
                        1463547904.0,
                        0.0,
                        6289261.0,
                        53.0
                    ],
                    [
                        0.0,
                        0.0,
                        487849312.0,
                        170000.0,
                        1951397248.0,
                        0.0,
                        6289325.0,
                        53.0
                    ]
                ]
            ],
            "actions": [
                [
                    [
                        0.3333333432674408
                    ],
                    [
                        0.3333333432674408
                    ],
                    [
                        0.3333333432674408
                    ],
                    [
                        0.3333333432674408
                    ],
                    [
                        0.6666666865348816
                    ],
                    [
                        0.3333333432674408
                    ],
                    [
                        0.3333333432674408
                    ],
                    [
                        0.3333333432674408
                    ],
                    [
                        0.3333333432674408
                    ],
                    [
                        0.3333333432674408
                    ],
                    [
                        0.3333333432674408
                    ],
                    [
                        0.3333333432674408
                    ],
                    [
                        0.3333333432674408
                    ],
                    [
                        0.3333333432674408
                    ],
                    [
                        0.6666666865348816
                    ],
                    [
                        0.6666666865348816
                    ],
                    [
                        0.3333333432674408
                    ],
                    [
                        0.3333333432674408
                    ],
                    [
                        0.3333333432674408
                    ],
                    [
                        0.3333333432674408
                    ]
                ]
            ],
            "returns": [
                [
                    [
                        0.34933334589004517
                    ],
                    [
                        0.3486250042915344
                    ],
                    [
                        0.3479166626930237
                    ],
                    [
                        0.34720832109451294
                    ],
                    [
                        0.3465000092983246
                    ],
                    [
                        0.34579166769981384
                    ],
                    [
                        0.3450833261013031
                    ],
                    [
                        0.34437501430511475
                    ],
                    [
                        0.343666672706604
                    ],
                    [
                        0.34295833110809326
                    ],
                    [
                        0.3422499895095825
                    ],
                    [
                        0.34154167771339417
                    ],
                    [
                        0.3408333361148834
                    ],
                    [
                        0.3401249945163727
                    ],
                    [
                        0.33941665291786194
                    ],
                    [
                        0.3387083411216736
                    ],
                    [
                        0.33799999952316284
                    ],
                    [
                        0.3372916579246521
                    ],
                    [
                        0.33658334612846375
                    ],
                    [
                        0.335875004529953
                    ]
                ]
            ],
            "timesteps": [
                [
                    520,
                    521,
                    522,
                    523,
                    524,
                    525,
                    526,
                    527,
                    528,
                    529,
                    530,
                    531,
                    532,
                    533,
                    534,
                    535,
                    536,
                    537,
                    538,
                    539
                ]
            ],
            "labels": [
                [
                    0,
                    0,
                    0,
                    0,
                    1,
                    0,
                    0,
                    0,
                    0,
                    0,
                    0,
                    0,
                    0,
                    0,
                    1,
                    1,
                    0,
                    0,
                    0,
                    0
                ]
            ],
            "CPU Usage": 5.1,
            "RAM Usage": 17.4,
            "GPU Usage": 25.0,
            "VRAM Usage": 15400.0,
            "Disk Read Speed (MB/s)": 75057177.68652344,
            "Disk Write Speed (MB/s)": 506878021.36816406
        },
        {
            "step": 1,
            "train_loss": 0.029045188799500465,
            "actions_pred1": [
                [
                    [
                        0.36083024740219116,
                        0.12268922477960587,
                        -0.9925755858421326
                    ],
                    [
                        1.16990327835083,
                        0.028301436454057693,
                        -0.649417519569397
                    ],
                    [
                        1.624585747718811,
                        -0.14966945350170135,
                        -0.6163826584815979
                    ],
                    [
                        1.7456252574920654,
                        -0.1888965219259262,
                        -0.5822457671165466
                    ],
                    [
                        1.4010902643203735,
                        -0.0985264852643013,
                        -0.6113319993019104
                    ],
                    [
                        1.4522043466567993,
                        -0.14098863303661346,
                        -0.4236255884170532
                    ],
                    [
                        1.6455904245376587,
                        -0.27107033133506775,
                        -0.5871869921684265
                    ],
                    [
                        1.7240012884140015,
                        -0.37208092212677,
                        -0.3349277973175049
                    ],
                    [
                        1.325467586517334,
                        -0.47063907980918884,
                        -0.3194456696510315
                    ],
                    [
                        1.3842982053756714,
                        -0.44796502590179443,
                        -0.3922075033187866
                    ],
                    [
                        1.6618149280548096,
                        -0.349494606256485,
                        -0.2669612765312195
                    ],
                    [
                        1.7156789302825928,
                        -0.39601442217826843,
                        -0.2805807292461395
                    ],
                    [
                        1.8556044101715088,
                        -0.3649151027202606,
                        -0.29310789704322815
                    ],
                    [
                        1.7320386171340942,
                        -0.4113752543926239,
                        -0.43826955556869507
                    ],
                    [
                        1.641152262687683,
                        -0.3843619227409363,
                        -0.35684043169021606
                    ],
                    [
                        1.6333894729614258,
                        -0.442493736743927,
                        -0.44332292675971985
                    ],
                    [
                        1.386306881904602,
                        -0.21754516661167145,
                        -0.21940995752811432
                    ],
                    [
                        1.5162080526351929,
                        -0.1670706421136856,
                        -0.24566645920276642
                    ],
                    [
                        1.8798221349716187,
                        -0.35414430499076843,
                        -0.09659581631422043
                    ],
                    [
                        1.9373893737792969,
                        -0.3219717741012573,
                        -0.15174157917499542
                    ]
                ]
            ],
            "actions_pred": [
                [
                    [
                        0.36083024740219116,
                        1.16990327835083,
                        1.624585747718811,
                        1.7456252574920654,
                        1.4010902643203735,
                        1.4522043466567993,
                        1.6455904245376587,
                        1.7240012884140015,
                        1.325467586517334,
                        1.3842982053756714,
                        1.6618149280548096,
                        1.7156789302825928,
                        1.8556044101715088,
                        1.7320386171340942,
                        1.641152262687683,
                        1.6333894729614258,
                        1.386306881904602,
                        1.5162080526351929,
                        1.8798221349716187,
                        1.9373893737792969
                    ],
                    [
                        0.12268922477960587,
                        0.028301436454057693,
                        -0.14966945350170135,
                        -0.1888965219259262,
                        -0.0985264852643013,
                        -0.14098863303661346,
                        -0.27107033133506775,
                        -0.37208092212677,
                        -0.47063907980918884,
                        -0.44796502590179443,
                        -0.349494606256485,
                        -0.39601442217826843,
                        -0.3649151027202606,
                        -0.4113752543926239,
                        -0.3843619227409363,
                        -0.442493736743927,
                        -0.21754516661167145,
                        -0.1670706421136856,
                        -0.35414430499076843,
                        -0.3219717741012573
                    ],
                    [
                        -0.9925755858421326,
                        -0.649417519569397,
                        -0.6163826584815979,
                        -0.5822457671165466,
                        -0.6113319993019104,
                        -0.4236255884170532,
                        -0.5871869921684265,
                        -0.3349277973175049,
                        -0.3194456696510315,
                        -0.3922075033187866,
                        -0.2669612765312195,
                        -0.2805807292461395,
                        -0.29310789704322815,
                        -0.43826955556869507,
                        -0.35684043169021606,
                        -0.44332292675971985,
                        -0.21940995752811432,
                        -0.24566645920276642,
                        -0.09659581631422043,
                        -0.15174157917499542
                    ]
                ]
            ],
            "states": [
                [
                    [
                        1.0,
                        150000.0,
                        0.0,
                        10000.0,
                        0.0,
                        0.0,
                        12056198.0,
                        0.0
                    ],
                    [
                        1.0,
                        150000.0,
                        0.0,
                        10000.0,
                        0.0,
                        0.0,
                        12057698.0,
                        0.0
                    ],
                    [
                        0.0,
                        0.0,
                        165338800.0,
                        50000.0,
                        18401284096.0,
                        0.0,
                        11758369.0,
                        126.0
                    ],
                    [
                        0.0,
                        0.0,
                        165338800.0,
                        50000.0,
                        18566623232.0,
                        0.0,
                        11759869.0,
                        126.0
                    ],
                    [
                        1.0,
                        150000.0,
                        0.0,
                        30000.0,
                        0.0,
                        0.0,
                        12059198.0,
                        0.0
                    ],
                    [
                        1.0,
                        150000.0,
                        0.0,
                        10000.0,
                        0.0,
                        0.0,
                        12057698.0,
                        0.0
                    ],
                    [
                        0.0,
                        0.0,
                        165338800.0,
                        50000.0,
                        18401284096.0,
                        0.0,
                        11758369.0,
                        126.0
                    ],
                    [
                        0.0,
                        0.0,
                        165338800.0,
                        50000.0,
                        18566623232.0,
                        0.0,
                        11759869.0,
                        126.0
                    ],
                    [
                        1.0,
                        150000.0,
                        0.0,
                        30000.0,
                        0.0,
                        0.0,
                        12059198.0,
                        0.0
                    ],
                    [
                        0.0,
                        0.0,
                        165338800.0,
                        80000.0,
                        18731962368.0,
                        0.0,
                        11761369.0,
                        126.0
                    ],
                    [
                        1.0,
                        90000.0,
                        1924791.0,
                        50000.0,
                        26927402.0,
                        0.0,
                        12159698.0,
                        0.0
                    ],
                    [
                        1.0,
                        90000.0,
                        1924791.0,
                        50000.0,
                        28852192.0,
                        0.0,
                        12161198.0,
                        0.0
                    ],
                    [
                        1.0,
                        90000.0,
                        1924791.0,
                        50000.0,
                        30776984.0,
                        0.0,
                        12162698.0,
                        0.0
                    ],
                    [
                        0.0,
                        0.0,
                        330426592.0,
                        110000.0,
                        17889918976.0,
                        0.0,
                        11804105.0,
                        127.0
                    ],
                    [
                        0.0,
                        0.0,
                        330426592.0,
                        110000.0,
                        18220347392.0,
                        0.0,
                        11804157.0,
                        127.0
                    ],
                    [
                        1.0,
                        90000.0,
                        1924791.0,
                        50000.0,
                        28852192.0,
                        0.0,
                        12161198.0,
                        0.0
                    ],
                    [
                        1.0,
                        90000.0,
                        1924791.0,
                        50000.0,
                        30776984.0,
                        0.0,
                        12162698.0,
                        0.0
                    ],
                    [
                        0.0,
                        0.0,
                        330426592.0,
                        110000.0,
                        17889918976.0,
                        0.0,
                        11804105.0,
                        127.0
                    ],
                    [
                        0.0,
                        0.0,
                        330426592.0,
                        110000.0,
                        18220347392.0,
                        0.0,
                        11804157.0,
                        127.0
                    ],
                    [
                        0.0,
                        0.0,
                        330426592.0,
                        110000.0,
                        18550773760.0,
                        0.0,
                        11804209.0,
                        127.0
                    ]
                ]
            ],
            "actions": [
                [
                    [
                        0.3333333432674408
                    ],
                    [
                        0.3333333432674408
                    ],
                    [
                        1.0
                    ],
                    [
                        1.0
                    ],
                    [
                        0.3333333432674408
                    ],
                    [
                        0.3333333432674408
                    ],
                    [
                        1.0
                    ],
                    [
                        1.0
                    ],
                    [
                        0.3333333432674408
                    ],
                    [
                        0.6666666865348816
                    ],
                    [
                        0.3333333432674408
                    ],
                    [
                        0.3333333432674408
                    ],
                    [
                        0.3333333432674408
                    ],
                    [
                        0.3333333432674408
                    ],
                    [
                        0.3333333432674408
                    ],
                    [
                        0.3333333432674408
                    ],
                    [
                        0.3333333432674408
                    ],
                    [
                        0.3333333432674408
                    ],
                    [
                        0.3333333432674408
                    ],
                    [
                        0.6666666865348816
                    ]
                ]
            ],
            "returns": [
                [
                    [
                        0.018666666001081467
                    ],
                    [
                        0.01862500049173832
                    ],
                    [
                        0.018583333119750023
                    ],
                    [
                        0.01837499998509884
                    ],
                    [
                        0.018166666850447655
                    ],
                    [
                        0.018041666597127914
                    ],
                    [
                        0.017999999225139618
                    ],
                    [
                        0.017791666090488434
                    ],
                    [
                        0.01758333295583725
                    ],
                    [
                        0.01745833270251751
                    ],
                    [
                        0.017124999314546585
                    ],
                    [
                        0.0169166661798954
                    ],
                    [
                        0.016708333045244217
                    ],
                    [
                        0.016499999910593033
                    ],
                    [
                        0.016041666269302368
                    ],
                    [
                        0.015583333559334278
                    ],
                    [
                        0.015375000424683094
                    ],
                    [
                        0.015166666358709335
                    ],
                    [
                        0.014708333648741245
                    ],
                    [
                        0.01425000000745058
                    ]
                ]
            ],
            "timesteps": [
                [
                    1360,
                    1361,
                    1362,
                    1363,
                    1364,
                    1365,
                    1366,
                    1367,
                    1368,
                    1369,
                    1370,
                    1371,
                    1372,
                    1373,
                    1374,
                    1375,
                    1376,
                    1377,
                    1378,
                    1379
                ]
            ],
            "labels": [
                [
                    0,
                    0,
                    2,
                    2,
                    0,
                    0,
                    2,
                    2,
                    0,
                    1,
                    0,
                    0,
                    0,
                    0,
                    0,
                    0,
                    0,
                    0,
                    0,
                    1
                ]
            ],
            "CPU Usage": 4.6,
            "RAM Usage": 17.4,
            "GPU Usage": 74.0,
            "VRAM Usage": 15400.0,
            "Disk Read Speed (MB/s)": 75057177.68652344,
            "Disk Write Speed (MB/s)": 506878021.36816406
        },
        {
            "step": 2,
            "train_loss": 0.01383211463689804,
            "actions_pred1": [
                [
                    [
                        1.0100955963134766,
                        0.2077728509902954,
                        -1.1575723886489868
                    ],
                    [
                        1.205519676208496,
                        -0.4885156452655792,
                        -0.8903976082801819
                    ],
                    [
                        0.9872721433639526,
                        -0.6473743319511414,
                        -0.8544560670852661
                    ],
                    [
                        0.9359905123710632,
                        -0.4813474416732788,
                        -0.6481371521949768
                    ],
                    [
                        1.282105803489685,
                        -0.47869110107421875,
                        -0.696143627166748
                    ],
                    [
                        1.3691902160644531,
                        -0.476669579744339,
                        -0.6744531393051147
                    ],
                    [
                        1.7478388547897339,
                        -0.5399131178855896,
                        -0.4027669429779053
                    ],
                    [
                        1.9510328769683838,
                        -0.5233706831932068,
                        -0.4457048773765564
                    ],
                    [
                        1.819612741470337,
                        -0.4860082268714905,
                        -0.48857468366622925
                    ],
                    [
                        1.7602360248565674,
                        -0.21475954353809357,
                        -0.5026568174362183
                    ],
                    [
                        1.5934144258499146,
                        -0.43830132484436035,
                        -0.36200833320617676
                    ],
                    [
                        2.087913990020752,
                        -0.19399182498455048,
                        -0.19504143297672272
                    ],
                    [
                        1.9918264150619507,
                        -0.3191642761230469,
                        -0.4971355199813843
                    ],
                    [
                        1.7655867338180542,
                        -0.23662428557872772,
                        -0.5142265558242798
                    ],
                    [
                        1.9135662317276,
                        -0.0943809226155281,
                        -0.455396443605423
                    ],
                    [
                        1.5678731203079224,
                        -0.20208622515201569,
                        -0.6177151799201965
                    ],
                    [
                        1.8074630498886108,
                        -0.45305559039115906,
                        -0.5841649770736694
                    ],
                    [
                        1.6085745096206665,
                        -0.338181734085083,
                        -0.448469877243042
                    ],
                    [
                        1.7071081399917603,
                        -0.41156020760536194,
                        -0.4119489789009094
                    ],
                    [
                        2.033928394317627,
                        -0.4294452965259552,
                        -0.38136181235313416
                    ]
                ]
            ],
            "actions_pred": [
                [
                    [
                        1.0100955963134766,
                        1.205519676208496,
                        0.9872721433639526,
                        0.9359905123710632,
                        1.282105803489685,
                        1.3691902160644531,
                        1.7478388547897339,
                        1.9510328769683838,
                        1.819612741470337,
                        1.7602360248565674,
                        1.5934144258499146,
                        2.087913990020752,
                        1.9918264150619507,
