{
    "steps": [
        {
            "step": 0,
            "train_loss": 0.011134778149425983,
            "actions_pred1": [
                [
                    [
                        1.5699700117111206,
                        0.5806169509887695,
                        -1.5968847274780273
                    ],
                    [
                        1.6742925643920898,
                        0.20087218284606934,
                        -1.361501693725586
                    ],
                    [
                        2.061436653137207,
                        0.3212577998638153,
                        -1.61891508102417
                    ],
                    [
                        2.0463438034057617,
                        0.35263702273368835,
                        -1.6017173528671265
                    ],
                    [
                        2.236433744430542,
                        0.38235872983932495,
                        -1.8828282356262207
                    ],
                    [
                        2.4414479732513428,
                        0.07953675091266632,
                        -2.1059141159057617
                    ],
                    [
                        2.3048675060272217,
                        0.3635712265968323,
                        -2.1281776428222656
                    ],
                    [
                        2.659569501876831,
                        0.32373470067977905,
                        -1.7506109476089478
                    ],
                    [
                        2.4432456493377686,
                        0.22090953588485718,
                        -2.048842668533325
                    ],
                    [
                        2.5357675552368164,
                        0.3139961063861847,
                        -2.2287275791168213
                    ],
                    [
                        2.177971124649048,
                        0.35432571172714233,
                        -2.0168540477752686
                    ],
                    [
                        2.130936861038208,
                        0.5044737458229065,
                        -2.069631814956665
                    ],
                    [
                        2.2826740741729736,
                        0.18526789546012878,
                        -2.1022307872772217
                    ],
                    [
                        1.993497610092163,
                        0.5097856521606445,
                        -2.1430282592773438
                    ],
                    [
                        1.884482979774475,
                        0.4214014708995819,
                        -1.938507080078125
                    ],
                    [
                        1.6394327878952026,
                        0.5171944499015808,
                        -1.859054684638977
                    ],
                    [
                        1.6921210289001465,
                        0.27075496315956116,
                        -1.653090000152588
                    ],
                    [
                        1.740190863609314,
                        0.1316872537136078,
                        -1.659641981124878
                    ],
                    [
                        1.518367886543274,
                        0.2846408188343048,
                        -1.8131104707717896
                    ],
                    [
                        2.215789318084717,
                        0.2606740891933441,
                        -1.7886768579483032
                    ]
                ]
            ],
            "actions_pred": [
                [
                    [
                        1.5699700117111206,
                        1.6742925643920898,
                        2.061436653137207,
                        2.0463438034057617,
                        2.236433744430542,
                        2.4414479732513428,
                        2.3048675060272217,
                        2.659569501876831,
                        2.4432456493377686,
                        2.5357675552368164,
                        2.177971124649048,
                        2.130936861038208,
                        2.2826740741729736,
                        1.993497610092163,
                        1.884482979774475,
                        1.6394327878952026,
                        1.6921210289001465,
                        1.740190863609314,
                        1.518367886543274,
                        2.215789318084717
                    ],
                    [
                        0.5806169509887695,
                        0.20087218284606934,
                        0.3212577998638153,
                        0.35263702273368835,
                        0.38235872983932495,
                        0.07953675091266632,
                        0.3635712265968323,
                        0.32373470067977905,
                        0.22090953588485718,
                        0.3139961063861847,
                        0.35432571172714233,
                        0.5044737458229065,
                        0.18526789546012878,
                        0.5097856521606445,
                        0.4214014708995819,
                        0.5171944499015808,
                        0.27075496315956116,
                        0.1316872537136078,
                        0.2846408188343048,
                        0.2606740891933441
                    ],
                    [
                        -1.5968847274780273,
                        -1.361501693725586,
                        -1.61891508102417,
                        -1.6017173528671265,
                        -1.8828282356262207,
                        -2.1059141159057617,
                        -2.1281776428222656,
                        -1.7506109476089478,
                        -2.048842668533325,
                        -2.2287275791168213,
                        -2.0168540477752686,
                        -2.069631814956665,
                        -2.1022307872772217,
                        -2.1430282592773438,
                        -1.938507080078125,
                        -1.859054684638977,
                        -1.653090000152588,
                        -1.659641981124878,
                        -1.8131104707717896,
                        -1.7886768579483032
                    ]
                ]
            ],
            "states": [
                [
                    [
                        0.0,
                        0.0,
                        495378080.0,
                        110000.0,
                        16729457664.0,
                        0.0,
                        8510201.0,
                        102.0
                    ],
                    [
                        0.0,
                        0.0,
                        495378080.0,
                        110000.0,
                        17224835072.0,
                        0.0,
                        8510265.0,
                        102.0
                    ],
                    [
                        0.0,
                        0.0,
                        495378080.0,
                        110000.0,
                        17720213504.0,
                        0.0,
                        8510317.0,
                        102.0
                    ],
                    [
                        0.0,
                        0.0,
                        495378080.0,
                        110000.0,
                        18215591936.0,
                        0.0,
                        8511817.0,
                        102.0
                    ],
                    [
                        0.0,
                        0.0,
                        495378080.0,
                        110000.0,
                        18710970368.0,
                        0.0,
                        8513317.0,
                        102.0
                    ],
                    [
                        0.0,
                        0.0,
                        265865776.0,
                        70000.0,
                        8205485568.0,
                        0.0,
                        8520729.0,
                        103.0
                    ],
                    [
                        0.0,
                        0.0,
                        265865776.0,
                        70000.0,
                        8471351296.0,
                        0.0,
                        8520781.0,
                        103.0
                    ],
                    [
                        0.0,
                        0.0,
                        265865776.0,
                        70000.0,
                        8737216512.0,
                        0.0,
                        8520833.0,
                        103.0
                    ],
                    [
                        0.0,
                        0.0,
                        265865776.0,
                        70000.0,
                        9003082752.0,
                        0.0,
                        8520885.0,
                        103.0
                    ],
                    [
                        0.0,
                        0.0,
                        265865776.0,
                        70000.0,
                        9268948992.0,
                        0.0,
                        8520937.0,
                        103.0
                    ],
                    [
                        0.0,
                        0.0,
                        265865776.0,
                        70000.0,
                        8471351296.0,
                        0.0,
                        8520781.0,
                        103.0
                    ],
                    [
                        0.0,
                        0.0,
                        265865776.0,
                        70000.0,
                        8737216512.0,
                        0.0,
                        8520833.0,
                        103.0
                    ],
                    [
                        0.0,
                        0.0,
                        265865776.0,
                        70000.0,
                        9003082752.0,
                        0.0,
                        8520885.0,
                        103.0
                    ],
                    [
                        0.0,
                        0.0,
                        265865776.0,
                        70000.0,
                        9268948992.0,
                        0.0,
                        8520937.0,
                        103.0
                    ],
                    [
                        0.0,
                        0.0,
                        265865776.0,
                        70000.0,
                        0.0,
                        0.0,
                        8520989.0,
                        103.0
                    ],
                    [
                        1.0,
                        150000.0,
                        0.0,
                        10000.0,
                        0.0,
                        0.0,
                        9291646.0,
                        0.0
                    ],
                    [
                        1.0,
                        150000.0,
                        0.0,
                        10000.0,
                        0.0,
                        0.0,
                        9293146.0,
                        0.0
                    ],
                    [
                        1.0,
                        150000.0,
                        0.0,
                        10000.0,
                        0.0,
                        0.0,
                        9294646.0,
                        0.0
                    ],
                    [
                        1.0,
                        150000.0,
                        0.0,
                        10000.0,
                        0.0,
                        0.0,
                        9296146.0,
                        0.0
                    ],
                    [
                        0.0,
                        0.0,
                        245733104.0,
                        40000.0,
                        18121478144.0,
                        0.0,
                        8550589.0,
                        104.0
                    ]
                ]
            ],
            "actions": [
                [
                    [
                        0.3333333432674408
                    ],
                    [
                        0.3333333432674408
                    ],
                    [
                        0.3333333432674408
                    ],
                    [
                        0.3333333432674408
                    ],
                    [
                        0.6666666865348816
                    ],
                    [
                        0.3333333432674408
                    ],
                    [
                        0.3333333432674408
                    ],
                    [
                        0.3333333432674408
                    ],
                    [
                        0.3333333432674408
                    ],
                    [
                        0.3333333432674408
                    ],
                    [
                        0.3333333432674408
                    ],
                    [
                        0.3333333432674408
                    ],
                    [
                        0.3333333432674408
                    ],
                    [
                        0.3333333432674408
                    ],
                    [
                        0.6666666865348816
                    ],
                    [
                        0.3333333432674408
                    ],
                    [
                        0.3333333432674408
                    ],
                    [
                        0.3333333432674408
                    ],
                    [
                        0.3333333432674408
                    ],
                    [
                        0.3333333432674408
                    ]
                ]
            ],
            "returns": [
                [
                    [
                        0.12141666561365128
                    ],
                    [
                        0.12095833569765091
                    ],
                    [
                        0.12049999833106995
                    ],
                    [
                        0.12004166841506958
                    ],
                    [
                        0.11958333104848862
                    ],
                    [
                        0.11912500113248825
                    ],
                    [
                        0.11883333325386047
                    ],
                    [
                        0.1185416653752327
                    ],
                    [
                        0.11824999749660492
                    ],
                    [
                        0.11795832961797714
                    ],
                    [
                        0.11766666918992996
                    ],
                    [
                        0.11737500131130219
                    ],
                    [
                        0.11708333343267441
                    ],
                    [
                        0.11679166555404663
                    ],
                    [
                        0.11649999767541885
                    ],
                    [
                        0.11620832979679108
                    ],
                    [
                        0.11616666615009308
                    ],
                    [
                        0.11612500250339508
                    ],
                    [
                        0.11608333140611649
                    ],
                    [
                        0.11604166775941849
                    ]
                ]
            ],
            "timesteps": [
                [
                    1060,
                    1061,
                    1062,
                    1063,
                    1064,
                    1065,
                    1066,
                    1067,
                    1068,
                    1069,
                    1070,
                    1071,
                    1072,
                    1073,
                    1074,
                    1075,
                    1076,
                    1077,
                    1078,
                    1079
                ]
            ],
            "labels": [
                [
                    0,
                    0,
                    0,
                    0,
                    1,
                    0,
                    0,
                    0,
                    0,
                    0,
                    0,
                    0,
                    0,
                    0,
                    1,
                    0,
                    0,
                    0,
                    0,
                    0
                ]
            ],
            "CPU Usage": 4.1,
            "RAM Usage": 17.4,
            "GPU Usage": 24.0,
            "VRAM Usage": 15400.0,
            "Disk Read Speed (MB/s)": 75057177.68652344,
            "Disk Write Speed (MB/s)": 506878087.45410156
        },
        {
            "step": 1,
            "train_loss": 0.010019974783062935,
            "actions_pred1": [
                [
                    [
                        2.1602866649627686,
                        -0.2868809103965759,
                        -1.4322359561920166
                    ],
                    [
                        2.2497944831848145,
                        0.012145846150815487,
                        -1.488308310508728
                    ],
                    [
                        2.1465604305267334,
                        -0.15798413753509521,
                        -1.6805133819580078
                    ],
                    [
                        2.374448537826538,
                        -0.047675758600234985,
                        -2.241762399673462
                    ],
                    [
                        2.545725107192993,
                        0.08506819605827332,
                        -1.821921944618225
                    ],
                    [
                        2.2831099033355713,
                        0.304004967212677,
                        -1.7451039552688599
                    ],
                    [
                        2.2977612018585205,
                        0.24953123927116394,
                        -1.8939526081085205
                    ],
                    [
                        2.4039082527160645,
                        0.12815456092357635,
                        -2.0885987281799316
                    ],
                    [
                        2.223543405532837,
                        0.30375513434410095,
                        -1.9583271741867065
                    ],
                    [
                        2.0595927238464355,
                        0.25694283843040466,
                        -1.8112808465957642
                    ],
                    [
                        2.2094199657440186,
                        0.04142487049102783,
                        -1.9158872365951538
                    ],
                    [
                        2.3146398067474365,
                        0.037390440702438354,
                        -2.053882360458374
                    ],
                    [
                        2.448124885559082,
                        0.06590938568115234,
                        -1.9734913110733032
                    ],
                    [
                        2.330395460128784,
                        0.27142563462257385,
                        -1.9908745288848877
                    ],
                    [
                        2.0725481510162354,
                        0.32114946842193604,
                        -2.144946813583374
                    ],
                    [
                        2.1353089809417725,
                        0.2891367971897125,
                        -2.051680564880371
                    ],
                    [
                        2.2861056327819824,
                        0.13678096234798431,
                        -1.9293321371078491
                    ],
                    [
                        2.003319501876831,
                        0.5582093000411987,
                        -1.5856504440307617
                    ],
                    [
                        1.9522266387939453,
                        0.31311339139938354,
                        -1.578204870223999
                    ],
                    [
                        2.083744764328003,
                        0.2379647195339203,
                        -1.5250897407531738
                    ]
                ]
            ],
            "actions_pred": [
                [
                    [
                        2.1602866649627686,
                        2.2497944831848145,
                        2.1465604305267334,
                        2.374448537826538,
                        2.545725107192993,
                        2.2831099033355713,
                        2.2977612018585205,
                        2.4039082527160645,
                        2.223543405532837,
                        2.0595927238464355,
                        2.2094199657440186,
                        2.3146398067474365,
                        2.448124885559082,
                        2.330395460128784,
                        2.0725481510162354,
                        2.1353089809417725,
                        2.2861056327819824,
                        2.003319501876831,
                        1.9522266387939453,
                        2.083744764328003
                    ],
                    [
                        -0.2868809103965759,
                        0.012145846150815487,
                        -0.15798413753509521,
                        -0.047675758600234985,
                        0.08506819605827332,
                        0.304004967212677,
                        0.24953123927116394,
                        0.12815456092357635,
                        0.30375513434410095,
                        0.25694283843040466,
                        0.04142487049102783,
                        0.037390440702438354,
                        0.06590938568115234,
                        0.27142563462257385,
                        0.32114946842193604,
                        0.2891367971897125,
                        0.13678096234798431,
                        0.5582093000411987,
                        0.31311339139938354,
                        0.2379647195339203
                    ],
                    [
                        -1.4322359561920166,
                        -1.488308310508728,
                        -1.6805133819580078,
                        -2.241762399673462,
                        -1.821921944618225,
                        -1.7451039552688599,
                        -1.8939526081085205,
                        -2.0885987281799316,
                        -1.9583271741867065,
                        -1.8112808465957642,
                        -1.9158872365951538,
                        -2.053882360458374,
                        -1.9734913110733032,
                        -1.9908745288848877,
                        -2.144946813583374,
                        -2.051680564880371,
                        -1.9293321371078491,
                        -1.5856504440307617,
                        -1.578204870223999,
                        -1.5250897407531738
                    ]
                ]
            ],
            "states": [
                [
                    [
                        1.0,
                        120000.0,
                        729414.0,
                        60000.0,
                        1696698.0,
                        0.0,
                        11064698.0,
                        0.0
                    ],
                    [
                        1.0,
                        120000.0,
                        729414.0,
                        60000.0,
                        2426112.0,
                        0.0,
                        11066198.0,
                        0.0
                    ],
                    [
                        1.0,
                        120000.0,
                        729414.0,
                        60000.0,
                        3155526.0,
                        0.0,
                        11067698.0,
                        0.0
                    ],
                    [
                        0.0,
                        0.0,
                        222010400.0,
                        60000.0,
                        18001633280.0,
                        0.0,
                        10331613.0,
                        120.0
                    ],
                    [
                        0.0,
                        0.0,
                        222010400.0,
                        60000.0,
                        18223642624.0,
                        0.0,
                        10331665.0,
                        120.0
                    ],
                    [
                        1.0,
                        120000.0,
                        729414.0,
                        60000.0,
                        2426112.0,
                        0.0,
                        11066198.0,
                        0.0
                    ],
                    [
                        1.0,
                        120000.0,
                        729414.0,
                        60000.0,
                        3155526.0,
                        0.0,
                        11067698.0,
                        0.0
                    ],
                    [
                        0.0,
                        0.0,
                        222010400.0,
                        60000.0,
                        18001633280.0,
                        0.0,
                        10331613.0,
                        120.0
                    ],
                    [
                        0.0,
                        0.0,
                        222010400.0,
                        60000.0,
                        18223642624.0,
                        0.0,
                        10331665.0,
                        120.0
                    ],
                    [
                        0.0,
                        0.0,
                        222010400.0,
                        60000.0,
                        18445654016.0,
                        0.0,
                        10331729.0,
                        120.0
                    ],
                    [
                        0.0,
                        0.0,
                        93532320.0,
                        90000.0,
                        8378770944.0,
                        0.0,
                        11201253.0,
                        121.0
                    ],
                    [
                        0.0,
                        0.0,
                        93532320.0,
                        90000.0,
                        8472303104.0,
                        0.0,
                        11202753.0,
                        121.0
                    ],
                    [
                        0.0,
                        0.0,
                        93532320.0,
                        90000.0,
                        8565835264.0,
                        0.0,
                        11202805.0,
                        121.0
                    ],
                    [
                        0.0,
                        0.0,
                        93532320.0,
                        90000.0,
                        8659367936.0,
                        0.0,
                        11202857.0,
                        121.0
                    ],
                    [
                        0.0,
                        0.0,
                        93532320.0,
                        90000.0,
                        8752900096.0,
                        0.0,
                        11202909.0,
                        121.0
                    ],
                    [
                        0.0,
                        0.0,
                        93532320.0,
                        90000.0,
                        8472303104.0,
                        0.0,
                        11202753.0,
                        121.0
                    ],
                    [
                        0.0,
                        0.0,
                        93532320.0,
                        90000.0,
                        8565835264.0,
                        0.0,
                        11202805.0,
                        121.0
                    ],
                    [
                        0.0,
                        0.0,
                        93532320.0,
                        90000.0,
                        8659367936.0,
                        0.0,
                        11202857.0,
                        121.0
                    ],
                    [
                        0.0,
                        0.0,
                        93532320.0,
                        90000.0,
                        8752900096.0,
                        0.0,
                        11202909.0,
                        121.0
                    ],
                    [
                        0.0,
                        0.0,
                        93532320.0,
                        90000.0,
                        0.0,
                        0.0,
                        11202961.0,
                        121.0
                    ]
                ]
            ],
            "actions": [
                [
                    [
                        0.3333333432674408
                    ],
                    [
                        0.3333333432674408
                    ],
                    [
                        0.3333333432674408
                    ],
                    [
                        0.3333333432674408
                    ],
                    [
                        0.3333333432674408
                    ],
                    [
                        0.3333333432674408
                    ],
                    [
                        0.3333333432674408
                    ],
                    [
                        0.3333333432674408
                    ],
                    [
                        0.3333333432674408
                    ],
                    [
                        0.6666666865348816
                    ],
                    [
                        0.3333333432674408
                    ],
                    [
                        0.3333333432674408
                    ],
                    [
                        0.3333333432674408
                    ],
                    [
                        0.3333333432674408
                    ],
                    [
                        0.3333333432674408
                    ],
                    [
                        0.3333333432674408
                    ],
                    [
                        0.3333333432674408
                    ],
                    [
                        0.3333333432674408
                    ],
                    [
                        0.3333333432674408
                    ],
                    [
                        0.6666666865348816
                    ]
                ]
            ],
            "returns": [
                [
                    [
                        0.048124998807907104
                    ],
                    [
                        0.047874998301267624
                    ],
                    [
                        0.04762500151991844
                    ],
                    [
                        0.04737500101327896
                    ],
                    [
                        0.04712500050663948
                    ],
                    [
                        0.046875
                    ],
                    [
                        0.04662499949336052
                    ],
                    [
                        0.04637499898672104
                    ],
                    [
                        0.04612499848008156
                    ],
                    [
                        0.045875001698732376
                    ],
                    [
                        0.045625001192092896
                    ],
                    [
                        0.045249998569488525
                    ],
                    [
                        0.044874999672174454
                    ],
                    [
                        0.04450000077486038
                    ],
                    [
                        0.04412499815225601
                    ],
                    [
                        0.04374999925494194
                    ],
                    [
                        0.04337500035762787
                    ],
                    [
                        0.0430000014603138
                    ],
                    [
                        0.04262499883770943
                    ],
                    [
                        0.042249999940395355
                    ]
                ]
            ],
            "timesteps": [
                [
                    1260,
                    1261,
                    1262,
                    1263,
                    1264,
                    1265,
                    1266,
                    1267,
                    1268,
                    1269,
                    1270,
                    1271,
                    1272,
                    1273,
                    1274,
                    1275,
                    1276,
                    1277,
                    1278,
                    1279
                ]
            ],
            "labels": [
                [
                    0,
                    0,
                    0,
                    0,
                    0,
                    0,
                    0,
                    0,
                    0,
                    1,
                    0,
                    0,
                    0,
                    0,
                    0,
                    0,
                    0,
                    0,
                    0,
                    1
                ]
            ],
            "CPU Usage": 4.0,
            "RAM Usage": 17.4,
            "GPU Usage": 62.0,
            "VRAM Usage": 15400.0,
            "Disk Read Speed (MB/s)": 75057177.68652344,
            "Disk Write Speed (MB/s)": 506878087.45410156
        },
        {
            "step": 2,
            "train_loss": 0.009139655157923698,
            "actions_pred1": [
                [
                    [
                        2.443214178085327,
                        0.21321207284927368,
                        -1.61962890625
                    ],
                    [
                        2.459357261657715,
                        0.3309671878814697,
                        -1.317874789237976
                    ],
                    [
                        2.3241219520568848,
                        0.1570330560207367,
                        -1.4801276922225952
                    ],
                    [
                        2.488025426864624,
                        0.015115081332623959,
                        -1.2988390922546387
                    ],
                    [
                        2.0470170974731445,
                        0.31390145421028137,
                        -1.2478225231170654
                    ],
                    [
                        2.2262516021728516,
                        0.07796591520309448,
                        -1.172042727470398
                    ],
                    [
                        2.6037755012512207,
                        -0.07266169786453247,
                        -1.6465129852294922
                    ],
                    [
                        2.6560473442077637,
                        -0.009204254485666752,
                        -1.567015290260315
                    ],
                    [
                        2.321056842803955,
                        -0.05796456336975098,
                        -1.6310793161392212
                    ],
                    [
                        2.286003589630127,
                        -0.12389203906059265,
                        -1.3908452987670898
                    ],
                    [
                        2.065666913986206,
                        -0.10272273421287537,
                        -1.6386200189590454
                    ],
                    [
                        2.247079610824585,
                        0.20977424085140228,
                        -1.536094307899475
                    ],
                    [
                        2.3535315990448,
                        0.24327683448791504,
                        -1.4759116172790527
                    ],
                    [
                        2.4634878635406494,
                        0.07815498113632202,
                        -1.5862866640090942
                    ],
                    [
                        2.163853645324707,
                        0.4821068346500397,
                        -1.6258208751678467
                    ],
                    [
                        2.355712652206421,
                        0.36599406599998474,
                        -1.52260422706604
                    ],
                    [
                        2.535940170288086,
                        0.1763737052679062,
                        -1.5530574321746826
                    ],
                    [
                        2.6442148685455322,
                        0.27269506454467773,
                        -1.9458050727844238
                    ],
                    [
                        2.5876104831695557,
                        -0.03231179714202881,
                        -1.646233320236206
                    ],
                    [
                        2.449272871017456,
                        0.17783793807029724,
                        -1.7515555620193481
                    ]
                ]
            ],
            "actions_pred": [
                [
                    [
                        2.443214178085327,
                        2.459357261657715,
                        2.3241219520568848,
                        2.488025426864624,
                        2.0470170974731445,
                        2.2262516021728516,
                        2.6037755012512207,
                        2.6560473442077637,
                        2.321056842803955,
                        2.286003589630127,
                        2.065666913986206,
                        2.247079610824585,
                        2.3535315990448,
                        2.4634878635406494,
