{
    "steps": [
        {
            "step": 0,
            "train_loss": 0.009212585166096687,
            "actions_pred1": [
                [
                    [
                        2.143718957901001,
                        0.23080284893512726,
                        -2.021653175354004
                    ],
                    [
                        2.2322371006011963,
                        0.5737935304641724,
                        -1.9508171081542969
                    ],
                    [
                        2.1640758514404297,
                        0.36604008078575134,
                        -1.9841464757919312
                    ],
                    [
                        2.4431748390197754,
                        0.38887691497802734,
                        -2.0454132556915283
                    ],
                    [
                        1.9341434240341187,
                        0.49145475029945374,
                        -1.9506666660308838
                    ],
                    [
                        2.176847457885742,
                        0.31801047921180725,
                        -1.8070335388183594
                    ],
                    [
                        1.9640967845916748,
                        0.42779481410980225,
                        -2.072286367416382
                    ],
                    [
                        2.2610578536987305,
                        0.2945786714553833,
                        -1.8096792697906494
                    ],
                    [
                        2.5312912464141846,
                        0.2123972475528717,
                        -1.9235872030258179
                    ],
                    [
                        2.452705144882202,
                        0.4484744668006897,
                        -1.6416372060775757
                    ],
                    [
                        2.6447925567626953,
                        0.2698570787906647,
                        -1.7157871723175049
                    ],
                    [
                        2.5566298961639404,
                        0.3083252012729645,
                        -1.7030518054962158
                    ],
                    [
                        2.3837640285491943,
                        0.29477933049201965,
                        -1.6361408233642578
                    ],
                    [
                        2.6225154399871826,
                        0.45228198170661926,
                        -1.7459393739700317
                    ],
                    [
                        2.1566171646118164,
                        0.5243527889251709,
                        -1.33340322971344
                    ],
                    [
                        2.3927252292633057,
                        0.39501526951789856,
                        -1.5195157527923584
                    ],
                    [
                        2.4926977157592773,
                        0.23255349695682526,
                        -1.9006352424621582
                    ],
                    [
                        2.7465949058532715,
                        0.25363224744796753,
                        -1.9811646938323975
                    ],
                    [
                        2.9145495891571045,
                        0.24358618259429932,
                        -1.6294305324554443
                    ],
                    [
                        2.666207790374756,
                        0.365127295255661,
                        -1.694495677947998
                    ]
                ]
            ],
            "actions_pred": [
                [
                    [
                        2.143718957901001,
                        2.2322371006011963,
                        2.1640758514404297,
                        2.4431748390197754,
                        1.9341434240341187,
                        2.176847457885742,
                        1.9640967845916748,
                        2.2610578536987305,
                        2.5312912464141846,
                        2.452705144882202,
                        2.6447925567626953,
                        2.5566298961639404,
                        2.3837640285491943,
                        2.6225154399871826,
                        2.1566171646118164,
                        2.3927252292633057,
                        2.4926977157592773,
                        2.7465949058532715,
                        2.9145495891571045,
                        2.666207790374756
                    ],
                    [
                        0.23080284893512726,
                        0.5737935304641724,
                        0.36604008078575134,
                        0.38887691497802734,
                        0.49145475029945374,
                        0.31801047921180725,
                        0.42779481410980225,
                        0.2945786714553833,
                        0.2123972475528717,
                        0.4484744668006897,
                        0.2698570787906647,
                        0.3083252012729645,
                        0.29477933049201965,
                        0.45228198170661926,
                        0.5243527889251709,
                        0.39501526951789856,
                        0.23255349695682526,
                        0.25363224744796753,
                        0.24358618259429932,
                        0.365127295255661
                    ],
                    [
                        -2.021653175354004,
                        -1.9508171081542969,
                        -1.9841464757919312,
                        -2.0454132556915283,
                        -1.9506666660308838,
                        -1.8070335388183594,
                        -2.072286367416382,
                        -1.8096792697906494,
                        -1.9235872030258179,
                        -1.6416372060775757,
                        -1.7157871723175049,
                        -1.7030518054962158,
                        -1.6361408233642578,
                        -1.7459393739700317,
                        -1.33340322971344,
                        -1.5195157527923584,
                        -1.9006352424621582,
                        -1.9811646938323975,
                        -1.6294305324554443,
                        -1.694495677947998
                    ]
                ]
            ],
            "states": [
                [
                    [
                        0.0,
                        0.0,
                        277798560.0,
                        160000.0,
                        10248473600.0,
                        0.0,
                        6056817.0,
                        39.0
                    ],
                    [
                        0.0,
                        0.0,
                        277798560.0,
                        160000.0,
                        10526271488.0,
                        0.0,
                        6056869.0,
                        39.0
                    ],
                    [
                        0.0,
                        0.0,
                        277798560.0,
                        160000.0,
                        10804070400.0,
                        0.0,
                        6056921.0,
                        39.0
                    ],
                    [
                        0.0,
                        0.0,
                        277798560.0,
                        160000.0,
                        11081869312.0,
                        0.0,
                        6056973.0,
                        39.0
                    ],
                    [
                        0.0,
                        0.0,
                        277798560.0,
                        160000.0,
                        0.0,
                        0.0,
                        6057025.0,
                        39.0
                    ],
                    [
                        0.0,
                        0.0,
                        244244144.0,
                        90000.0,
                        3175173888.0,
                        0.0,
                        6064941.0,
                        40.0
                    ],
                    [
                        0.0,
                        0.0,
                        244244144.0,
                        90000.0,
                        3419418112.0,
                        0.0,
                        6066441.0,
                        40.0
                    ],
                    [
                        0.0,
                        0.0,
                        244244144.0,
                        90000.0,
                        3663662080.0,
                        0.0,
                        6066493.0,
                        40.0
                    ],
                    [
                        0.0,
                        0.0,
                        244244144.0,
                        90000.0,
                        3907906304.0,
                        0.0,
                        6066545.0,
                        40.0
                    ],
                    [
                        0.0,
                        0.0,
                        244244144.0,
                        90000.0,
                        4152150528.0,
                        0.0,
                        6068045.0,
                        40.0
                    ],
                    [
                        0.0,
                        0.0,
                        244244144.0,
                        90000.0,
                        3419418112.0,
                        0.0,
                        6066441.0,
                        40.0
                    ],
                    [
                        0.0,
                        0.0,
                        244244144.0,
                        90000.0,
                        3663662080.0,
                        0.0,
                        6066493.0,
                        40.0
                    ],
                    [
                        0.0,
                        0.0,
                        244244144.0,
                        90000.0,
                        3907906304.0,
                        0.0,
                        6066545.0,
                        40.0
                    ],
                    [
                        0.0,
                        0.0,
                        244244144.0,
                        90000.0,
                        4152150528.0,
                        0.0,
                        6068045.0,
                        40.0
                    ],
                    [
                        0.0,
                        0.0,
                        244244144.0,
                        90000.0,
                        0.0,
                        0.0,
                        6069545.0,
                        40.0
                    ],
                    [
                        0.0,
                        0.0,
                        244244144.0,
                        100000.0,
                        8304301056.0,
                        0.0,
                        6108961.0,
                        41.0
                    ],
                    [
                        0.0,
                        0.0,
                        244244144.0,
                        100000.0,
                        8548545024.0,
                        0.0,
                        6110461.0,
                        41.0
                    ],
                    [
                        0.0,
                        0.0,
                        244244144.0,
                        100000.0,
                        8792788992.0,
                        0.0,
                        6111961.0,
                        41.0
                    ],
                    [
                        0.0,
                        0.0,
                        244244144.0,
                        100000.0,
                        9037033472.0,
                        0.0,
                        6113461.0,
                        41.0
                    ],
                    [
                        0.0,
                        0.0,
                        244244144.0,
                        100000.0,
                        9281277952.0,
                        0.0,
                        6114961.0,
                        41.0
                    ]
                ]
            ],
            "actions": [
                [
                    [
                        0.3333333432674408
                    ],
                    [
                        0.3333333432674408
                    ],
                    [
                        0.3333333432674408
                    ],
                    [
                        0.3333333432674408
                    ],
                    [
                        0.6666666865348816
                    ],
                    [
                        0.3333333432674408
                    ],
                    [
                        0.3333333432674408
                    ],
                    [
                        0.3333333432674408
                    ],
                    [
                        0.3333333432674408
                    ],
                    [
                        0.3333333432674408
                    ],
                    [
                        0.3333333432674408
                    ],
                    [
                        0.3333333432674408
                    ],
                    [
                        0.3333333432674408
                    ],
                    [
                        0.3333333432674408
                    ],
                    [
                        0.6666666865348816
                    ],
                    [
                        0.3333333432674408
                    ],
                    [
                        0.3333333432674408
                    ],
                    [
                        0.3333333432674408
                    ],
                    [
                        0.3333333432674408
                    ],
                    [
                        0.3333333432674408
                    ]
                ]
            ],
            "returns": [
                [
                    [
                        0.40837499499320984
                    ],
                    [
                        0.4077083468437195
                    ],
                    [
                        0.40704166889190674
                    ],
                    [
                        0.406374990940094
                    ],
                    [
                        0.40570834279060364
                    ],
                    [
                        0.4050416648387909
                    ],
                    [
                        0.4046666622161865
                    ],
                    [
                        0.40429165959358215
                    ],
                    [
                        0.4039166569709778
                    ],
                    [
                        0.4035416543483734
                    ],
                    [
                        0.40316668152809143
                    ],
                    [
                        0.40279167890548706
                    ],
                    [
                        0.4024166762828827
                    ],
                    [
                        0.4020416736602783
                    ],
                    [
                        0.40166667103767395
                    ],
                    [
                        0.4012916684150696
                    ],
                    [
                        0.4008750021457672
                    ],
                    [
                        0.40045833587646484
                    ],
                    [
                        0.4000416696071625
                    ],
                    [
                        0.3996250033378601
                    ]
                ]
            ],
            "timesteps": [
                [
                    400,
                    401,
                    402,
                    403,
                    404,
                    405,
                    406,
                    407,
                    408,
                    409,
                    410,
                    411,
                    412,
                    413,
                    414,
                    415,
                    416,
                    417,
                    418,
                    419
                ]
            ],
            "labels": [
                [
                    0,
                    0,
                    0,
                    0,
                    1,
                    0,
                    0,
                    0,
                    0,
                    0,
                    0,
                    0,
                    0,
                    0,
                    1,
                    0,
                    0,
                    0,
                    0,
                    0
                ]
            ],
            "CPU Usage": 4.1,
            "RAM Usage": 17.4,
            "GPU Usage": 41.0,
            "VRAM Usage": 15400.0,
            "Disk Read Speed (MB/s)": 75057177.68652344,
            "Disk Write Speed (MB/s)": 506878095.3017578
        },
        {
            "step": 1,
            "train_loss": 0.009453488513827324,
            "actions_pred1": [
                [
                    [
                        1.9671438932418823,
                        -0.023514892905950546,
                        -1.3632476329803467
                    ],
                    [
                        1.863200306892395,
                        -0.23911654949188232,
                        -1.2688119411468506
                    ],
                    [
                        2.4761977195739746,
                        -0.06454607844352722,
                        -1.6689926385879517
                    ],
                    [
                        2.4718503952026367,
                        -0.02042197808623314,
                        -2.1570804119110107
                    ],
                    [
                        2.09997296333313,
                        0.13516904413700104,
                        -1.782755732536316
                    ],
                    [
                        2.6698732376098633,
                        -0.030751492828130722,
                        -1.360671877861023
                    ],
                    [
                        2.512950897216797,
                        -0.07977339625358582,
                        -1.6394410133361816
                    ],
                    [
                        2.2604477405548096,
                        -0.11512216925621033,
                        -1.8517868518829346
                    ],
                    [
                        2.4857430458068848,
                        0.02346067503094673,
                        -1.5861332416534424
                    ],
                    [
                        2.724719762802124,
                        -0.046268340200185776,
                        -1.5167582035064697
                    ],
                    [
                        2.45772385597229,
                        -0.05917369946837425,
                        -1.760322093963623
                    ],
                    [
                        2.867629051208496,
                        -0.07397064566612244,
                        -2.052297353744507
                    ],
                    [
                        2.35178804397583,
                        0.16317707300186157,
                        -1.930942177772522
                    ],
                    [
                        2.6261987686157227,
                        0.28251102566719055,
                        -1.5556401014328003
                    ],
                    [
                        2.293835401535034,
                        0.24545463919639587,
                        -1.4937186241149902
                    ],
                    [
                        2.4570369720458984,
                        0.17592081427574158,
                        -1.7198281288146973
                    ],
                    [
                        2.59592342376709,
                        -0.018542718142271042,
                        -1.9952547550201416
                    ],
                    [
                        2.414259195327759,
                        0.07455375790596008,
                        -2.049551248550415
                    ],
                    [
                        2.742547035217285,
                        0.006991076283156872,
                        -1.9680728912353516
                    ],
                    [
                        2.775775671005249,
                        0.04322684183716774,
                        -1.7086148262023926
                    ]
                ]
            ],
            "actions_pred": [
                [
                    [
                        1.9671438932418823,
                        1.863200306892395,
                        2.4761977195739746,
                        2.4718503952026367,
                        2.09997296333313,
                        2.6698732376098633,
                        2.512950897216797,
                        2.2604477405548096,
                        2.4857430458068848,
                        2.724719762802124,
                        2.45772385597229,
                        2.867629051208496,
                        2.35178804397583,
                        2.6261987686157227,
                        2.293835401535034,
                        2.4570369720458984,
                        2.59592342376709,
                        2.414259195327759,
                        2.742547035217285,
                        2.775775671005249
                    ],
                    [
                        -0.023514892905950546,
                        -0.23911654949188232,
                        -0.06454607844352722,
                        -0.02042197808623314,
                        0.13516904413700104,
                        -0.030751492828130722,
                        -0.07977339625358582,
                        -0.11512216925621033,
                        0.02346067503094673,
                        -0.046268340200185776,
                        -0.05917369946837425,
                        -0.07397064566612244,
                        0.16317707300186157,
                        0.28251102566719055,
                        0.24545463919639587,
                        0.17592081427574158,
                        -0.018542718142271042,
                        0.07455375790596008,
                        0.006991076283156872,
                        0.04322684183716774
                    ],
                    [
                        -1.3632476329803467,
                        -1.2688119411468506,
                        -1.6689926385879517,
                        -2.1570804119110107,
                        -1.782755732536316,
                        -1.360671877861023,
                        -1.6394410133361816,
                        -1.8517868518829346,
                        -1.5861332416534424,
                        -1.5167582035064697,
                        -1.760322093963623,
                        -2.052297353744507,
                        -1.930942177772522,
                        -1.5556401014328003,
                        -1.4937186241149902,
                        -1.7198281288146973,
                        -1.9952547550201416,
                        -2.049551248550415,
                        -1.9680728912353516,
                        -1.7086148262023926
                    ]
                ]
            ],
            "states": [
                [
                    [
                        1.0,
                        150000.0,
                        0.0,
                        10000.0,
                        0.0,
                        0.0,
                        2358646.0,
                        0.0
                    ],
                    [
                        1.0,
                        150000.0,
                        0.0,
                        10000.0,
                        0.0,
                        0.0,
                        2360146.0,
                        0.0
                    ],
                    [
                        0.0,
                        0.0,
                        375972800.0,
                        110000.0,
                        8303776768.0,
                        0.0,
                        3231205.0,
                        19.0
                    ],
                    [
                        0.0,
                        0.0,
                        375972800.0,
                        110000.0,
                        8679749632.0,
                        0.0,
                        3232705.0,
                        19.0
                    ],
                    [
                        0.0,
                        0.0,
                        375972800.0,
                        110000.0,
                        0.0,
                        0.0,
                        3234205.0,
                        19.0
                    ],
                    [
                        1.0,
                        135000.0,
                        12451.0,
                        10000.0,
                        186765.0,
                        0.0,
                        2391646.0,
                        0.0
                    ],
                    [
                        0.0,
                        0.0,
                        375972800.0,
                        110000.0,
                        5263619072.0,
                        0.0,
                        3250861.0,
                        20.0
                    ],
                    [
                        0.0,
                        0.0,
                        375972800.0,
                        110000.0,
                        5639591936.0,
                        0.0,
                        3250913.0,
                        20.0
                    ],
                    [
                        0.0,
                        0.0,
                        375972800.0,
                        110000.0,
                        6015564800.0,
                        0.0,
                        3252413.0,
                        20.0
                    ],
                    [
                        0.0,
                        0.0,
                        375972800.0,
                        110000.0,
                        6391537664.0,
                        0.0,
                        3253913.0,
                        20.0
                    ],
                    [
                        0.0,
                        0.0,
                        375972800.0,
                        110000.0,
                        5263619072.0,
                        0.0,
                        3250861.0,
                        20.0
                    ],
                    [
                        0.0,
                        0.0,
                        375972800.0,
                        110000.0,
                        5639591936.0,
                        0.0,
                        3250913.0,
                        20.0
                    ],
                    [
                        0.0,
                        0.0,
                        375972800.0,
                        110000.0,
                        6015564800.0,
                        0.0,
                        3252413.0,
                        20.0
                    ],
                    [
                        0.0,
                        0.0,
                        375972800.0,
                        110000.0,
                        6391537664.0,
                        0.0,
                        3253913.0,
                        20.0
                    ],
                    [
                        0.0,
                        0.0,
                        401474176.0,
                        110000.0,
                        0.0,
                        0.0,
                        3255413.0,
                        20.0
                    ],
                    [
                        0.0,
                        0.0,
                        401474176.0,
                        110000.0,
                        2007370880.0,
                        0.0,
                        3262913.0,
                        21.0
                    ],
                    [
                        0.0,
                        0.0,
                        401474176.0,
                        110000.0,
                        2408845056.0,
                        0.0,
                        3264413.0,
                        21.0
                    ],
                    [
                        0.0,
                        0.0,
                        401474176.0,
                        110000.0,
                        2810319104.0,
                        0.0,
                        3265913.0,
                        21.0
                    ],
                    [
                        0.0,
                        0.0,
                        401474176.0,
                        110000.0,
                        3211793408.0,
                        0.0,
                        3267413.0,
                        21.0
                    ],
                    [
                        0.0,
                        0.0,
                        401474176.0,
                        110000.0,
                        3613267456.0,
                        0.0,
                        3268913.0,
                        21.0
                    ]
                ]
            ],
            "actions": [
                [
                    [
                        0.3333333432674408
                    ],
                    [
                        0.3333333432674408
                    ],
                    [
                        0.3333333432674408
                    ],
                    [
                        0.3333333432674408
                    ],
                    [
                        0.6666666865348816
                    ],
                    [
                        0.3333333432674408
                    ],
                    [
                        0.3333333432674408
                    ],
                    [
                        0.3333333432674408
                    ],
                    [
                        0.3333333432674408
                    ],
                    [
                        0.3333333432674408
                    ],
                    [
                        0.3333333432674408
                    ],
                    [
                        0.3333333432674408
                    ],
                    [
                        0.3333333432674408
                    ],
                    [
                        0.3333333432674408
                    ],
                    [
                        0.6666666865348816
                    ],
                    [
                        0.3333333432674408
                    ],
                    [
                        0.3333333432674408
                    ],
                    [
                        0.3333333432674408
                    ],
                    [
                        0.3333333432674408
                    ],
                    [
                        0.3333333432674408
                    ]
                ]
            ],
            "returns": [
                [
                    [
                        0.49787500500679016
                    ],
                    [
                        0.49783334136009216
                    ],
                    [
                        0.49779167771339417
                    ],
                    [
                        0.4973333477973938
                    ],
                    [
                        0.49687498807907104
                    ],
                    [
                        0.4964166581630707
                    ],
                    [
                        0.4963749945163727
                    ],
                    [
                        0.4959166646003723
                    ],
                    [
                        0.49545833468437195
                    ],
                    [
                        0.4950000047683716
                    ],
                    [
                        0.4945416748523712
                    ],
                    [
                        0.49408334493637085
                    ],
                    [
                        0.4936249852180481
                    ],
                    [
                        0.49316665530204773
                    ],
                    [
                        0.49270832538604736
                    ],
                    [
                        0.492249995470047
                    ],
                    [
                        0.49179166555404663
                    ],
                    [
                        0.49133333563804626
                    ],
                    [
                        0.4908750057220459
                    ],
                    [
                        0.49041667580604553
                    ]
                ]
            ],
            "timesteps": [
                [
                    200,
                    201,
                    202,
                    203,
                    204,
                    205,
                    206,
                    207,
                    208,
                    209,
                    210,
                    211,
                    212,
                    213,
                    214,
                    215,
                    216,
                    217,
                    218,
                    219
                ]
            ],
            "labels": [
                [
                    0,
                    0,
                    0,
                    0,
                    1,
                    0,
                    0,
                    0,
                    0,
                    0,
                    0,
                    0,
                    0,
                    0,
                    1,
                    0,
                    0,
                    0,
                    0,
                    0
                ]
            ],
            "CPU Usage": 3.7,
            "RAM Usage": 17.4,
            "GPU Usage": 80.0,
            "VRAM Usage": 15400.0,
            "Disk Read Speed (MB/s)": 75057177.68652344,
            "Disk Write Speed (MB/s)": 506878095.3017578
        },
        {
            "step": 2,
            "train_loss": 0.009710733778774738,
            "actions_pred1": [
                [
                    [
                        2.189481019973755,
                        0.3566927909851074,
                        -1.7231906652450562
                    ],
                    [
                        2.446765422821045,
                        0.3049111068248749,
                        -1.9199084043502808
                    ],
                    [
                        2.5220301151275635,
                        0.2903127372264862,
                        -1.8602211475372314
                    ],
                    [
                        2.4396674633026123,
                        0.4753114879131317,
                        -1.6475847959518433
                    ],
                    [
                        2.2440807819366455,
                        0.5124412775039673,
                        -1.8503412008285522
                    ],
                    [
                        2.464608907699585,
                        0.35263118147850037,
                        -1.703607439994812
                    ],
                    [
                        2.6351120471954346,
                        0.4431305229663849,
                        -1.8433823585510254
                    ],
                    [
                        2.5039138793945312,
                        0.5196648240089417,
                        -1.5179345607757568
                    ],
                    [
                        2.7258481979370117,
                        0.43099281191825867,
                        -1.639438509941101
                    ],
                    [
                        2.687939405441284,
                        0.7155584096908569,
                        -1.5597240924835205
                    ],
                    [
                        2.761155843734741,
                        0.2408323585987091,
                        -1.9885916709899902
                    ],
                    [
                        2.594008445739746,
                        0.38793888688087463,
                        -1.6307096481323242
                    ],
                    [
                        2.47918701171875,
                        0.48799237608909607,
                        -1.8919912576675415
                    ],
                    [
                        2.344902276992798,
                        0.4130608141422272,
                        -1.5999618768692017
                    ],
                    [
                        2.4236254692077637,
                        0.4133467972278595,
                        -1.4422577619552612
                    ],
                    [
                        2.618243455886841,
                        0.2144213169813156,
                        -1.8046939373016357
                    ],
                    [
                        2.6837542057037354,
                        0.27126580476760864,
                        -1.9877030849456787
                    ],
                    [
                        2.6188573837280273,
                        0.15975478291511536,
                        -1.8826806545257568
                    ],
                    [
                        2.599970817565918,
                        0.15390627086162567,
                        -1.7995089292526245
                    ],
                    [
                        2.5314619541168213,
                        0.06721009314060211,
                        -1.7721811532974243
                    ]
                ]
            ],
            "actions_pred": [
                [
                    [
                        2.189481019973755,
                        2.446765422821045,
                        2.5220301151275635,
                        2.4396674633026123,
                        2.2440807819366455,
                        2.464608907699585,
                        2.6351120471954346,
                        2.5039138793945312,
                        2.7258481979370117,
                        2.687939405441284,
                        2.761155843734741,
                        2.594008445739746,
                        2.47918701171875,
                        2.344902276992798,
                        2.4236254692077637,
