{
    "steps": [
        {
            "step": 0,
            "train_loss": 0.026999447494745255,
            "actions_pred1": [
                [
                    [
                        0.501631498336792,
                        0.733245849609375,
                        -0.03945625573396683
                    ],
                    [
                        0.5447199940681458,
                        0.22062039375305176,
                        -0.3907138407230377
                    ],
                    [
                        0.44400084018707275,
                        0.2697218060493469,
                        -0.23801155388355255
                    ],
                    [
                        0.3851388990879059,
                        0.32831767201423645,
                        -0.26547208428382874
                    ],
                    [
                        0.5334105491638184,
                        0.5733392238616943,
                        0.011161467991769314
                    ],
                    [
                        0.5800390839576721,
                        0.29024118185043335,
                        -0.0398411750793457
                    ],
                    [
                        0.5196040868759155,
                        0.49545207619667053,
                        -0.07113346457481384
                    ],
                    [
                        0.33608096837997437,
                        0.4803299307823181,
                        -0.15089046955108643
                    ],
                    [
                        0.7517261505126953,
                        0.3689020276069641,
                        -0.09388772398233414
                    ],
                    [
                        0.729978621006012,
                        0.33866623044013977,
                        0.03708728402853012
                    ],
                    [
                        0.38490891456604004,
                        0.5996497869491577,
                        0.25058433413505554
                    ],
                    [
                        0.32309526205062866,
                        0.1923867017030716,
                        -0.01770445704460144
                    ],
                    [
                        0.6092191934585571,
                        0.16456039249897003,
                        -0.07923536002635956
                    ],
                    [
                        0.4888295531272888,
                        0.25340941548347473,
                        -0.05602923780679703
                    ],
                    [
                        0.7339508533477783,
                        0.28057917952537537,
                        -0.0727715715765953
                    ],
                    [
                        0.9994053244590759,
                        0.34524744749069214,
                        0.005175269208848476
                    ],
                    [
                        0.668634295463562,
                        0.23716993629932404,
                        -0.05778088420629501
                    ],
                    [
                        0.783683180809021,
                        0.13471360504627228,
                        0.12317012995481491
                    ],
                    [
                        0.565085232257843,
                        0.2526997923851013,
                        0.12585191428661346
                    ],
                    [
                        0.8610548377037048,
                        0.218361958861351,
                        -0.17516900599002838
                    ]
                ]
            ],
            "actions_pred": [
                [
                    [
                        0.501631498336792,
                        0.5447199940681458,
                        0.44400084018707275,
                        0.3851388990879059,
                        0.5334105491638184,
                        0.5800390839576721,
                        0.5196040868759155,
                        0.33608096837997437,
                        0.7517261505126953,
                        0.729978621006012,
                        0.38490891456604004,
                        0.32309526205062866,
                        0.6092191934585571,
                        0.4888295531272888,
                        0.7339508533477783,
                        0.9994053244590759,
                        0.668634295463562,
                        0.783683180809021,
                        0.565085232257843,
                        0.8610548377037048
                    ],
                    [
                        0.733245849609375,
                        0.22062039375305176,
                        0.2697218060493469,
                        0.32831767201423645,
                        0.5733392238616943,
                        0.29024118185043335,
                        0.49545207619667053,
                        0.4803299307823181,
                        0.3689020276069641,
                        0.33866623044013977,
                        0.5996497869491577,
                        0.1923867017030716,
                        0.16456039249897003,
                        0.25340941548347473,
                        0.28057917952537537,
                        0.34524744749069214,
                        0.23716993629932404,
                        0.13471360504627228,
                        0.2526997923851013,
                        0.218361958861351
                    ],
                    [
                        -0.03945625573396683,
                        -0.3907138407230377,
                        -0.23801155388355255,
                        -0.26547208428382874,
                        0.011161467991769314,
                        -0.0398411750793457,
                        -0.07113346457481384,
                        -0.15089046955108643,
                        -0.09388772398233414,
                        0.03708728402853012,
                        0.25058433413505554,
                        -0.01770445704460144,
                        -0.07923536002635956,
                        -0.05602923780679703,
                        -0.0727715715765953,
                        0.005175269208848476,
                        -0.05778088420629501,
                        0.12317012995481491,
                        0.12585191428661346,
                        -0.17516900599002838
                    ]
                ]
            ],
            "states": [
                [
                    [
                        1.0,
                        150000.0,
                        0.0,
                        10000.0,
                        0.0,
                        0.0,
                        9293146.0,
                        0.0
                    ],
                    [
                        1.0,
                        150000.0,
                        0.0,
                        10000.0,
                        0.0,
                        0.0,
                        9294646.0,
                        0.0
                    ],
                    [
                        1.0,
                        150000.0,
                        0.0,
                        10000.0,
                        0.0,
                        0.0,
                        9296146.0,
                        0.0
                    ],
                    [
                        0.0,
                        0.0,
                        245733104.0,
                        40000.0,
                        18121478144.0,
                        0.0,
                        8550589.0,
                        104.0
                    ],
                    [
                        0.0,
                        0.0,
                        245733104.0,
                        40000.0,
                        18367211520.0,
                        0.0,
                        8552089.0,
                        104.0
                    ],
                    [
                        0.0,
                        0.0,
                        392030432.0,
                        90000.0,
                        16810365952.0,
                        0.0,
                        8604205.0,
                        105.0
                    ],
                    [
                        1.0,
                        75000.0,
                        16164452.0,
                        100000.0,
                        250416208.0,
                        0.0,
                        9456646.0,
                        0.0
                    ],
                    [
                        0.0,
                        0.0,
                        392030432.0,
                        90000.0,
                        17202397184.0,
                        0.0,
                        8605705.0,
                        105.0
                    ],
                    [
                        0.0,
                        0.0,
                        392030432.0,
                        90000.0,
                        17594427392.0,
                        0.0,
                        8605757.0,
                        105.0
                    ],
                    [
                        0.0,
                        0.0,
                        392030432.0,
                        90000.0,
                        17986457600.0,
                        0.0,
                        8607257.0,
                        105.0
                    ],
                    [
                        1.0,
                        75000.0,
                        16164452.0,
                        100000.0,
                        250416208.0,
                        0.0,
                        9456646.0,
                        0.0
                    ],
                    [
                        0.0,
                        0.0,
                        392030432.0,
                        90000.0,
                        17202397184.0,
                        0.0,
                        8605705.0,
                        105.0
                    ],
                    [
                        0.0,
                        0.0,
                        392030432.0,
                        90000.0,
                        17594427392.0,
                        0.0,
                        8605757.0,
                        105.0
                    ],
                    [
                        0.0,
                        0.0,
                        392030432.0,
                        90000.0,
                        17986457600.0,
                        0.0,
                        8607257.0,
                        105.0
                    ],
                    [
                        0.0,
                        0.0,
                        392030432.0,
                        90000.0,
                        18378487808.0,
                        0.0,
                        8607309.0,
                        105.0
                    ],
                    [
                        0.0,
                        0.0,
                        392030432.0,
                        90000.0,
                        3920304384.0,
                        0.0,
                        8616517.0,
                        106.0
                    ],
                    [
                        0.0,
                        0.0,
                        392030432.0,
                        90000.0,
                        4312334848.0,
                        0.0,
                        8618017.0,
                        106.0
                    ],
                    [
                        0.0,
                        0.0,
                        392030432.0,
                        90000.0,
                        4704365056.0,
                        0.0,
                        8619517.0,
                        106.0
                    ],
                    [
                        0.0,
                        0.0,
                        392030432.0,
                        90000.0,
                        5096395776.0,
                        0.0,
                        8619569.0,
                        106.0
                    ],
                    [
                        0.0,
                        0.0,
                        392030432.0,
                        90000.0,
                        5488425984.0,
                        0.0,
                        8619621.0,
                        106.0
                    ]
                ]
            ],
            "actions": [
                [
                    [
                        0.3333333432674408
                    ],
                    [
                        0.3333333432674408
                    ],
                    [
                        0.3333333432674408
                    ],
                    [
                        0.3333333432674408
                    ],
                    [
                        0.6666666865348816
                    ],
                    [
                        0.3333333432674408
                    ],
                    [
                        0.3333333432674408
                    ],
                    [
                        0.3333333432674408
                    ],
                    [
                        0.3333333432674408
                    ],
                    [
                        0.3333333432674408
                    ],
                    [
                        0.3333333432674408
                    ],
                    [
                        0.3333333432674408
                    ],
                    [
                        0.3333333432674408
                    ],
                    [
                        0.3333333432674408
                    ],
                    [
                        0.6666666865348816
                    ],
                    [
                        0.3333333432674408
                    ],
                    [
                        0.3333333432674408
                    ],
                    [
                        0.3333333432674408
                    ],
                    [
                        0.3333333432674408
                    ],
                    [
                        0.3333333432674408
                    ]
                ]
            ],
            "returns": [
                [
                    [
                        0.1158749982714653
                    ],
                    [
                        0.1158333346247673
                    ],
                    [
                        0.11579166352748871
                    ],
                    [
                        0.11574999988079071
                    ],
                    [
                        0.11558333039283752
                    ],
                    [
                        0.11541666835546494
                    ],
                    [
                        0.11504166573286057
                    ],
                    [
                        0.1146249994635582
                    ],
                    [
                        0.11424999684095383
                    ],
                    [
                        0.11387500166893005
                    ],
                    [
                        0.11349999904632568
                    ],
                    [
                        0.11308333277702332
                    ],
                    [
                        0.11270833015441895
                    ],
                    [
                        0.11233333498239517
                    ],
                    [
                        0.1119583323597908
                    ],
                    [
                        0.11158332973718643
                    ],
                    [
                        0.11120833456516266
                    ],
                    [
                        0.11083333194255829
                    ],
                    [
                        0.11045833677053452
                    ],
                    [
                        0.11008333414793015
                    ]
                ]
            ],
            "timesteps": [
                [
                    1080,
                    1081,
                    1082,
                    1083,
                    1084,
                    1085,
                    1086,
                    1087,
                    1088,
                    1089,
                    1090,
                    1091,
                    1092,
                    1093,
                    1094,
                    1095,
                    1096,
                    1097,
                    1098,
                    1099
                ]
            ],
            "labels": [
                [
                    0,
                    0,
                    0,
                    0,
                    1,
                    0,
                    0,
                    0,
                    0,
                    0,
                    0,
                    0,
                    0,
                    0,
                    1,
                    0,
                    0,
                    0,
                    0,
                    0
                ]
            ],
            "CPU Usage": 5.7,
            "RAM Usage": 17.4,
            "GPU Usage": 42.0,
            "VRAM Usage": 15400.0,
            "Disk Read Speed (MB/s)": 75057177.68652344,
            "Disk Write Speed (MB/s)": 506877905.43847656
        },
        {
            "step": 1,
            "train_loss": 0.031002968549728394,
            "actions_pred1": [
                [
                    [
                        -0.5516844391822815,
                        0.7033430337905884,
                        -0.21681876480579376
                    ],
                    [
                        -0.12791883945465088,
                        0.4891722500324249,
                        -0.2951259911060333
                    ],
                    [
                        -0.3852786421775818,
                        0.4607996642589569,
                        -0.1575039029121399
                    ],
                    [
                        0.05897016078233719,
                        0.3248903453350067,
                        0.03555559366941452
                    ],
                    [
                        0.2585739493370056,
                        0.3632603585720062,
                        -0.25256189703941345
                    ],
                    [
                        0.4345766603946686,
                        0.3426159918308258,
                        -0.07260281592607498
                    ],
                    [
                        0.21253997087478638,
                        0.25788015127182007,
                        -0.04007518291473389
                    ],
                    [
                        0.22039952874183655,
                        0.2502026855945587,
                        0.05647093057632446
                    ],
                    [
                        0.3332866430282593,
                        0.18486687541007996,
                        -0.03776320815086365
                    ],
                    [
                        0.46069765090942383,
                        0.33010029792785645,
                        0.1693863719701767
                    ],
                    [
                        0.35840094089508057,
                        0.2767738401889801,
                        -0.09266435354948044
                    ],
                    [
                        0.7873916029930115,
                        0.11427705734968185,
                        0.12266844511032104
                    ],
                    [
                        0.8599234223365784,
                        0.04132096841931343,
                        0.19652144610881805
                    ],
                    [
                        0.6821565628051758,
                        0.09680717438459396,
                        0.016213618218898773
                    ],
                    [
                        0.5672006011009216,
                        0.11515089124441147,
                        0.04805544763803482
                    ],
                    [
                        0.4334256649017334,
                        0.14935711026191711,
                        -0.11749456077814102
                    ],
                    [
                        0.5148195028305054,
                        0.22109700739383698,
                        0.05850660055875778
                    ],
                    [
                        0.7727202773094177,
                        0.3184655010700226,
                        0.13394370675086975
                    ],
                    [
                        0.75970858335495,
                        0.16350309550762177,
                        0.12872448563575745
                    ],
                    [
                        0.791687548160553,
                        0.051713425666093826,
                        0.2389991134405136
                    ]
                ]
            ],
            "actions_pred": [
                [
                    [
                        -0.5516844391822815,
                        -0.12791883945465088,
                        -0.3852786421775818,
                        0.05897016078233719,
                        0.2585739493370056,
                        0.4345766603946686,
                        0.21253997087478638,
                        0.22039952874183655,
                        0.3332866430282593,
                        0.46069765090942383,
                        0.35840094089508057,
                        0.7873916029930115,
                        0.8599234223365784,
                        0.6821565628051758,
                        0.5672006011009216,
                        0.4334256649017334,
                        0.5148195028305054,
                        0.7727202773094177,
                        0.75970858335495,
                        0.791687548160553
                    ],
                    [
                        0.7033430337905884,
                        0.4891722500324249,
                        0.4607996642589569,
                        0.3248903453350067,
                        0.3632603585720062,
                        0.3426159918308258,
                        0.25788015127182007,
                        0.2502026855945587,
                        0.18486687541007996,
                        0.33010029792785645,
                        0.2767738401889801,
                        0.11427705734968185,
                        0.04132096841931343,
                        0.09680717438459396,
                        0.11515089124441147,
                        0.14935711026191711,
                        0.22109700739383698,
                        0.3184655010700226,
                        0.16350309550762177,
                        0.051713425666093826
                    ],
                    [
                        -0.21681876480579376,
                        -0.2951259911060333,
                        -0.1575039029121399,
                        0.03555559366941452,
                        -0.25256189703941345,
                        -0.07260281592607498,
                        -0.04007518291473389,
                        0.05647093057632446,
                        -0.03776320815086365,
                        0.1693863719701767,
                        -0.09266435354948044,
                        0.12266844511032104,
                        0.19652144610881805,
                        0.016213618218898773,
                        0.04805544763803482,
                        -0.11749456077814102,
                        0.05850660055875778,
                        0.13394370675086975,
                        0.12872448563575745,
                        0.2389991134405136
                    ]
                ]
            ],
            "states": [
                [
                    [
                        0.0,
                        0.0,
                        410198336.0,
                        190000.0,
                        10665156608.0,
                        0.0,
                        3095929.0,
                        7.0
                    ],
                    [
                        0.0,
                        0.0,
                        410198336.0,
                        190000.0,
                        11075354624.0,
                        0.0,
                        3095993.0,
                        7.0
                    ],
                    [
                        0.0,
                        0.0,
                        410198336.0,
                        190000.0,
                        11485552640.0,
                        0.0,
                        3096057.0,
                        7.0
                    ],
                    [
                        0.0,
                        0.0,
                        410198336.0,
                        190000.0,
                        11895751680.0,
                        0.0,
                        3096121.0,
                        7.0
                    ],
                    [
                        0.0,
                        0.0,
                        410198336.0,
                        190000.0,
                        0.0,
                        0.0,
                        3096173.0,
                        7.0
                    ],
                    [
                        1.0,
                        105000.0,
                        970586.0,
                        60000.0,
                        5413240.0,
                        0.0,
                        2244646.0,
                        0.0
                    ],
                    [
                        1.0,
                        105000.0,
                        970586.0,
                        60000.0,
                        6383826.0,
                        0.0,
                        2246146.0,
                        0.0
                    ],
                    [
                        0.0,
                        0.0,
                        539047360.0,
                        240000.0,
                        8156663808.0,
                        0.0,
                        3117405.0,
                        8.0
                    ],
                    [
                        1.0,
                        105000.0,
                        970586.0,
                        60000.0,
                        7354412.0,
                        0.0,
                        2247646.0,
                        0.0
                    ],
                    [
                        1.0,
                        105000.0,
                        970586.0,
                        60000.0,
                        8324998.0,
                        0.0,
                        2249146.0,
                        0.0
                    ],
                    [
                        1.0,
                        105000.0,
                        970586.0,
                        60000.0,
                        6383826.0,
                        0.0,
                        2246146.0,
                        0.0
                    ],
                    [
                        0.0,
                        0.0,
                        539047360.0,
                        240000.0,
                        8156663808.0,
                        0.0,
                        3117405.0,
                        8.0
                    ],
                    [
                        1.0,
                        105000.0,
                        970586.0,
                        60000.0,
                        7354412.0,
                        0.0,
                        2247646.0,
                        0.0
                    ],
                    [
                        1.0,
                        105000.0,
                        970586.0,
                        60000.0,
                        8324998.0,
                        0.0,
                        2249146.0,
                        0.0
                    ],
                    [
                        0.0,
                        0.0,
                        539047360.0,
                        240000.0,
                        0.0,
                        0.0,
                        3118905.0,
                        8.0
                    ],
                    [
                        0.0,
                        0.0,
                        557837824.0,
                        220000.0,
                        11928000512.0,
                        0.0,
                        3122941.0,
                        9.0
                    ],
                    [
                        0.0,
                        0.0,
                        557837824.0,
                        220000.0,
                        12485837824.0,
                        0.0,
                        3122993.0,
                        9.0
                    ],
                    [
                        0.0,
                        0.0,
                        557837824.0,
                        220000.0,
                        13043676160.0,
                        0.0,
                        3123045.0,
                        9.0
                    ],
                    [
                        0.0,
                        0.0,
                        557837824.0,
                        230000.0,
                        13601513472.0,
                        0.0,
                        3123097.0,
                        9.0
                    ],
                    [
                        0.0,
                        0.0,
                        557837824.0,
                        230000.0,
                        14159351808.0,
                        0.0,
                        3123149.0,
                        9.0
                    ]
                ]
            ],
            "actions": [
                [
                    [
                        0.3333333432674408
                    ],
                    [
                        0.3333333432674408
                    ],
                    [
                        0.3333333432674408
                    ],
                    [
                        0.3333333432674408
                    ],
                    [
                        0.6666666865348816
                    ],
                    [
                        0.3333333432674408
                    ],
                    [
                        0.3333333432674408
                    ],
                    [
                        0.3333333432674408
                    ],
                    [
                        0.3333333432674408
                    ],
                    [
                        0.3333333432674408
                    ],
                    [
                        0.3333333432674408
                    ],
                    [
                        0.3333333432674408
                    ],
                    [
                        0.3333333432674408
                    ],
                    [
                        0.3333333432674408
                    ],
                    [
                        0.6666666865348816
                    ],
                    [
                        0.3333333432674408
                    ],
                    [
                        0.3333333432674408
                    ],
                    [
                        0.3333333432674408
                    ],
                    [
                        0.3333333432674408
                    ],
                    [
                        0.3333333432674408
                    ]
                ]
            ],
            "returns": [
                [
                    [
                        0.5864583253860474
                    ],
                    [
                        0.5856666564941406
                    ],
                    [
                        0.5848749876022339
                    ],
                    [
                        0.5840833187103271
                    ],
                    [
                        0.5832916498184204
                    ],
                    [
                        0.5824999809265137
                    ],
                    [
                        0.5822499990463257
                    ],
                    [
                        0.5820000171661377
                    ],
                    [
                        0.5809999704360962
                    ],
                    [
                        0.5807499885559082
                    ],
                    [
                        0.5805000066757202
                    ],
                    [
                        0.5802500247955322
                    ],
                    [
                        0.5792499780654907
                    ],
                    [
                        0.5789999961853027
                    ],
                    [
                        0.5787500143051147
                    ],
                    [
                        0.577750027179718
                    ],
                    [
                        0.5768333077430725
                    ],
                    [
                        0.5759166479110718
                    ],
                    [
                        0.574999988079071
                    ],
                    [
                        0.5740416646003723
                    ]
                ]
            ],
            "timesteps": [
                [
                    80,
                    81,
                    82,
                    83,
                    84,
                    85,
                    86,
                    87,
                    88,
                    89,
                    90,
                    91,
                    92,
                    93,
                    94,
                    95,
                    96,
                    97,
                    98,
                    99
                ]
            ],
            "labels": [
                [
                    0,
                    0,
                    0,
                    0,
                    1,
                    0,
                    0,
                    0,
                    0,
                    0,
                    0,
                    0,
                    0,
                    0,
                    1,
                    0,
                    0,
                    0,
                    0,
                    0
                ]
            ],
            "CPU Usage": 4.8,
            "RAM Usage": 17.4,
            "GPU Usage": 43.0,
            "VRAM Usage": 15400.0,
            "Disk Read Speed (MB/s)": 75057177.68652344,
            "Disk Write Speed (MB/s)": 506877905.43847656
        },
        {
            "step": 2,
            "train_loss": 0.03003585897386074,
            "actions_pred1": [
                [
                    [
                        0.20397737622261047,
                        0.5333456993103027,
                        0.18083521723747253
                    ],
                    [
                        0.6848856806755066,
                        0.7553509473800659,
                        0.3863433003425598
                    ],
                    [
                        0.4826180636882782,
                        0.8809671401977539,
                        0.05574134737253189
                    ],
                    [
                        0.6406626105308533,
                        0.77058345079422,
                        -0.09411095827817917
                    ],
                    [
                        0.4956698417663574,
                        0.46308407187461853,
                        0.09603091329336166
                    ],
                    [
                        0.7257514595985413,
                        0.3308362662792206,
                        0.13396908342838287
                    ],
                    [
                        0.1219271644949913,
                        0.5428158044815063,
                        -0.03534070402383804
                    ],
                    [
                        0.4684802293777466,
                        0.4595962464809418,
                        0.21233302354812622
                    ],
                    [
                        0.3541233539581299,
                        0.5184491872787476,
                        0.026178434491157532
                    ],
                    [
                        0.5929374098777771,
                        0.3397061824798584,
                        0.11544745415449142
                    ],
                    [
                        0.7625601887702942,
                        0.36354702711105347,
                        0.029645122587680817
                    ],
                    [
                        0.6162607669830322,
                        0.24145714938640594,
                        0.027879007160663605
                    ],
                    [
                        0.5436195731163025,
                        0.1804882138967514,
                        0.13902421295642853
                    ],
                    [
                        0.7112986445426941,
                        0.18276438117027283,
                        0.23422786593437195
                    ],
                    [
                        0.4314183294773102,
                        0.34454071521759033,
                        -0.16201631724834442
                    ],
                    [
                        0.2066306471824646,
                        0.48654231429100037,
                        0.0028124963864684105
                    ],
                    [
                        0.33868399262428284,
                        0.29822900891304016,
                        -0.0749841257929802
                    ],
                    [
                        0.7195513844490051,
                        0.45478105545043945,
                        -0.15262196958065033
                    ],
                    [
                        0.7777223587036133,
                        0.27390947937965393,
                        -0.028481580317020416
                    ],
                    [
                        0.43552646040916443,
                        0.6419668197631836,
                        -0.04416794329881668
                    ]
                ]
            ],
            "actions_pred": [
                [
                    [
                        0.20397737622261047,
                        0.6848856806755066,
                        0.4826180636882782,
                        0.6406626105308533,
                        0.4956698417663574,
                        0.7257514595985413,
                        0.1219271644949913,
                        0.4684802293777466,
                        0.3541233539581299,
                        0.5929374098777771,
                        0.7625601887702942,
                        0.6162607669830322,
                        0.5436195731163025,
