{
    "steps": [
        {
            "step": 0,
            "train_loss": 0.010614006780087948,
            "actions_pred1": [
                [
                    [
                        1.4662479162216187,
                        0.046975333243608475,
                        -1.3346850872039795
                    ],
                    [
                        2.0762107372283936,
                        0.007594202645123005,
                        -1.9348738193511963
                    ],
                    [
                        1.7903392314910889,
                        -0.2450404018163681,
                        -1.9267702102661133
                    ],
                    [
                        2.3697996139526367,
                        -0.28472843766212463,
                        -1.9413371086120605
                    ],
                    [
                        2.0673744678497314,
                        -0.44411540031433105,
                        -2.194063425064087
                    ],
                    [
                        2.0355722904205322,
                        -0.33372437953948975,
                        -2.0274693965911865
                    ],
                    [
                        2.3409175872802734,
                        -0.34238144755363464,
                        -1.7837070226669312
                    ],
                    [
                        2.091921806335449,
                        -0.1913432627916336,
                        -2.1575703620910645
                    ],
                    [
                        1.7771596908569336,
                        0.0936361625790596,
                        -1.4409469366073608
                    ],
                    [
                        2.084874391555786,
                        -0.44261765480041504,
                        -1.8891960382461548
                    ],
                    [
                        2.0952951908111572,
                        -0.24057766795158386,
                        -1.9999910593032837
                    ],
                    [
                        1.637302279472351,
                        0.08746986836194992,
                        -1.9650237560272217
                    ],
                    [
                        2.1403965950012207,
                        -0.11402677744626999,
                        -2.173879623413086
                    ],
                    [
                        2.3869776725769043,
                        -0.037062954157590866,
                        -1.9193167686462402
                    ],
                    [
                        2.6431877613067627,
                        0.03480953350663185,
                        -2.4417386054992676
                    ],
                    [
                        1.940892219543457,
                        -0.2829911708831787,
                        -2.0649189949035645
                    ],
                    [
                        2.2671926021575928,
                        0.028728757053613663,
                        -1.989829182624817
                    ],
                    [
                        2.3058764934539795,
                        0.033469799906015396,
                        -2.3815207481384277
                    ],
                    [
                        2.414804458618164,
                        0.07754015177488327,
                        -2.1349503993988037
                    ],
                    [
                        2.0894100666046143,
                        0.36594444513320923,
                        -1.645148515701294
                    ]
                ]
            ],
            "actions_pred": [
                [
                    [
                        1.4662479162216187,
                        2.0762107372283936,
                        1.7903392314910889,
                        2.3697996139526367,
                        2.0673744678497314,
                        2.0355722904205322,
                        2.3409175872802734,
                        2.091921806335449,
                        1.7771596908569336,
                        2.084874391555786,
                        2.0952951908111572,
                        1.637302279472351,
                        2.1403965950012207,
                        2.3869776725769043,
                        2.6431877613067627,
                        1.940892219543457,
                        2.2671926021575928,
                        2.3058764934539795,
                        2.414804458618164,
                        2.0894100666046143
                    ],
                    [
                        0.046975333243608475,
                        0.007594202645123005,
                        -0.2450404018163681,
                        -0.28472843766212463,
                        -0.44411540031433105,
                        -0.33372437953948975,
                        -0.34238144755363464,
                        -0.1913432627916336,
                        0.0936361625790596,
                        -0.44261765480041504,
                        -0.24057766795158386,
                        0.08746986836194992,
                        -0.11402677744626999,
                        -0.037062954157590866,
                        0.03480953350663185,
                        -0.2829911708831787,
                        0.028728757053613663,
                        0.033469799906015396,
                        0.07754015177488327,
                        0.36594444513320923
                    ],
                    [
                        -1.3346850872039795,
                        -1.9348738193511963,
                        -1.9267702102661133,
                        -1.9413371086120605,
                        -2.194063425064087,
                        -2.0274693965911865,
                        -1.7837070226669312,
                        -2.1575703620910645,
                        -1.4409469366073608,
                        -1.8891960382461548,
                        -1.9999910593032837,
                        -1.9650237560272217,
                        -2.173879623413086,
                        -1.9193167686462402,
                        -2.4417386054992676,
                        -2.0649189949035645,
                        -1.989829182624817,
                        -2.3815207481384277,
                        -2.1349503993988037,
                        -1.645148515701294
                    ]
                ]
            ],
            "states": [
                [
                    [
                        0.0,
                        0.0,
                        171961872.0,
                        140000.0,
                        17017202688.0,
                        0.0,
                        2722357.0,
                        0.0
                    ],
                    [
                        0.0,
                        0.0,
                        215582624.0,
                        160000.0,
                        17232785408.0,
                        0.0,
                        2722409.0,
                        0.0
                    ],
                    [
                        0.0,
                        0.0,
                        258532304.0,
                        160000.0,
                        17491318784.0,
                        0.0,
                        2722461.0,
                        0.0
                    ],
                    [
                        0.0,
                        0.0,
                        258532304.0,
                        160000.0,
                        17749850112.0,
                        0.0,
                        2723961.0,
                        0.0
                    ],
                    [
                        0.0,
                        0.0,
                        258532304.0,
                        160000.0,
                        18008383488.0,
                        0.0,
                        2724013.0,
                        0.0
                    ],
                    [
                        0.0,
                        0.0,
                        215582624.0,
                        160000.0,
                        17232785408.0,
                        0.0,
                        2722409.0,
                        0.0
                    ],
                    [
                        0.0,
                        0.0,
                        258532304.0,
                        160000.0,
                        17491318784.0,
                        0.0,
                        2722461.0,
                        0.0
                    ],
                    [
                        0.0,
                        0.0,
                        258532304.0,
                        160000.0,
                        17749850112.0,
                        0.0,
                        2723961.0,
                        0.0
                    ],
                    [
                        0.0,
                        0.0,
                        258532304.0,
                        160000.0,
                        18008383488.0,
                        0.0,
                        2724013.0,
                        0.0
                    ],
                    [
                        0.0,
                        0.0,
                        258532304.0,
                        160000.0,
                        18266914816.0,
                        0.0,
                        2724065.0,
                        0.0
                    ],
                    [
                        1.0,
                        150000.0,
                        0.0,
                        40000.0,
                        0.0,
                        0.0,
                        2010646.0,
                        0.0
                    ],
                    [
                        1.0,
                        150000.0,
                        0.0,
                        40000.0,
                        0.0,
                        0.0,
                        2012146.0,
                        0.0
                    ],
                    [
                        0.0,
                        0.0,
                        301481984.0,
                        170000.0,
                        2929754624.0,
                        0.0,
                        2728981.0,
                        1.0
                    ],
                    [
                        0.0,
                        0.0,
                        301481984.0,
                        170000.0,
                        3231236608.0,
                        0.0,
                        2730481.0,
                        1.0
                    ],
                    [
                        0.0,
                        0.0,
                        301481984.0,
                        170000.0,
                        3532718592.0,
                        0.0,
                        2731981.0,
                        1.0
                    ],
                    [
                        1.0,
                        150000.0,
                        0.0,
                        40000.0,
                        0.0,
                        0.0,
                        2012146.0,
                        0.0
                    ],
                    [
                        0.0,
                        0.0,
                        301481984.0,
                        170000.0,
                        2929754624.0,
                        0.0,
                        2728981.0,
                        1.0
                    ],
                    [
                        0.0,
                        0.0,
                        301481984.0,
                        170000.0,
                        3231236608.0,
                        0.0,
                        2730481.0,
                        1.0
                    ],
                    [
                        0.0,
                        0.0,
                        301481984.0,
                        170000.0,
                        3532718592.0,
                        0.0,
                        2731981.0,
                        1.0
                    ],
                    [
                        0.0,
                        0.0,
                        301481984.0,
                        170000.0,
                        0.0,
                        0.0,
                        2733481.0,
                        1.0
                    ]
                ]
            ],
            "actions": [
                [
                    [
                        0.3333333432674408
                    ],
                    [
                        0.3333333432674408
                    ],
                    [
                        0.3333333432674408
                    ],
                    [
                        0.3333333432674408
                    ],
                    [
                        0.3333333432674408
                    ],
                    [
                        0.3333333432674408
                    ],
                    [
                        0.3333333432674408
                    ],
                    [
                        0.3333333432674408
                    ],
                    [
                        0.3333333432674408
                    ],
                    [
                        0.6666666865348816
                    ],
                    [
                        0.3333333432674408
                    ],
                    [
                        0.3333333432674408
                    ],
                    [
                        0.3333333432674408
                    ],
                    [
                        0.3333333432674408
                    ],
                    [
                        0.3333333432674408
                    ],
                    [
                        0.3333333432674408
                    ],
                    [
                        0.3333333432674408
                    ],
                    [
                        0.3333333432674408
                    ],
                    [
                        0.3333333432674408
                    ],
                    [
                        0.6666666865348816
                    ]
                ]
            ],
            "returns": [
                [
                    [
                        0.62520831823349
                    ],
                    [
                        0.624625027179718
                    ],
                    [
                        0.6239583492279053
                    ],
                    [
                        0.6232916712760925
                    ],
                    [
                        0.6226249933242798
                    ],
                    [
                        0.621958315372467
                    ],
                    [
                        0.6212916374206543
                    ],
                    [
                        0.6206250190734863
                    ],
                    [
                        0.6199583411216736
                    ],
                    [
                        0.6192916631698608
                    ],
                    [
                        0.6186249852180481
                    ],
                    [
                        0.6184583306312561
                    ],
                    [
                        0.6182916760444641
                    ],
                    [
                        0.6175833344459534
                    ],
                    [
                        0.6168749928474426
                    ],
                    [
                        0.6161666512489319
                    ],
                    [
                        0.6159999966621399
                    ],
                    [
                        0.6152916550636292
                    ],
                    [
                        0.6145833134651184
                    ],
                    [
                        0.6138749718666077
                    ]
                ]
            ],
            "timesteps": [
                [
                    0,
                    1,
                    2,
                    3,
                    4,
                    5,
                    6,
                    7,
                    8,
                    9,
                    10,
                    11,
                    12,
                    13,
                    14,
                    15,
                    16,
                    17,
                    18,
                    19
                ]
            ],
            "labels": [
                [
                    0,
                    0,
                    0,
                    0,
                    0,
                    0,
                    0,
                    0,
                    0,
                    1,
                    0,
                    0,
                    0,
                    0,
                    0,
                    0,
                    0,
                    0,
                    0,
                    1
                ]
            ],
            "CPU Usage": 4.0,
            "RAM Usage": 17.4,
            "GPU Usage": 41.0,
            "VRAM Usage": 15400.0,
            "Disk Read Speed (MB/s)": 75057177.68652344,
            "Disk Write Speed (MB/s)": 506878108.29003906
        },
        {
            "step": 1,
            "train_loss": 0.008785054087638855,
            "actions_pred1": [
                [
                    [
                        2.805938720703125,
                        -0.06219346448779106,
                        -1.663753867149353
                    ],
                    [
                        2.604701042175293,
                        0.23272736370563507,
                        -1.6399940252304077
                    ],
                    [
                        2.4752862453460693,
                        0.19956150650978088,
                        -1.8499550819396973
                    ],
                    [
                        2.658475399017334,
                        0.2512829899787903,
                        -1.5724995136260986
                    ],
                    [
                        2.1617774963378906,
                        0.5557454824447632,
                        -1.3168998956680298
                    ],
                    [
                        2.7573204040527344,
                        0.16906125843524933,
                        -1.7558329105377197
                    ],
                    [
                        2.5197343826293945,
                        0.28255417943000793,
                        -2.0278587341308594
                    ],
                    [
                        2.563650369644165,
                        0.2399735301733017,
                        -1.6687017679214478
                    ],
                    [
                        2.736304759979248,
                        0.1068844422698021,
                        -1.5288810729980469
                    ],
                    [
                        2.7922205924987793,
                        -0.009909207932651043,
                        -1.724404215812683
                    ],
                    [
                        2.647914409637451,
                        0.20387136936187744,
                        -1.4929038286209106
                    ],
                    [
                        2.877964496612549,
                        0.2255740910768509,
                        -1.7945679426193237
                    ],
                    [
                        2.5980145931243896,
                        0.16228087246418,
                        -1.6611814498901367
                    ],
                    [
                        2.6936423778533936,
                        0.23041047155857086,
                        -1.4785279035568237
                    ],
                    [
                        2.4526073932647705,
                        0.45875313878059387,
                        -1.567018985748291
                    ],
                    [
                        2.4830470085144043,
                        0.3008190989494324,
                        -1.7837765216827393
                    ],
                    [
                        2.612992763519287,
                        0.040969181805849075,
                        -1.6456276178359985
                    ],
                    [
                        2.6216931343078613,
                        0.14291583001613617,
                        -1.7651067972183228
                    ],
                    [
                        2.8128228187561035,
                        0.16008314490318298,
                        -1.9521273374557495
                    ],
                    [
                        2.6350672245025635,
                        0.254130482673645,
                        -1.703320860862732
                    ]
                ]
            ],
            "actions_pred": [
                [
                    [
                        2.805938720703125,
                        2.604701042175293,
                        2.4752862453460693,
                        2.658475399017334,
                        2.1617774963378906,
                        2.7573204040527344,
                        2.5197343826293945,
                        2.563650369644165,
                        2.736304759979248,
                        2.7922205924987793,
                        2.647914409637451,
                        2.877964496612549,
                        2.5980145931243896,
                        2.6936423778533936,
                        2.4526073932647705,
                        2.4830470085144043,
                        2.612992763519287,
                        2.6216931343078613,
                        2.8128228187561035,
                        2.6350672245025635
                    ],
                    [
                        -0.06219346448779106,
                        0.23272736370563507,
                        0.19956150650978088,
                        0.2512829899787903,
                        0.5557454824447632,
                        0.16906125843524933,
                        0.28255417943000793,
                        0.2399735301733017,
                        0.1068844422698021,
                        -0.009909207932651043,
                        0.20387136936187744,
                        0.2255740910768509,
                        0.16228087246418,
                        0.23041047155857086,
                        0.45875313878059387,
                        0.3008190989494324,
                        0.040969181805849075,
                        0.14291583001613617,
                        0.16008314490318298,
                        0.254130482673645
                    ],
                    [
                        -1.663753867149353,
                        -1.6399940252304077,
                        -1.8499550819396973,
                        -1.5724995136260986,
                        -1.3168998956680298,
                        -1.7558329105377197,
                        -2.0278587341308594,
                        -1.6687017679214478,
                        -1.5288810729980469,
                        -1.724404215812683,
                        -1.4929038286209106,
                        -1.7945679426193237,
                        -1.6611814498901367,
                        -1.4785279035568237,
                        -1.567018985748291,
                        -1.7837765216827393,
                        -1.6456276178359985,
                        -1.7651067972183228,
                        -1.9521273374557495,
                        -1.703320860862732
                    ]
                ]
            ],
            "states": [
                [
                    [
                        0.0,
                        0.0,
                        685344640.0,
                        230000.0,
                        12121455616.0,
                        0.0,
                        3149265.0,
                        15.0
                    ],
                    [
                        0.0,
                        0.0,
                        685344640.0,
                        230000.0,
                        12806800384.0,
                        0.0,
                        3150765.0,
                        15.0
                    ],
                    [
                        0.0,
                        0.0,
                        685344640.0,
                        230000.0,
                        13492145152.0,
                        0.0,
                        3152265.0,
                        15.0
                    ],
                    [
                        0.0,
                        0.0,
                        685344640.0,
                        230000.0,
                        14177489920.0,
                        0.0,
                        3153765.0,
                        15.0
                    ],
                    [
                        0.0,
                        0.0,
                        685344640.0,
                        200000.0,
                        0.0,
                        0.0,
                        3155265.0,
                        15.0
                    ],
                    [
                        0.0,
                        0.0,
                        685344640.0,
                        200000.0,
                        685344640.0,
                        0.0,
                        3156765.0,
                        16.0
                    ],
                    [
                        0.0,
                        0.0,
                        685344640.0,
                        200000.0,
                        1370689280.0,
                        0.0,
                        3158265.0,
                        16.0
                    ],
                    [
                        0.0,
                        0.0,
                        685344640.0,
                        200000.0,
                        2056033920.0,
                        0.0,
                        3158317.0,
                        16.0
                    ],
                    [
                        0.0,
                        0.0,
                        685344640.0,
                        200000.0,
                        2741378560.0,
                        0.0,
                        3159817.0,
                        16.0
                    ],
                    [
                        0.0,
                        0.0,
                        685344640.0,
                        200000.0,
                        3426723328.0,
                        0.0,
                        3161317.0,
                        16.0
                    ],
                    [
                        0.0,
                        0.0,
                        685344640.0,
                        200000.0,
                        1370689280.0,
                        0.0,
                        3158265.0,
                        16.0
                    ],
                    [
                        0.0,
                        0.0,
                        685344640.0,
                        200000.0,
                        2056033920.0,
                        0.0,
                        3158317.0,
                        16.0
                    ],
                    [
                        0.0,
                        0.0,
                        685344640.0,
                        200000.0,
                        2741378560.0,
                        0.0,
                        3159817.0,
                        16.0
                    ],
                    [
                        0.0,
                        0.0,
                        685344640.0,
                        200000.0,
                        3426723328.0,
                        0.0,
                        3161317.0,
                        16.0
                    ],
                    [
                        0.0,
                        0.0,
                        685344640.0,
                        200000.0,
                        0.0,
                        0.0,
                        3162817.0,
                        16.0
                    ],
                    [
                        0.0,
                        0.0,
                        202160848.0,
                        60000.0,
                        17231663104.0,
                        0.0,
                        3184841.0,
                        17.0
                    ],
                    [
                        0.0,
                        0.0,
                        202160848.0,
                        60000.0,
                        17433825280.0,
                        0.0,
                        3186341.0,
                        17.0
                    ],
                    [
                        0.0,
                        0.0,
                        202160848.0,
                        60000.0,
                        17635985408.0,
                        0.0,
                        3186393.0,
                        17.0
                    ],
                    [
                        0.0,
                        0.0,
                        248465952.0,
                        60000.0,
                        17884450816.0,
                        0.0,
                        3186445.0,
                        17.0
                    ],
                    [
                        0.0,
                        0.0,
                        248465952.0,
                        60000.0,
                        18132916224.0,
                        0.0,
                        3187945.0,
                        17.0
                    ]
                ]
            ],
            "actions": [
                [
                    [
                        0.3333333432674408
                    ],
                    [
                        0.3333333432674408
                    ],
                    [
                        0.3333333432674408
                    ],
                    [
                        0.3333333432674408
                    ],
                    [
                        0.6666666865348816
                    ],
                    [
                        0.3333333432674408
                    ],
                    [
                        0.3333333432674408
                    ],
                    [
                        0.3333333432674408
                    ],
                    [
                        0.3333333432674408
                    ],
                    [
                        0.3333333432674408
                    ],
                    [
                        0.3333333432674408
                    ],
                    [
                        0.3333333432674408
                    ],
                    [
                        0.3333333432674408
                    ],
                    [
                        0.3333333432674408
                    ],
                    [
                        0.6666666865348816
                    ],
                    [
                        0.3333333432674408
                    ],
                    [
                        0.3333333432674408
                    ],
                    [
                        0.3333333432674408
                    ],
                    [
                        0.3333333432674408
                    ],
                    [
                        0.3333333432674408
                    ]
                ]
            ],
            "returns": [
                [
                    [
                        0.5189999938011169
                    ],
                    [
                        0.5180416703224182
                    ],
                    [
                        0.5170833468437195
                    ],
                    [
                        0.5161250233650208
                    ],
                    [
                        0.5151666402816772
                    ],
                    [
                        0.5143333077430725
                    ],
                    [
                        0.5134999752044678
                    ],
                    [
                        0.512666642665863
                    ],
                    [
                        0.5118333101272583
                    ],
                    [
                        0.5109999775886536
                    ],
                    [
                        0.5101666450500488
                    ],
                    [
                        0.5093333125114441
                    ],
                    [
                        0.5084999799728394
                    ],
                    [
                        0.5076666474342346
                    ],
                    [
                        0.5068333148956299
                    ],
                    [
                        0.5059999823570251
                    ],
                    [
                        0.5057500004768372
                    ],
                    [
                        0.5055000185966492
                    ],
                    [
                        0.5052499771118164
                    ],
                    [
                        0.5049999952316284
                    ]
                ]
            ],
            "timesteps": [
                [
                    160,
                    161,
                    162,
                    163,
                    164,
                    165,
                    166,
                    167,
                    168,
                    169,
                    170,
                    171,
                    172,
                    173,
                    174,
                    175,
                    176,
                    177,
                    178,
                    179
                ]
            ],
            "labels": [
                [
                    0,
                    0,
                    0,
                    0,
                    1,
                    0,
                    0,
                    0,
                    0,
                    0,
                    0,
                    0,
                    0,
                    0,
                    1,
                    0,
                    0,
                    0,
                    0,
                    0
                ]
            ],
            "CPU Usage": 3.5,
            "RAM Usage": 17.4,
            "GPU Usage": 54.0,
            "VRAM Usage": 15400.0,
            "Disk Read Speed (MB/s)": 75057177.68652344,
            "Disk Write Speed (MB/s)": 506878108.29003906
        },
        {
            "step": 2,
            "train_loss": 0.007843857631087303,
            "actions_pred1": [
                [
                    [
                        2.4853906631469727,
                        -0.025601696223020554,
                        -1.8671940565109253
                    ],
                    [
                        2.489466905593872,
                        0.040185246616601944,
                        -2.2302403450012207
                    ],
                    [
                        2.547247886657715,
                        0.05017479136586189,
                        -2.367563486099243
                    ],
                    [
                        2.360278606414795,
                        0.20873138308525085,
                        -2.6299071311950684
                    ],
                    [
                        1.8336979150772095,
                        0.4199671745300293,
                        -2.181116819381714
                    ],
                    [
                        2.6564738750457764,
                        0.08228588849306107,
                        -2.265411138534546
                    ],
                    [
                        2.766845226287842,
                        0.147003635764122,
                        -2.245542526245117
                    ],
                    [
                        2.8240511417388916,
                        0.14371344447135925,
                        -1.8136733770370483
                    ],
                    [
                        2.552168846130371,
                        -0.01130963396281004,
                        -2.0020017623901367
                    ],
                    [
                        2.4708003997802734,
                        0.2576668858528137,
                        -2.080249786376953
                    ],
                    [
                        2.649712324142456,
                        0.18631210923194885,
                        -1.9783070087432861
                    ],
                    [
                        2.5356149673461914,
                        0.26666128635406494,
                        -2.170745849609375
                    ],
                    [
                        2.364187479019165,
                        0.2560281455516815,
                        -1.95455801486969
                    ],
                    [
                        2.5680792331695557,
                        0.42687517404556274,
                        -2.5891377925872803
                    ],
                    [
                        1.907418131828308,
                        0.57150799036026,
                        -1.982354998588562
                    ],
                    [
                        2.6110951900482178,
                        0.22981075942516327,
                        -1.9748543500900269
                    ],
                    [
                        2.8199944496154785,
                        0.08891551196575165,
                        -2.2245290279388428
                    ],
                    [
                        2.5135631561279297,
                        0.49621087312698364,
                        -2.081342935562134
                    ],
                    [
                        2.7317521572113037,
                        0.3931353688240051,
                        -1.9543853998184204
                    ],
                    [
                        2.4574337005615234,
                        0.4531992971897125,
                        -2.0826737880706787
                    ]
                ]
            ],
            "actions_pred": [
                [
                    [
                        2.4853906631469727,
                        2.489466905593872,
                        2.547247886657715,
                        2.360278606414795,
                        1.8336979150772095,
                        2.6564738750457764,
                        2.766845226287842,
                        2.8240511417388916,
                        2.552168846130371,
                        2.4708003997802734,
                        2.649712324142456,
                        2.5356149673461914,
                        2.364187479019165,
                        2.5680792331695557,
                        1.907418131828308,
                        2.6110951900482178,
