{
    "steps": [
        {
            "step": 0,
            "train_loss": 0.012141644023358822,
            "actions_pred1": [
                [
                    [
                        1.8493332862854004,
                        -0.08329614996910095,
                        -1.0682721138000488
                    ],
                    [
                        2.7788093090057373,
                        -0.5002791881561279,
                        -1.492050051689148
                    ],
                    [
                        1.6361913681030273,
                        0.3711296617984772,
                        -1.160559892654419
                    ],
                    [
                        3.0817108154296875,
                        -0.5203648805618286,
                        -1.5385947227478027
                    ],
                    [
                        2.894841432571411,
                        0.05364450439810753,
                        -1.7807435989379883
                    ],
                    [
                        3.17014217376709,
                        -0.32070744037628174,
                        -1.998427152633667
                    ],
                    [
                        2.965895891189575,
                        0.012581925839185715,
                        -2.0351712703704834
                    ],
                    [
                        3.1036248207092285,
                        -0.5574440360069275,
                        -2.1907691955566406
                    ],
                    [
                        2.9939279556274414,
                        -0.3994060456752777,
                        -1.9149200916290283
                    ],
                    [
                        3.4556736946105957,
                        -0.4663698971271515,
                        -1.678905963897705
                    ],
                    [
                        3.0892891883850098,
                        -0.2870827615261078,
                        -1.7707834243774414
                    ],
                    [
                        3.4252963066101074,
                        -0.20898659527301788,
                        -1.7500172853469849
                    ],
                    [
                        3.634387969970703,
                        -0.3460693657398224,
                        -1.9427053928375244
                    ],
                    [
                        3.6472651958465576,
                        -0.5273937582969666,
                        -2.092085123062134
                    ],
                    [
                        3.3713791370391846,
                        -0.2873406708240509,
                        -1.785900354385376
                    ],
                    [
                        2.9508724212646484,
                        -0.1566777229309082,
                        -2.0179710388183594
                    ],
                    [
                        3.1991353034973145,
                        0.07088293135166168,
                        -1.8937642574310303
                    ],
                    [
                        1.9660533666610718,
                        0.012753140181303024,
                        -2.1057379245758057
                    ],
                    [
                        3.157773494720459,
                        -0.46676045656204224,
                        -1.7179332971572876
                    ],
                    [
                        3.3789796829223633,
                        -0.3382379412651062,
                        -1.9043067693710327
                    ]
                ]
            ],
            "actions_pred": [
                [
                    [
                        1.8493332862854004,
                        2.7788093090057373,
                        1.6361913681030273,
                        3.0817108154296875,
                        2.894841432571411,
                        3.17014217376709,
                        2.965895891189575,
                        3.1036248207092285,
                        2.9939279556274414,
                        3.4556736946105957,
                        3.0892891883850098,
                        3.4252963066101074,
                        3.634387969970703,
                        3.6472651958465576,
                        3.3713791370391846,
                        2.9508724212646484,
                        3.1991353034973145,
                        1.9660533666610718,
                        3.157773494720459,
                        3.3789796829223633
                    ],
                    [
                        -0.08329614996910095,
                        -0.5002791881561279,
                        0.3711296617984772,
                        -0.5203648805618286,
                        0.05364450439810753,
                        -0.32070744037628174,
                        0.012581925839185715,
                        -0.5574440360069275,
                        -0.3994060456752777,
                        -0.4663698971271515,
                        -0.2870827615261078,
                        -0.20898659527301788,
                        -0.3460693657398224,
                        -0.5273937582969666,
                        -0.2873406708240509,
                        -0.1566777229309082,
                        0.07088293135166168,
                        0.012753140181303024,
                        -0.46676045656204224,
                        -0.3382379412651062
                    ],
                    [
                        -1.0682721138000488,
                        -1.492050051689148,
                        -1.160559892654419,
                        -1.5385947227478027,
                        -1.7807435989379883,
                        -1.998427152633667,
                        -2.0351712703704834,
                        -2.1907691955566406,
                        -1.9149200916290283,
                        -1.678905963897705,
                        -1.7707834243774414,
                        -1.7500172853469849,
                        -1.9427053928375244,
                        -2.092085123062134,
                        -1.785900354385376,
                        -2.0179710388183594,
                        -1.8937642574310303,
                        -2.1057379245758057,
                        -1.7179332971572876,
                        -1.9043067693710327
                    ]
                ]
            ],
            "states": [
                [
                    [
                        1.0,
                        150000.0,
                        0.0,
                        20000.0,
                        0.0,
                        0.0,
                        9000646.0,
                        0.0
                    ],
                    [
                        0.0,
                        0.0,
                        181308608.0,
                        100000.0,
                        17986263040.0,
                        0.0,
                        8339865.0,
                        98.0
                    ],
                    [
                        1.0,
                        150000.0,
                        0.0,
                        20000.0,
                        0.0,
                        0.0,
                        9002146.0,
                        0.0
                    ],
                    [
                        0.0,
                        0.0,
                        181308608.0,
                        100000.0,
                        18167570432.0,
                        0.0,
                        8341365.0,
                        98.0
                    ],
                    [
                        0.0,
                        0.0,
                        181308608.0,
                        100000.0,
                        18348879872.0,
                        0.0,
                        8341417.0,
                        98.0
                    ],
                    [
                        0.0,
                        0.0,
                        148425264.0,
                        60000.0,
                        17844506624.0,
                        0.0,
                        8425129.0,
                        99.0
                    ],
                    [
                        0.0,
                        0.0,
                        148425264.0,
                        60000.0,
                        17992931328.0,
                        0.0,
                        8425193.0,
                        99.0
                    ],
                    [
                        1.0,
                        120000.0,
                        240516.0,
                        60000.0,
                        1920181.0,
                        0.0,
                        9131146.0,
                        0.0
                    ],
                    [
                        1.0,
                        120000.0,
                        240516.0,
                        60000.0,
                        2160697.0,
                        0.0,
                        9132646.0,
                        0.0
                    ],
                    [
                        0.0,
                        0.0,
                        148425264.0,
                        60000.0,
                        18141356032.0,
                        0.0,
                        8426693.0,
                        99.0
                    ],
                    [
                        0.0,
                        0.0,
                        148425264.0,
                        60000.0,
                        17992931328.0,
                        0.0,
                        8425193.0,
                        99.0
                    ],
                    [
                        1.0,
                        120000.0,
                        240516.0,
                        60000.0,
                        1920181.0,
                        0.0,
                        9131146.0,
                        0.0
                    ],
                    [
                        1.0,
                        120000.0,
                        240516.0,
                        60000.0,
                        2160697.0,
                        0.0,
                        9132646.0,
                        0.0
                    ],
                    [
                        0.0,
                        0.0,
                        148425264.0,
                        60000.0,
                        18141356032.0,
                        0.0,
                        8426693.0,
                        99.0
                    ],
                    [
                        0.0,
                        0.0,
                        148425264.0,
                        60000.0,
                        18289780736.0,
                        0.0,
                        8426757.0,
                        99.0
                    ],
                    [
                        0.0,
                        0.0,
                        326263744.0,
                        150000.0,
                        16953800704.0,
                        0.0,
                        8487041.0,
                        100.0
                    ],
                    [
                        1.0,
                        15000.0,
                        10852103.0,
                        140000.0,
                        587691328.0,
                        0.0,
                        9239146.0,
                        0.0
                    ],
                    [
                        0.0,
                        0.0,
                        326263744.0,
                        160000.0,
                        17280065536.0,
                        0.0,
                        8487093.0,
                        100.0
                    ],
                    [
                        0.0,
                        0.0,
                        326263744.0,
                        160000.0,
                        17606328320.0,
                        0.0,
                        8487157.0,
                        100.0
                    ],
                    [
                        0.0,
                        0.0,
                        326263744.0,
                        160000.0,
                        17932593152.0,
                        0.0,
                        8487209.0,
                        100.0
                    ]
                ]
            ],
            "actions": [
                [
                    [
                        0.3333333432674408
                    ],
                    [
                        0.3333333432674408
                    ],
                    [
                        0.3333333432674408
                    ],
                    [
                        0.3333333432674408
                    ],
                    [
                        0.6666666865348816
                    ],
                    [
                        0.3333333432674408
                    ],
                    [
                        0.3333333432674408
                    ],
                    [
                        0.3333333432674408
                    ],
                    [
                        0.3333333432674408
                    ],
                    [
                        0.3333333432674408
                    ],
                    [
                        0.3333333432674408
                    ],
                    [
                        0.3333333432674408
                    ],
                    [
                        0.3333333432674408
                    ],
                    [
                        0.3333333432674408
                    ],
                    [
                        0.6666666865348816
                    ],
                    [
                        0.3333333432674408
                    ],
                    [
                        0.3333333432674408
                    ],
                    [
                        0.3333333432674408
                    ],
                    [
                        0.3333333432674408
                    ],
                    [
                        0.3333333432674408
                    ]
                ]
            ],
            "returns": [
                [
                    [
                        0.13950000703334808
                    ],
                    [
                        0.1394166648387909
                    ],
                    [
                        0.13899999856948853
                    ],
                    [
                        0.13891667127609253
                    ],
                    [
                        0.13850000500679016
                    ],
                    [
                        0.1380833387374878
                    ],
                    [
                        0.13783332705497742
                    ],
                    [
                        0.13758333027362823
                    ],
                    [
                        0.13733333349227905
                    ],
                    [
                        0.13708333671092987
                    ],
                    [
                        0.1368333399295807
                    ],
                    [
                        0.1365833282470703
                    ],
                    [
                        0.13633333146572113
                    ],
                    [
                        0.13608333468437195
                    ],
                    [
                        0.13583333790302277
                    ],
                    [
                        0.1355833262205124
                    ],
                    [
                        0.13495832681655884
                    ],
                    [
                        0.13437500596046448
                    ],
                    [
                        0.13370832800865173
                    ],
                    [
                        0.13304166495800018
                    ]
                ]
            ],
            "timesteps": [
                [
                    1020,
                    1021,
                    1022,
                    1023,
                    1024,
                    1025,
                    1026,
                    1027,
                    1028,
                    1029,
                    1030,
                    1031,
                    1032,
                    1033,
                    1034,
                    1035,
                    1036,
                    1037,
                    1038,
                    1039
                ]
            ],
            "labels": [
                [
                    0,
                    0,
                    0,
                    0,
                    1,
                    0,
                    0,
                    0,
                    0,
                    0,
                    0,
                    0,
                    0,
                    0,
                    1,
                    0,
                    0,
                    0,
                    0,
                    0
                ]
            ],
            "CPU Usage": 5.0,
            "RAM Usage": 17.4,
            "GPU Usage": 42.0,
            "VRAM Usage": 15400.0,
            "Disk Read Speed (MB/s)": 75057177.68652344,
            "Disk Write Speed (MB/s)": 506878166.74316406
        },
        {
            "step": 1,
            "train_loss": 0.0075322226621210575,
            "actions_pred1": [
                [
                    [
                        2.586865186691284,
                        -1.029486060142517,
                        -1.918052315711975
                    ],
                    [
                        2.412564992904663,
                        -0.8046056032180786,
                        -2.0461044311523438
                    ],
                    [
                        2.355792284011841,
                        -0.6416722536087036,
                        -2.001547336578369
                    ],
                    [
                        1.9947720766067505,
                        -0.19304639101028442,
                        -2.2593727111816406
                    ],
                    [
                        0.42567920684814453,
                        0.7573314905166626,
                        -1.5629503726959229
                    ],
                    [
                        2.505098342895508,
                        -0.8311537504196167,
                        -1.803330898284912
                    ],
                    [
                        2.4986836910247803,
                        -0.6683608293533325,
                        -1.9885692596435547
                    ],
                    [
                        2.265598773956299,
                        -0.6971482038497925,
                        -1.9179818630218506
                    ],
                    [
                        2.476686477661133,
                        -0.7343717217445374,
                        -1.994687795639038
                    ],
                    [
                        2.6649811267852783,
                        -0.7723021507263184,
                        -2.1419312953948975
                    ],
                    [
                        2.670703172683716,
                        -0.5988053679466248,
                        -2.2309956550598145
                    ],
                    [
                        2.8815484046936035,
                        -0.4441414773464203,
                        -2.2059874534606934
                    ],
                    [
                        3.0742835998535156,
                        -0.3976297974586487,
                        -2.178553581237793
                    ],
                    [
                        3.0199196338653564,
                        -0.5920501947402954,
                        -2.4012224674224854
                    ],
                    [
                        3.0034172534942627,
                        -0.37931835651397705,
                        -2.1268978118896484
                    ],
                    [
                        3.348843812942505,
                        -0.4853637218475342,
                        -2.3250041007995605
                    ],
                    [
                        4.071412086486816,
                        -1.105959415435791,
                        -1.9414150714874268
                    ],
                    [
                        3.4188709259033203,
                        -0.1779848039150238,
                        -1.7110780477523804
                    ],
                    [
                        3.137346029281616,
                        -0.04201960936188698,
                        -2.003401517868042
                    ],
                    [
                        3.660438299179077,
                        -0.7716065645217896,
                        -1.8375763893127441
                    ]
                ]
            ],
            "actions_pred": [
                [
                    [
                        2.586865186691284,
                        2.412564992904663,
                        2.355792284011841,
                        1.9947720766067505,
                        0.42567920684814453,
                        2.505098342895508,
                        2.4986836910247803,
                        2.265598773956299,
                        2.476686477661133,
                        2.6649811267852783,
                        2.670703172683716,
                        2.8815484046936035,
                        3.0742835998535156,
                        3.0199196338653564,
                        3.0034172534942627,
                        3.348843812942505,
                        4.071412086486816,
                        3.4188709259033203,
                        3.137346029281616,
                        3.660438299179077
                    ],
                    [
                        -1.029486060142517,
                        -0.8046056032180786,
                        -0.6416722536087036,
                        -0.19304639101028442,
                        0.7573314905166626,
                        -0.8311537504196167,
                        -0.6683608293533325,
                        -0.6971482038497925,
                        -0.7343717217445374,
                        -0.7723021507263184,
                        -0.5988053679466248,
                        -0.4441414773464203,
                        -0.3976297974586487,
                        -0.5920501947402954,
                        -0.37931835651397705,
                        -0.4853637218475342,
                        -1.105959415435791,
                        -0.1779848039150238,
                        -0.04201960936188698,
                        -0.7716065645217896
                    ],
                    [
                        -1.918052315711975,
                        -2.0461044311523438,
                        -2.001547336578369,
                        -2.2593727111816406,
                        -1.5629503726959229,
                        -1.803330898284912,
                        -1.9885692596435547,
                        -1.9179818630218506,
                        -1.994687795639038,
                        -2.1419312953948975,
                        -2.2309956550598145,
                        -2.2059874534606934,
                        -2.178553581237793,
                        -2.4012224674224854,
                        -2.1268978118896484,
                        -2.3250041007995605,
                        -1.9414150714874268,
                        -1.7110780477523804,
                        -2.003401517868042,
                        -1.8375763893127441
                    ]
                ]
            ],
            "states": [
                [
                    [
                        0.0,
                        0.0,
                        392030432.0,
                        90000.0,
                        4312334848.0,
                        0.0,
                        8618017.0,
                        106.0
                    ],
                    [
                        0.0,
                        0.0,
                        392030432.0,
                        90000.0,
                        4704365056.0,
                        0.0,
                        8619517.0,
                        106.0
                    ],
                    [
                        0.0,
                        0.0,
                        392030432.0,
                        90000.0,
                        5096395776.0,
                        0.0,
                        8619569.0,
                        106.0
                    ],
                    [
                        0.0,
                        0.0,
                        392030432.0,
                        90000.0,
                        5488425984.0,
                        0.0,
                        8619621.0,
                        106.0
                    ],
                    [
                        0.0,
                        0.0,
                        392030432.0,
                        90000.0,
                        0.0,
                        0.0,
                        8619673.0,
                        106.0
                    ],
                    [
                        0.0,
                        0.0,
                        465850176.0,
                        110000.0,
                        16000425984.0,
                        0.0,
                        8646265.0,
                        107.0
                    ],
                    [
                        0.0,
                        0.0,
                        508799840.0,
                        110000.0,
                        16509225984.0,
                        0.0,
                        8646317.0,
                        107.0
                    ],
                    [
                        0.0,
                        0.0,
                        508799840.0,
                        110000.0,
                        17018025984.0,
                        0.0,
                        8646369.0,
                        107.0
                    ],
                    [
                        0.0,
                        0.0,
                        508799840.0,
                        110000.0,
                        17526824960.0,
                        0.0,
                        8646421.0,
                        107.0
                    ],
                    [
                        0.0,
                        0.0,
                        508799840.0,
                        110000.0,
                        18035625984.0,
                        0.0,
                        8646473.0,
                        107.0
                    ],
                    [
                        0.0,
                        0.0,
                        508799840.0,
                        110000.0,
                        16509225984.0,
                        0.0,
                        8646317.0,
                        107.0
                    ],
                    [
                        0.0,
                        0.0,
                        508799840.0,
                        110000.0,
                        17018025984.0,
                        0.0,
                        8646369.0,
                        107.0
                    ],
                    [
                        0.0,
                        0.0,
                        508799840.0,
                        110000.0,
                        17526824960.0,
                        0.0,
                        8646421.0,
                        107.0
                    ],
                    [
                        0.0,
                        0.0,
                        508799840.0,
                        110000.0,
                        18035625984.0,
                        0.0,
                        8646473.0,
                        107.0
                    ],
                    [
                        0.0,
                        0.0,
                        508799840.0,
                        110000.0,
                        18544424960.0,
                        0.0,
                        8646525.0,
                        107.0
                    ],
                    [
                        0.0,
                        0.0,
                        508799840.0,
                        110000.0,
                        3561598976.0,
                        0.0,
                        8654129.0,
                        108.0
                    ],
                    [
                        0.0,
                        0.0,
                        508799840.0,
                        140000.0,
                        4070398720.0,
                        0.0,
                        8654181.0,
                        108.0
                    ],
                    [
                        0.0,
                        0.0,
                        508799840.0,
                        140000.0,
                        4579198464.0,
                        0.0,
                        8655681.0,
                        108.0
                    ],
                    [
                        0.0,
                        0.0,
                        508799840.0,
                        140000.0,
                        5087998464.0,
                        0.0,
                        8657181.0,
                        108.0
                    ],
                    [
                        0.0,
                        0.0,
                        508799840.0,
                        140000.0,
                        5596798464.0,
                        0.0,
                        8657233.0,
                        108.0
                    ]
                ]
            ],
            "actions": [
                [
                    [
                        0.3333333432674408
                    ],
                    [
                        0.3333333432674408
                    ],
                    [
                        0.3333333432674408
                    ],
                    [
                        0.3333333432674408
                    ],
                    [
                        0.6666666865348816
                    ],
                    [
                        0.3333333432674408
                    ],
                    [
                        0.3333333432674408
                    ],
                    [
                        0.3333333432674408
                    ],
                    [
                        0.3333333432674408
                    ],
                    [
                        0.3333333432674408
                    ],
                    [
                        0.3333333432674408
                    ],
                    [
                        0.3333333432674408
                    ],
                    [
                        0.3333333432674408
                    ],
                    [
                        0.3333333432674408
                    ],
                    [
                        0.6666666865348816
                    ],
                    [
                        0.3333333432674408
                    ],
                    [
                        0.3333333432674408
                    ],
                    [
                        0.3333333432674408
                    ],
                    [
                        0.3333333432674408
                    ],
                    [
                        0.3333333432674408
                    ]
                ]
            ],
            "returns": [
                [
                    [
                        0.10970833152532578
                    ],
                    [
                        0.109333336353302
                    ],
                    [
                        0.10895833373069763
                    ],
                    [
                        0.10858333110809326
                    ],
                    [
                        0.10820833593606949
                    ],
                    [
                        0.10783333331346512
                    ],
                    [
                        0.10737500339746475
                    ],
                    [
                        0.10691666603088379
                    ],
                    [
                        0.10645833611488342
                    ],
                    [
                        0.10599999874830246
                    ],
                    [
                        0.1055416688323021
                    ],
                    [
                        0.10508333146572113
                    ],
                    [
                        0.10462500154972076
                    ],
                    [
                        0.1041666641831398
                    ],
                    [
                        0.10370833426713943
                    ],
                    [
                        0.10324999690055847
                    ],
                    [
                        0.1027916669845581
                    ],
                    [
                        0.10220833122730255
                    ],
                    [
                        0.1016250029206276
                    ],
                    [
                        0.10104166716337204
                    ]
                ]
            ],
            "timesteps": [
                [
                    1100,
                    1101,
                    1102,
                    1103,
                    1104,
                    1105,
                    1106,
                    1107,
                    1108,
                    1109,
                    1110,
                    1111,
                    1112,
                    1113,
                    1114,
                    1115,
                    1116,
                    1117,
                    1118,
                    1119
                ]
            ],
            "labels": [
                [
                    0,
                    0,
                    0,
                    0,
                    1,
                    0,
                    0,
                    0,
                    0,
                    0,
                    0,
                    0,
                    0,
                    0,
                    1,
                    0,
                    0,
                    0,
                    0,
                    0
                ]
            ],
            "CPU Usage": 5.0,
            "RAM Usage": 17.4,
            "GPU Usage": 80.0,
            "VRAM Usage": 15400.0,
            "Disk Read Speed (MB/s)": 75057177.68652344,
            "Disk Write Speed (MB/s)": 506878166.74316406
        },
        {
            "step": 2,
            "train_loss": 0.001582175143994391,
            "actions_pred1": [
                [
                    [
                        5.86509370803833,
                        -0.48076575994491577,
                        -2.3658668994903564
                    ],
                    [
                        5.084598064422607,
                        0.24126800894737244,
                        -1.559936285018921
                    ],
                    [
                        4.600221633911133,
                        -0.46217334270477295,
                        -1.9555712938308716
                    ],
                    [
                        4.158492088317871,
                        -0.6852683424949646,
                        -2.2096993923187256
                    ],
                    [
                        1.0511717796325684,
                        1.9905537366867065,
                        -1.9815583229064941
                    ],
                    [
                        2.7230334281921387,
                        -0.08636385202407837,
                        -1.9857184886932373
                    ],
                    [
                        4.536972522735596,
                        -0.37679624557495117,
                        -2.716271162033081
                    ],
                    [
                        4.459529876708984,
                        0.3143251836299896,
                        -2.214416265487671
                    ],
                    [
                        3.4669744968414307,
                        0.0755109041929245,
                        -2.2151012420654297
                    ],
                    [
                        3.868069648742676,
                        -0.6924186944961548,
                        -2.4018216133117676
                    ],
                    [
                        3.6105542182922363,
                        -0.646467924118042,
                        -2.438716411590576
                    ],
                    [
                        3.58840274810791,
                        0.5327667593955994,
                        -2.0903093814849854
                    ],
                    [
                        4.359287261962891,
                        0.14965683221817017,
                        -2.002930164337158
                    ],
                    [
                        3.9426465034484863,
                        -0.6755338311195374,
                        -2.3530168533325195
                    ],
                    [
                        1.3867331743240356,
                        2.983933448791504,
                        -2.59177827835083
                    ],
                    [
                        3.2866318225860596,
                        0.8923099040985107,
                        -2.716796636581421
                    ],
                    [
                        4.3362579345703125,
                        0.3971124589443207,
                        -1.9520540237426758
                    ],
                    [
                        4.073765754699707,
                        0.6304464340209961,
                        -2.8871984481811523
                    ],
                    [
                        3.6220524311065674,
                        0.09826220571994781,
                        -2.165269613265991
                    ],
                    [
                        3.6207356452941895,
                        0.45400723814964294,
                        -2.311394691467285
                    ]
                ]
            ],
            "actions_pred": [
                [
                    [
                        5.86509370803833,
                        5.084598064422607,
                        4.600221633911133,
                        4.158492088317871,
                        1.0511717796325684,
                        2.7230334281921387,
                        4.536972522735596,
                        4.459529876708984,
                        3.4669744968414307,
                        3.868069648742676,
                        3.6105542182922363,
                        3.58840274810791,
                        4.359287261962891,
