{
    "steps": [
        {
            "step": 0,
            "train_loss": 0.007725139614194632,
            "actions_pred1": [
                [
                    [
                        1.9907758235931396,
                        -0.28250032663345337,
                        -1.5428111553192139
                    ],
                    [
                        2.2336106300354004,
                        -0.083238385617733,
                        -1.976413369178772
                    ],
                    [
                        2.6228108406066895,
                        0.07116318494081497,
                        -2.1999809741973877
                    ],
                    [
                        2.733015298843384,
                        0.11300808936357498,
                        -1.8845056295394897
                    ],
                    [
                        1.8252695798873901,
                        0.7999087572097778,
                        -1.8634209632873535
                    ],
                    [
                        1.6145997047424316,
                        0.602368175983429,
                        -1.9354954957962036
                    ],
                    [
                        2.6339309215545654,
                        -0.030742639675736427,
                        -2.12138295173645
                    ],
                    [
                        2.531093120574951,
                        0.21726003289222717,
                        -2.0055112838745117
                    ],
                    [
                        2.7182233333587646,
                        -0.04485996812582016,
                        -1.9181002378463745
                    ],
                    [
                        2.9322071075439453,
                        0.08540616184473038,
                        -2.1824111938476562
                    ],
                    [
                        2.9472103118896484,
                        -0.0398554727435112,
                        -2.1191399097442627
                    ],
                    [
                        2.9505369663238525,
                        0.034223832190036774,
                        -2.322667121887207
                    ],
                    [
                        2.2411768436431885,
                        0.6871141791343689,
                        -2.454289674758911
                    ],
                    [
                        2.929262161254883,
                        0.1673402190208435,
                        -2.1403775215148926
                    ],
                    [
                        2.0809831619262695,
                        0.5481551885604858,
                        -2.0171613693237305
                    ],
                    [
                        2.636631488800049,
                        0.11789721995592117,
                        -2.118300199508667
                    ],
                    [
                        2.7399070262908936,
                        -0.004848862066864967,
                        -1.784062385559082
                    ],
                    [
                        2.699131965637207,
                        0.2564130425453186,
                        -2.2492012977600098
                    ],
                    [
                        2.2577483654022217,
                        0.14978396892547607,
                        -2.2026422023773193
                    ],
                    [
                        2.721196174621582,
                        -0.13757891952991486,
                        -1.9815011024475098
                    ]
                ]
            ],
            "actions_pred": [
                [
                    [
                        1.9907758235931396,
                        2.2336106300354004,
                        2.6228108406066895,
                        2.733015298843384,
                        1.8252695798873901,
                        1.6145997047424316,
                        2.6339309215545654,
                        2.531093120574951,
                        2.7182233333587646,
                        2.9322071075439453,
                        2.9472103118896484,
                        2.9505369663238525,
                        2.2411768436431885,
                        2.929262161254883,
                        2.0809831619262695,
                        2.636631488800049,
                        2.7399070262908936,
                        2.699131965637207,
                        2.2577483654022217,
                        2.721196174621582
                    ],
                    [
                        -0.28250032663345337,
                        -0.083238385617733,
                        0.07116318494081497,
                        0.11300808936357498,
                        0.7999087572097778,
                        0.602368175983429,
                        -0.030742639675736427,
                        0.21726003289222717,
                        -0.04485996812582016,
                        0.08540616184473038,
                        -0.0398554727435112,
                        0.034223832190036774,
                        0.6871141791343689,
                        0.1673402190208435,
                        0.5481551885604858,
                        0.11789721995592117,
                        -0.004848862066864967,
                        0.2564130425453186,
                        0.14978396892547607,
                        -0.13757891952991486
                    ],
                    [
                        -1.5428111553192139,
                        -1.976413369178772,
                        -2.1999809741973877,
                        -1.8845056295394897,
                        -1.8634209632873535,
                        -1.9354954957962036,
                        -2.12138295173645,
                        -2.0055112838745117,
                        -1.9181002378463745,
                        -2.1824111938476562,
                        -2.1191399097442627,
                        -2.322667121887207,
                        -2.454289674758911,
                        -2.1403775215148926,
                        -2.0171613693237305,
                        -2.118300199508667,
                        -1.784062385559082,
                        -2.2492012977600098,
                        -2.2026422023773193,
                        -1.9815011024475098
                    ]
                ]
            ],
            "states": [
                [
                    [
                        0.0,
                        0.0,
                        546429312.0,
                        120000.0,
                        12384158720.0,
                        0.0,
                        3418557.0,
                        33.0
                    ],
                    [
                        0.0,
                        0.0,
                        546429312.0,
                        120000.0,
                        12930588672.0,
                        0.0,
                        3418629.0,
                        33.0
                    ],
                    [
                        0.0,
                        0.0,
                        546429312.0,
                        120000.0,
                        13477017600.0,
                        0.0,
                        3418709.0,
                        33.0
                    ],
                    [
                        0.0,
                        0.0,
                        546429312.0,
                        120000.0,
                        14023446528.0,
                        0.0,
                        3418761.0,
                        33.0
                    ],
                    [
                        0.0,
                        0.0,
                        546429312.0,
                        120000.0,
                        0.0,
                        0.0,
                        3418841.0,
                        33.0
                    ],
                    [
                        1.0,
                        150000.0,
                        0.0,
                        0.0,
                        0.0,
                        0.0,
                        2498146.0,
                        0.0
                    ],
                    [
                        0.0,
                        0.0,
                        589379008.0,
                        130000.0,
                        3867954688.0,
                        0.0,
                        3419309.0,
                        34.0
                    ],
                    [
                        0.0,
                        0.0,
                        589379008.0,
                        130000.0,
                        4457333760.0,
                        0.0,
                        3419373.0,
                        34.0
                    ],
                    [
                        0.0,
                        0.0,
                        589379008.0,
                        130000.0,
                        5046712832.0,
                        0.0,
                        3419425.0,
                        34.0
                    ],
                    [
                        0.0,
                        0.0,
                        589379008.0,
                        100000.0,
                        5636091904.0,
                        0.0,
                        3419489.0,
                        34.0
                    ],
                    [
                        0.0,
                        0.0,
                        589379008.0,
                        130000.0,
                        3867954688.0,
                        0.0,
                        3419309.0,
                        34.0
                    ],
                    [
                        0.0,
                        0.0,
                        589379008.0,
                        130000.0,
                        4457333760.0,
                        0.0,
                        3419373.0,
                        34.0
                    ],
                    [
                        0.0,
                        0.0,
                        589379008.0,
                        130000.0,
                        5046712832.0,
                        0.0,
                        3419425.0,
                        34.0
                    ],
                    [
                        0.0,
                        0.0,
                        589379008.0,
                        100000.0,
                        5636091904.0,
                        0.0,
                        3419489.0,
                        34.0
                    ],
                    [
                        0.0,
                        0.0,
                        589379008.0,
                        100000.0,
                        0.0,
                        0.0,
                        3419561.0,
                        34.0
                    ],
                    [
                        0.0,
                        15000.0,
                        127216512.0,
                        180000.0,
                        2066251008.0,
                        0.0,
                        3572493.0,
                        35.0
                    ],
                    [
                        0.0,
                        0.0,
                        162784208.0,
                        180000.0,
                        2229035264.0,
                        0.0,
                        3573993.0,
                        35.0
                    ],
                    [
                        0.0,
                        0.0,
                        162784208.0,
                        180000.0,
                        2391819264.0,
                        0.0,
                        3574045.0,
                        35.0
                    ],
                    [
                        0.0,
                        0.0,
                        162784208.0,
                        180000.0,
                        2554603520.0,
                        0.0,
                        3575545.0,
                        35.0
                    ],
                    [
                        0.0,
                        0.0,
                        162784208.0,
                        180000.0,
                        2717387776.0,
                        0.0,
                        3577045.0,
                        35.0
                    ]
                ]
            ],
            "actions": [
                [
                    [
                        0.3333333432674408
                    ],
                    [
                        0.3333333432674408
                    ],
                    [
                        0.3333333432674408
                    ],
                    [
                        0.3333333432674408
                    ],
                    [
                        0.6666666865348816
                    ],
                    [
                        0.3333333432674408
                    ],
                    [
                        0.3333333432674408
                    ],
                    [
                        0.3333333432674408
                    ],
                    [
                        0.3333333432674408
                    ],
                    [
                        0.3333333432674408
                    ],
                    [
                        0.3333333432674408
                    ],
                    [
                        0.3333333432674408
                    ],
                    [
                        0.3333333432674408
                    ],
                    [
                        0.3333333432674408
                    ],
                    [
                        0.6666666865348816
                    ],
                    [
                        0.3333333432674408
                    ],
                    [
                        0.3333333432674408
                    ],
                    [
                        0.3333333432674408
                    ],
                    [
                        0.3333333432674408
                    ],
                    [
                        0.3333333432674408
                    ]
                ]
            ],
            "returns": [
                [
                    [
                        0.43529167771339417
                    ],
                    [
                        0.4347916543483734
                    ],
                    [
                        0.43429166078567505
                    ],
                    [
                        0.4337916672229767
                    ],
                    [
                        0.4332916736602783
                    ],
                    [
                        0.43279168009757996
                    ],
                    [
                        0.43279168009757996
                    ],
                    [
                        0.4322499930858612
                    ],
                    [
                        0.43170833587646484
                    ],
                    [
                        0.4311666786670685
                    ],
                    [
                        0.4307500123977661
                    ],
                    [
                        0.43020832538604736
                    ],
                    [
                        0.429666668176651
                    ],
                    [
                        0.42912501096725464
                    ],
                    [
                        0.42870834469795227
                    ],
                    [
                        0.4282916784286499
                    ],
                    [
                        0.42754167318344116
                    ],
                    [
                        0.4267916679382324
                    ],
                    [
                        0.4260416626930237
                    ],
                    [
                        0.42529165744781494
                    ]
                ]
            ],
            "timesteps": [
                [
                    340,
                    341,
                    342,
                    343,
                    344,
                    345,
                    346,
                    347,
                    348,
                    349,
                    350,
                    351,
                    352,
                    353,
                    354,
                    355,
                    356,
                    357,
                    358,
                    359
                ]
            ],
            "labels": [
                [
                    0,
                    0,
                    0,
                    0,
                    1,
                    0,
                    0,
                    0,
                    0,
                    0,
                    0,
                    0,
                    0,
                    0,
                    1,
                    0,
                    0,
                    0,
                    0,
                    0
                ]
            ],
            "CPU Usage": 4.0,
            "RAM Usage": 17.4,
            "GPU Usage": 42.0,
            "VRAM Usage": 15400.0,
            "Disk Read Speed (MB/s)": 75057177.68652344,
            "Disk Write Speed (MB/s)": 506878119.10253906
        },
        {
            "step": 1,
            "train_loss": 0.007819724269211292,
            "actions_pred1": [
                [
                    [
                        4.410220146179199,
                        0.7747533321380615,
                        -1.760726809501648
                    ],
                    [
                        5.161930561065674,
                        0.39073890447616577,
                        -2.0812363624572754
                    ],
                    [
                        4.152221202850342,
                        0.08914725482463837,
                        -2.2917189598083496
                    ],
                    [
                        3.3325412273406982,
                        0.11747617274522781,
                        -1.9569343328475952
                    ],
                    [
                        3.6950199604034424,
                        -0.2713489234447479,
                        -2.1184816360473633
                    ],
                    [
                        3.3826138973236084,
                        0.10950884968042374,
                        -2.1475462913513184
                    ],
                    [
                        3.2411484718322754,
                        -0.07405514270067215,
                        -2.0119917392730713
                    ],
                    [
                        2.6686015129089355,
                        -0.013633916154503822,
                        -2.0988287925720215
                    ],
                    [
                        2.871717929840088,
                        -0.1319713443517685,
                        -2.357720136642456
                    ],
                    [
                        2.421029567718506,
                        0.3750300407409668,
                        -1.9402931928634644
                    ],
                    [
                        2.3940367698669434,
                        -0.07956882566213608,
                        -1.9973393678665161
                    ],
                    [
                        2.7573118209838867,
                        0.06471189111471176,
                        -2.2198853492736816
                    ],
                    [
                        2.8067970275878906,
                        0.1152023896574974,
                        -2.424281120300293
                    ],
                    [
                        2.645226001739502,
                        0.034193255007267,
                        -2.2778615951538086
                    ],
                    [
                        2.3051092624664307,
                        0.13027538359165192,
                        -1.9048470258712769
                    ],
                    [
                        2.607736349105835,
                        0.1719275712966919,
                        -2.339355945587158
                    ],
                    [
                        2.2692136764526367,
                        0.08992799371480942,
                        -2.1132888793945312
                    ],
                    [
                        2.608677387237549,
                        0.15743830800056458,
                        -2.3854799270629883
                    ],
                    [
                        2.7136480808258057,
                        -0.09421824663877487,
                        -2.540611982345581
                    ],
                    [
                        1.865805745124817,
                        0.3803422451019287,
                        -2.4518370628356934
                    ]
                ]
            ],
            "actions_pred": [
                [
                    [
                        4.410220146179199,
                        5.161930561065674,
                        4.152221202850342,
                        3.3325412273406982,
                        3.6950199604034424,
                        3.3826138973236084,
                        3.2411484718322754,
                        2.6686015129089355,
                        2.871717929840088,
                        2.421029567718506,
                        2.3940367698669434,
                        2.7573118209838867,
                        2.8067970275878906,
                        2.645226001739502,
                        2.3051092624664307,
                        2.607736349105835,
                        2.2692136764526367,
                        2.608677387237549,
                        2.7136480808258057,
                        1.865805745124817
                    ],
                    [
                        0.7747533321380615,
                        0.39073890447616577,
                        0.08914725482463837,
                        0.11747617274522781,
                        -0.2713489234447479,
                        0.10950884968042374,
                        -0.07405514270067215,
                        -0.013633916154503822,
                        -0.1319713443517685,
                        0.3750300407409668,
                        -0.07956882566213608,
                        0.06471189111471176,
                        0.1152023896574974,
                        0.034193255007267,
                        0.13027538359165192,
                        0.1719275712966919,
                        0.08992799371480942,
                        0.15743830800056458,
                        -0.09421824663877487,
                        0.3803422451019287
                    ],
                    [
                        -1.760726809501648,
                        -2.0812363624572754,
                        -2.2917189598083496,
                        -1.9569343328475952,
                        -2.1184816360473633,
                        -2.1475462913513184,
                        -2.0119917392730713,
                        -2.0988287925720215,
                        -2.357720136642456,
                        -1.9402931928634644,
                        -1.9973393678665161,
                        -2.2198853492736816,
                        -2.424281120300293,
                        -2.2778615951538086,
                        -1.9048470258712769,
                        -2.339355945587158,
                        -2.1132888793945312,
                        -2.3854799270629883,
                        -2.540611982345581,
                        -2.4518370628356934
                    ]
                ]
            ],
            "states": [
                [
                    [
                        0.0,
                        0.0,
                        330426592.0,
                        100000.0,
                        6608531968.0,
                        0.0,
                        11809665.0,
                        128.0
                    ],
                    [
                        0.0,
                        0.0,
                        330426592.0,
                        100000.0,
                        6938958336.0,
                        0.0,
                        11809717.0,
                        128.0
                    ],
                    [
                        0.0,
                        0.0,
                        330426592.0,
                        100000.0,
                        7269385216.0,
                        0.0,
                        11809781.0,
                        128.0
                    ],
                    [
                        0.0,
                        0.0,
                        330426592.0,
                        100000.0,
                        7599811584.0,
                        0.0,
                        11809833.0,
                        128.0
                    ],
                    [
                        0.0,
                        0.0,
                        330426592.0,
                        100000.0,
                        7930238464.0,
                        0.0,
                        11809885.0,
                        128.0
                    ],
                    [
                        0.0,
                        0.0,
                        330426592.0,
                        100000.0,
                        6938958336.0,
                        0.0,
                        11809717.0,
                        128.0
                    ],
                    [
                        0.0,
                        0.0,
                        330426592.0,
                        100000.0,
                        7269385216.0,
                        0.0,
                        11809781.0,
                        128.0
                    ],
                    [
                        0.0,
                        0.0,
                        330426592.0,
                        100000.0,
                        7599811584.0,
                        0.0,
                        11809833.0,
                        128.0
                    ],
                    [
                        0.0,
                        0.0,
                        330426592.0,
                        100000.0,
                        7930238464.0,
                        0.0,
                        11809885.0,
                        128.0
                    ],
                    [
                        0.0,
                        0.0,
                        326400064.0,
                        110000.0,
                        0.0,
                        0.0,
                        11809937.0,
                        128.0
                    ],
                    [
                        0.0,
                        0.0,
                        369349728.0,
                        130000.0,
                        5694847488.0,
                        0.0,
                        11815161.0,
                        129.0
                    ],
                    [
                        0.0,
                        0.0,
                        369349728.0,
                        130000.0,
                        6064197120.0,
                        0.0,
                        11816661.0,
                        129.0
                    ],
                    [
                        0.0,
                        0.0,
                        369349728.0,
                        130000.0,
                        6433546752.0,
                        0.0,
                        11816713.0,
                        129.0
                    ],
                    [
                        0.0,
                        0.0,
                        412299392.0,
                        110000.0,
                        6845846528.0,
                        0.0,
                        11816765.0,
                        129.0
                    ],
                    [
                        1.0,
                        45000.0,
                        17694.0,
                        60000.0,
                        42325728.0,
                        0.0,
                        12173198.0,
                        0.0
                    ],
                    [
                        0.0,
                        0.0,
                        369349728.0,
                        130000.0,
                        6064197120.0,
                        0.0,
                        11816661.0,
                        129.0
                    ],
                    [
                        0.0,
                        0.0,
                        369349728.0,
                        130000.0,
                        6433546752.0,
                        0.0,
                        11816713.0,
                        129.0
                    ],
                    [
                        0.0,
                        0.0,
                        412299392.0,
                        110000.0,
                        6845846528.0,
                        0.0,
                        11816765.0,
                        129.0
                    ],
                    [
                        1.0,
                        45000.0,
                        17694.0,
                        60000.0,
                        42325728.0,
                        0.0,
                        12173198.0,
                        0.0
                    ],
                    [
                        0.0,
                        0.0,
                        412299392.0,
                        110000.0,
                        0.0,
                        0.0,
                        11818265.0,
                        129.0
                    ]
                ]
            ],
            "actions": [
                [
                    [
                        0.3333333432674408
                    ],
                    [
                        0.3333333432674408
                    ],
                    [
                        0.3333333432674408
                    ],
                    [
                        0.3333333432674408
                    ],
                    [
                        0.3333333432674408
                    ],
                    [
                        0.3333333432674408
                    ],
                    [
                        0.3333333432674408
                    ],
                    [
                        0.3333333432674408
                    ],
                    [
                        0.3333333432674408
                    ],
                    [
                        0.6666666865348816
                    ],
                    [
                        0.3333333432674408
                    ],
                    [
                        0.3333333432674408
                    ],
                    [
                        0.3333333432674408
                    ],
                    [
                        0.3333333432674408
                    ],
                    [
                        0.3333333432674408
                    ],
                    [
                        0.3333333432674408
                    ],
                    [
                        0.3333333432674408
                    ],
                    [
                        0.3333333432674408
                    ],
                    [
                        0.3333333432674408
                    ],
                    [
                        0.6666666865348816
                    ]
                ]
            ],
            "returns": [
                [
                    [
                        0.013791666366159916
                    ],
                    [
                        0.013375000096857548
                    ],
                    [
                        0.012958332896232605
                    ],
                    [
                        0.012541666626930237
                    ],
                    [
                        0.012125000357627869
                    ],
                    [
                        0.011708333157002926
                    ],
                    [
                        0.011291666887700558
                    ],
                    [
                        0.010874999687075615
                    ],
                    [
                        0.010458333417773247
                    ],
                    [
                        0.010041666217148304
                    ],
                    [
                        0.009583333507180214
                    ],
                    [
                        0.009041666984558105
                    ],
                    [
                        0.008500000461935997
                    ],
                    [
                        0.007958333007991314
                    ],
                    [
                        0.007499999832361937
                    ],
                    [
                        0.007249999791383743
                    ],
                    [
                        0.006708333268761635
                    ],
                    [
                        0.006166666746139526
                    ],
                    [
                        0.005708333104848862
                    ],
                    [
                        0.005458333529531956
                    ]
                ]
            ],
            "timesteps": [
                [
                    1380,
                    1381,
                    1382,
                    1383,
                    1384,
                    1385,
                    1386,
                    1387,
                    1388,
                    1389,
                    1390,
                    1391,
                    1392,
                    1393,
                    1394,
                    1395,
                    1396,
                    1397,
                    1398,
                    1399
                ]
            ],
            "labels": [
                [
                    0,
                    0,
                    0,
                    0,
                    0,
                    0,
                    0,
                    0,
                    0,
                    1,
                    0,
                    0,
                    0,
                    0,
                    0,
                    0,
                    0,
                    0,
                    0,
                    1
                ]
            ],
            "CPU Usage": 3.9,
            "RAM Usage": 17.4,
            "GPU Usage": 59.0,
            "VRAM Usage": 15400.0,
            "Disk Read Speed (MB/s)": 75057177.68652344,
            "Disk Write Speed (MB/s)": 506878119.10253906
        },
        {
            "step": 2,
            "train_loss": 0.009164014831185341,
            "actions_pred1": [
                [
                    [
                        3.3391222953796387,
                        0.24026936292648315,
                        -2.1793081760406494
                    ],
                    [
                        2.808657646179199,
                        0.3043753206729889,
                        -2.176476001739502
                    ],
                    [
                        2.6751327514648438,
                        0.28037363290786743,
                        -1.9377621412277222
                    ],
                    [
                        2.6320555210113525,
                        0.19797304272651672,
                        -2.0979161262512207
                    ],
                    [
                        2.303266763687134,
                        0.7079591751098633,
                        -1.4915598630905151
                    ],
                    [
                        2.0948777198791504,
                        0.01912791095674038,
                        -1.708760380744934
                    ],
                    [
                        1.791722059249878,
                        0.009934371337294579,
                        -1.3377597332000732
                    ],
                    [
                        1.736687421798706,
                        0.23126670718193054,
                        -1.0930888652801514
                    ],
                    [
                        2.110419273376465,
                        0.1478709876537323,
                        -1.1989768743515015
                    ],
                    [
                        2.622384786605835,
                        0.10651438683271408,
                        -1.5352435111999512
                    ],
                    [
                        2.1817331314086914,
                        0.14670532941818237,
                        -1.3266704082489014
                    ],
                    [
                        2.317931652069092,
                        0.04474707692861557,
                        -1.13909113407135
                    ],
                    [
                        1.8438392877578735,
                        0.36840319633483887,
                        -1.243858814239502
                    ],
                    [
                        2.5895135402679443,
                        0.11923714727163315,
                        -1.723763108253479
                    ],
                    [
                        2.0895206928253174,
                        0.39913180470466614,
                        -1.3504915237426758
                    ],
                    [
                        2.599254608154297,
                        -0.12732388079166412,
                        -1.9303559064865112
                    ],
                    [
                        2.7328457832336426,
                        -0.24567662179470062,
                        -2.148496627807617
                    ],
                    [
                        2.562396764755249,
                        0.18063929677009583,
                        -1.9453290700912476
                    ],
                    [
                        2.3882029056549072,
                        0.02170645259320736,
                        -2.2589805126190186
                    ],
                    [
                        2.5237834453582764,
                        0.040785305202007294,
                        -2.2524499893188477
                    ]
                ]
            ],
            "actions_pred": [
                [
                    [
                        3.3391222953796387,
                        2.808657646179199,
                        2.6751327514648438,
                        2.6320555210113525,
                        2.303266763687134,
                        2.0948777198791504,
                        1.791722059249878,
                        1.736687421798706,
                        2.110419273376465,
                        2.622384786605835,
                        2.1817331314086914,
                        2.317931652069092,
                        1.8438392877578735,
