{
    "steps": [
        {
            "step": 0,
            "train_loss": 0.020063545554876328,
            "actions_pred1": [
                [
                    [
                        1.3000729084014893,
                        0.00957679096609354,
                        -0.6560475826263428
                    ],
                    [
                        1.2474761009216309,
                        -0.2367565631866455,
                        -0.4912610352039337
                    ],
                    [
                        1.3046793937683105,
                        -0.2728486657142639,
                        -0.6729040145874023
                    ],
                    [
                        1.1347025632858276,
                        -0.2419763207435608,
                        -0.47087112069129944
                    ],
                    [
                        0.8096948266029358,
                        -0.4235689640045166,
                        -0.6583844423294067
                    ],
                    [
                        0.7454546689987183,
                        -0.3378133177757263,
                        -0.5312666296958923
                    ],
                    [
                        0.9390057921409607,
                        -0.26201000809669495,
                        -0.3805190622806549
                    ],
                    [
                        1.0250630378723145,
                        -0.24936845898628235,
                        -0.06828610599040985
                    ],
                    [
                        1.1962183713912964,
                        -0.1734960377216339,
                        -0.3174302577972412
                    ],
                    [
                        1.0201197862625122,
                        -0.12705907225608826,
                        -0.25713273882865906
                    ],
                    [
                        1.4099860191345215,
                        -0.2812470495700836,
                        -0.24956290423870087
                    ],
                    [
                        1.3872555494308472,
                        -0.16486161947250366,
                        -0.12426131963729858
                    ],
                    [
                        1.364784598350525,
                        -0.4425605237483978,
                        -0.3379516005516052
                    ],
                    [
                        1.4803990125656128,
                        -0.33468225598335266,
                        -0.3302513062953949
                    ],
                    [
                        1.683996558189392,
                        -0.46104753017425537,
                        -0.2849382162094116
                    ],
                    [
                        1.8476706743240356,
                        -0.32104411721229553,
                        -0.2394530326128006
                    ],
                    [
                        1.9143091440200806,
                        -0.36190709471702576,
                        -0.20869049429893494
                    ],
                    [
                        1.7866376638412476,
                        -0.36329108476638794,
                        -0.26589563488960266
                    ],
                    [
                        1.7869209051132202,
                        -0.452618807554245,
                        -0.22980047762393951
                    ],
                    [
                        1.7525458335876465,
                        -0.21501702070236206,
                        -0.10113653540611267
                    ]
                ]
            ],
            "actions_pred": [
                [
                    [
                        1.3000729084014893,
                        1.2474761009216309,
                        1.3046793937683105,
                        1.1347025632858276,
                        0.8096948266029358,
                        0.7454546689987183,
                        0.9390057921409607,
                        1.0250630378723145,
                        1.1962183713912964,
                        1.0201197862625122,
                        1.4099860191345215,
                        1.3872555494308472,
                        1.364784598350525,
                        1.4803990125656128,
                        1.683996558189392,
                        1.8476706743240356,
                        1.9143091440200806,
                        1.7866376638412476,
                        1.7869209051132202,
                        1.7525458335876465
                    ],
                    [
                        0.00957679096609354,
                        -0.2367565631866455,
                        -0.2728486657142639,
                        -0.2419763207435608,
                        -0.4235689640045166,
                        -0.3378133177757263,
                        -0.26201000809669495,
                        -0.24936845898628235,
                        -0.1734960377216339,
                        -0.12705907225608826,
                        -0.2812470495700836,
                        -0.16486161947250366,
                        -0.4425605237483978,
                        -0.33468225598335266,
                        -0.46104753017425537,
                        -0.32104411721229553,
                        -0.36190709471702576,
                        -0.36329108476638794,
                        -0.452618807554245,
                        -0.21501702070236206
                    ],
                    [
                        -0.6560475826263428,
                        -0.4912610352039337,
                        -0.6729040145874023,
                        -0.47087112069129944,
                        -0.6583844423294067,
                        -0.5312666296958923,
                        -0.3805190622806549,
                        -0.06828610599040985,
                        -0.3174302577972412,
                        -0.25713273882865906,
                        -0.24956290423870087,
                        -0.12426131963729858,
                        -0.3379516005516052,
                        -0.3302513062953949,
                        -0.2849382162094116,
                        -0.2394530326128006,
                        -0.20869049429893494,
                        -0.26589563488960266,
                        -0.22980047762393951,
                        -0.10113653540611267
                    ]
                ]
            ],
            "states": [
                [
                    [
                        0.0,
                        0.0,
                        642395008.0,
                        230000.0,
                        10534167552.0,
                        0.0,
                        3126233.0,
                        13.0
                    ],
                    [
                        0.0,
                        0.0,
                        642395008.0,
                        230000.0,
                        11176562688.0,
                        0.0,
                        3126285.0,
                        13.0
                    ],
                    [
                        0.0,
                        0.0,
                        642395008.0,
                        230000.0,
                        11818957824.0,
                        0.0,
                        3126337.0,
                        13.0
                    ],
                    [
                        0.0,
                        0.0,
                        642395008.0,
                        230000.0,
                        12461352960.0,
                        0.0,
                        3126389.0,
                        13.0
                    ],
                    [
                        0.0,
                        0.0,
                        642395008.0,
                        230000.0,
                        0.0,
                        0.0,
                        3126441.0,
                        13.0
                    ],
                    [
                        0.0,
                        0.0,
                        642395008.0,
                        230000.0,
                        11818957824.0,
                        0.0,
                        3126337.0,
                        13.0
                    ],
                    [
                        0.0,
                        0.0,
                        642395008.0,
                        230000.0,
                        12461352960.0,
                        0.0,
                        3126389.0,
                        13.0
                    ],
                    [
                        0.0,
                        0.0,
                        642395008.0,
                        230000.0,
                        0.0,
                        0.0,
                        3126441.0,
                        13.0
                    ],
                    [
                        0.0,
                        0.0,
                        642395008.0,
                        230000.0,
                        642395008.0,
                        0.0,
                        3126493.0,
                        14.0
                    ],
                    [
                        0.0,
                        0.0,
                        642395008.0,
                        230000.0,
                        1284790016.0,
                        0.0,
                        3127993.0,
                        14.0
                    ],
                    [
                        0.0,
                        0.0,
                        642395008.0,
                        230000.0,
                        12461352960.0,
                        0.0,
                        3126389.0,
                        13.0
                    ],
                    [
                        0.0,
                        0.0,
                        642395008.0,
                        230000.0,
                        0.0,
                        0.0,
                        3126441.0,
                        13.0
                    ],
                    [
                        0.0,
                        0.0,
                        642395008.0,
                        230000.0,
                        642395008.0,
                        0.0,
                        3126493.0,
                        14.0
                    ],
                    [
                        0.0,
                        0.0,
                        642395008.0,
                        230000.0,
                        1284790016.0,
                        0.0,
                        3127993.0,
                        14.0
                    ],
                    [
                        0.0,
                        0.0,
                        642395008.0,
                        230000.0,
                        0.0,
                        0.0,
                        3129493.0,
                        14.0
                    ],
                    [
                        0.0,
                        0.0,
                        685344640.0,
                        230000.0,
                        11436110848.0,
                        0.0,
                        3147765.0,
                        15.0
                    ],
                    [
                        0.0,
                        0.0,
                        685344640.0,
                        230000.0,
                        12121455616.0,
                        0.0,
                        3149265.0,
                        15.0
                    ],
                    [
                        0.0,
                        0.0,
                        685344640.0,
                        230000.0,
                        12806800384.0,
                        0.0,
                        3150765.0,
                        15.0
                    ],
                    [
                        0.0,
                        0.0,
                        685344640.0,
                        230000.0,
                        13492145152.0,
                        0.0,
                        3152265.0,
                        15.0
                    ],
                    [
                        0.0,
                        0.0,
                        685344640.0,
                        230000.0,
                        14177489920.0,
                        0.0,
                        3153765.0,
                        15.0
                    ]
                ]
            ],
            "actions": [
                [
                    [
                        0.3333333432674408
                    ],
                    [
                        0.3333333432674408
                    ],
                    [
                        0.3333333432674408
                    ],
                    [
                        0.3333333432674408
                    ],
                    [
                        0.6666666865348816
                    ],
                    [
                        0.3333333432674408
                    ],
                    [
                        0.3333333432674408
                    ],
                    [
                        0.6666666865348816
                    ],
                    [
                        0.3333333432674408
                    ],
                    [
                        0.3333333432674408
                    ],
                    [
                        0.3333333432674408
                    ],
                    [
                        0.6666666865348816
                    ],
                    [
                        0.3333333432674408
                    ],
                    [
                        0.3333333432674408
                    ],
                    [
                        0.6666666865348816
                    ],
                    [
                        0.3333333432674408
                    ],
                    [
                        0.3333333432674408
                    ],
                    [
                        0.3333333432674408
                    ],
                    [
                        0.3333333432674408
                    ],
                    [
                        0.3333333432674408
                    ]
                ]
            ],
            "returns": [
                [
                    [
                        0.5381666421890259
                    ],
                    [
                        0.5372083187103271
                    ],
                    [
                        0.5362499952316284
                    ],
                    [
                        0.5352916717529297
                    ],
                    [
                        0.534333348274231
                    ],
                    [
                        0.5333750247955322
                    ],
                    [
                        0.5324166417121887
                    ],
                    [
                        0.53145831823349
                    ],
                    [
                        0.5304999947547913
                    ],
                    [
                        0.5295416712760925
                    ],
                    [
                        0.5285833477973938
                    ],
                    [
                        0.5276250243186951
                    ],
                    [
                        0.5266666412353516
                    ],
                    [
                        0.5257083177566528
                    ],
                    [
                        0.5247499942779541
                    ],
                    [
                        0.5237916707992554
                    ],
                    [
                        0.5228333473205566
                    ],
                    [
                        0.5218750238418579
                    ],
                    [
                        0.5209166407585144
                    ],
                    [
                        0.5199583172798157
                    ]
                ]
            ],
            "timesteps": [
                [
                    140,
                    141,
                    142,
                    143,
                    144,
                    145,
                    146,
                    147,
                    148,
                    149,
                    150,
                    151,
                    152,
                    153,
                    154,
                    155,
                    156,
                    157,
                    158,
                    159
                ]
            ],
            "labels": [
                [
                    0,
                    0,
                    0,
                    0,
                    1,
                    0,
                    0,
                    1,
                    0,
                    0,
                    0,
                    1,
                    0,
                    0,
                    1,
                    0,
                    0,
                    0,
                    0,
                    0
                ]
            ],
            "CPU Usage": 4.9,
            "RAM Usage": 17.4,
            "GPU Usage": 23.0,
            "VRAM Usage": 15400.0,
            "Disk Read Speed (MB/s)": 75057177.68652344,
            "Disk Write Speed (MB/s)": 506878000.82128906
        },
        {
            "step": 1,
            "train_loss": 0.01602327451109886,
            "actions_pred1": [
                [
                    [
                        0.7081835269927979,
                        -0.011792398057878017,
                        -0.3962262272834778
                    ],
                    [
                        0.7923826575279236,
                        -0.10427484661340714,
                        -0.37649571895599365
                    ],
                    [
                        1.276597499847412,
                        0.011679315008223057,
                        -0.3114345371723175
                    ],
                    [
                        1.3550200462341309,
                        -0.12402618676424026,
                        -0.25984829664230347
                    ],
                    [
                        1.135717749595642,
                        -0.117432601749897,
                        -0.3404061496257782
                    ],
                    [
                        1.1273274421691895,
                        -0.23476377129554749,
                        -0.41044336557388306
                    ],
                    [
                        1.2512837648391724,
                        -0.3379133641719818,
                        -0.35345566272735596
                    ],
                    [
                        1.1989567279815674,
                        -0.27753522992134094,
                        -0.2883348762989044
                    ],
                    [
                        1.3385229110717773,
                        -0.28532764315605164,
                        -0.20826639235019684
                    ],
                    [
                        1.215505838394165,
                        -0.11749283224344254,
                        -0.15440456569194794
                    ],
                    [
                        1.1603933572769165,
                        -0.30744481086730957,
                        -0.3752867877483368
                    ],
                    [
                        1.4033546447753906,
                        -0.3751879930496216,
                        -0.4195587933063507
                    ],
                    [
                        1.2335752248764038,
                        -0.11862821131944656,
                        -0.373564749956131
                    ],
                    [
                        1.3823986053466797,
                        -0.18477502465248108,
                        -0.1642962098121643
                    ],
                    [
                        1.5982890129089355,
                        -0.15312740206718445,
                        -0.3834296464920044
                    ],
                    [
                        1.5513948202133179,
                        -0.2071433961391449,
                        -0.28502950072288513
                    ],
                    [
                        1.3789453506469727,
                        -0.3421671688556671,
                        -0.3090587854385376
                    ],
                    [
                        1.430209994316101,
                        -0.23897600173950195,
                        -0.3270947337150574
                    ],
                    [
                        1.797908902168274,
                        -0.3446796238422394,
                        -0.42733174562454224
                    ],
                    [
                        1.4325157403945923,
                        -0.16897255182266235,
                        -0.3088907301425934
                    ]
                ]
            ],
            "actions_pred": [
                [
                    [
                        0.7081835269927979,
                        0.7923826575279236,
                        1.276597499847412,
                        1.3550200462341309,
                        1.135717749595642,
                        1.1273274421691895,
                        1.2512837648391724,
                        1.1989567279815674,
                        1.3385229110717773,
                        1.215505838394165,
                        1.1603933572769165,
                        1.4033546447753906,
                        1.2335752248764038,
                        1.3823986053466797,
                        1.5982890129089355,
                        1.5513948202133179,
                        1.3789453506469727,
                        1.430209994316101,
                        1.797908902168274,
                        1.4325157403945923
                    ],
                    [
                        -0.011792398057878017,
                        -0.10427484661340714,
                        0.011679315008223057,
                        -0.12402618676424026,
                        -0.117432601749897,
                        -0.23476377129554749,
                        -0.3379133641719818,
                        -0.27753522992134094,
                        -0.28532764315605164,
                        -0.11749283224344254,
                        -0.30744481086730957,
                        -0.3751879930496216,
                        -0.11862821131944656,
                        -0.18477502465248108,
                        -0.15312740206718445,
                        -0.2071433961391449,
                        -0.3421671688556671,
                        -0.23897600173950195,
                        -0.3446796238422394,
                        -0.16897255182266235
                    ],
                    [
                        -0.3962262272834778,
                        -0.37649571895599365,
                        -0.3114345371723175,
                        -0.25984829664230347,
                        -0.3404061496257782,
                        -0.41044336557388306,
                        -0.35345566272735596,
                        -0.2883348762989044,
                        -0.20826639235019684,
                        -0.15440456569194794,
                        -0.3752867877483368,
                        -0.4195587933063507,
                        -0.373564749956131,
                        -0.1642962098121643,
                        -0.3834296464920044,
                        -0.28502950072288513,
                        -0.3090587854385376,
                        -0.3270947337150574,
                        -0.42733174562454224,
                        -0.3088907301425934
                    ]
                ]
            ],
            "states": [
                [
                    [
                        0.0,
                        0.0,
                        487849312.0,
                        170000.0,
                        487849312.0,
                        0.0,
                        6289145.0,
                        53.0
                    ],
                    [
                        0.0,
                        0.0,
                        487849312.0,
                        170000.0,
                        975698624.0,
                        0.0,
                        6289209.0,
                        53.0
                    ],
                    [
                        0.0,
                        0.0,
                        487849312.0,
                        170000.0,
                        1463547904.0,
                        0.0,
                        6289261.0,
                        53.0
                    ],
                    [
                        0.0,
                        0.0,
                        487849312.0,
                        170000.0,
                        1951397248.0,
                        0.0,
                        6289325.0,
                        53.0
                    ],
                    [
                        0.0,
                        0.0,
                        487849312.0,
                        170000.0,
                        0.0,
                        0.0,
                        6289377.0,
                        53.0
                    ],
                    [
                        0.0,
                        0.0,
                        487849312.0,
                        180000.0,
                        11220534272.0,
                        0.0,
                        6318097.0,
                        54.0
                    ],
                    [
                        0.0,
                        0.0,
                        487849312.0,
                        180000.0,
                        11708383232.0,
                        0.0,
                        6319597.0,
                        54.0
                    ],
                    [
                        0.0,
                        0.0,
                        487849312.0,
                        180000.0,
                        12196233216.0,
                        0.0,
                        6321097.0,
                        54.0
                    ],
                    [
                        0.0,
                        0.0,
                        487849312.0,
                        180000.0,
                        12684082176.0,
                        0.0,
                        6321149.0,
                        54.0
                    ],
                    [
                        0.0,
                        0.0,
                        487849312.0,
                        190000.0,
                        13171931136.0,
                        0.0,
                        6321201.0,
                        54.0
                    ],
                    [
                        0.0,
                        0.0,
                        487849312.0,
                        180000.0,
                        11708383232.0,
                        0.0,
                        6319597.0,
                        54.0
                    ],
                    [
                        0.0,
                        0.0,
                        487849312.0,
                        180000.0,
                        12196233216.0,
                        0.0,
                        6321097.0,
                        54.0
                    ],
                    [
                        0.0,
                        0.0,
                        487849312.0,
                        180000.0,
                        12684082176.0,
                        0.0,
                        6321149.0,
                        54.0
                    ],
                    [
                        0.0,
                        0.0,
                        487849312.0,
                        190000.0,
                        13171931136.0,
                        0.0,
                        6321201.0,
                        54.0
                    ],
                    [
                        0.0,
                        0.0,
                        487849312.0,
                        190000.0,
                        0.0,
                        0.0,
                        6322701.0,
                        54.0
                    ],
                    [
                        0.0,
                        0.0,
                        234848896.0,
                        80000.0,
                        17092074496.0,
                        0.0,
                        6355045.0,
                        55.0
                    ],
                    [
                        0.0,
                        0.0,
                        234848896.0,
                        80000.0,
                        17326923776.0,
                        0.0,
                        6356545.0,
                        55.0
                    ],
                    [
                        0.0,
                        0.0,
                        234848896.0,
                        80000.0,
                        17561772032.0,
                        0.0,
                        6358045.0,
                        55.0
                    ],
                    [
                        0.0,
                        0.0,
                        234848896.0,
                        80000.0,
                        17796620288.0,
                        0.0,
                        6359545.0,
                        55.0
                    ],
                    [
                        0.0,
                        0.0,
                        234848896.0,
                        80000.0,
                        18031470592.0,
                        0.0,
                        6361045.0,
                        55.0
                    ]
                ]
            ],
            "actions": [
                [
                    [
                        0.3333333432674408
                    ],
                    [
                        0.3333333432674408
                    ],
                    [
                        0.3333333432674408
                    ],
                    [
                        0.3333333432674408
                    ],
                    [
                        0.6666666865348816
                    ],
                    [
                        0.3333333432674408
                    ],
                    [
                        0.3333333432674408
                    ],
                    [
                        0.3333333432674408
                    ],
                    [
                        0.3333333432674408
                    ],
                    [
                        0.3333333432674408
                    ],
                    [
                        0.3333333432674408
                    ],
                    [
                        0.3333333432674408
                    ],
                    [
                        0.3333333432674408
                    ],
                    [
                        0.3333333432674408
                    ],
                    [
                        0.6666666865348816
                    ],
                    [
                        0.3333333432674408
                    ],
                    [
                        0.3333333432674408
                    ],
                    [
                        0.3333333432674408
                    ],
                    [
                        0.3333333432674408
                    ],
                    [
                        0.3333333432674408
                    ]
                ]
            ],
            "returns": [
                [
                    [
                        0.33516666293144226
                    ],
                    [
                        0.3344583213329315
                    ],
                    [
                        0.33375000953674316
                    ],
                    [
                        0.3330416679382324
                    ],
                    [
                        0.3323333263397217
                    ],
                    [
                        0.3316250145435333
                    ],
                    [
                        0.3308750092983246
                    ],
                    [
                        0.33012500405311584
                    ],
                    [
                        0.3293749988079071
                    ],
                    [
                        0.32862499356269836
                    ],
                    [
                        0.3278333246707916
                    ],
                    [
                        0.3270833194255829
                    ],
                    [
                        0.32633334398269653
                    ],
                    [
                        0.3255833387374878
                    ],
                    [
                        0.32479166984558105
                    ],
                    [
                        0.3240000009536743
                    ],
                    [
                        0.32366666197776794
                    ],
                    [
                        0.3233333230018616
                    ],
                    [
                        0.3230000138282776
                    ],
                    [
                        0.3226666748523712
                    ]
                ]
            ],
            "timesteps": [
                [
                    540,
                    541,
                    542,
                    543,
                    544,
                    545,
                    546,
                    547,
                    548,
                    549,
                    550,
                    551,
                    552,
                    553,
                    554,
                    555,
                    556,
                    557,
                    558,
                    559
                ]
            ],
            "labels": [
                [
                    0,
                    0,
                    0,
                    0,
                    1,
                    0,
                    0,
                    0,
                    0,
                    0,
                    0,
                    0,
                    0,
                    0,
                    1,
                    0,
                    0,
                    0,
                    0,
                    0
                ]
            ],
            "CPU Usage": 5.3,
            "RAM Usage": 17.4,
            "GPU Usage": 61.0,
            "VRAM Usage": 15400.0,
            "Disk Read Speed (MB/s)": 75057177.68652344,
            "Disk Write Speed (MB/s)": 506878001.11035156
        },
        {
            "step": 2,
            "train_loss": 0.018366286531090736,
            "actions_pred1": [
                [
                    [
                        0.8086311221122742,
                        0.2741556763648987,
                        -0.4936113655567169
                    ],
                    [
                        0.7630491852760315,
                        -0.015099084936082363,
                        -0.5786339640617371
                    ],
                    [
                        0.9395747780799866,
                        0.030589766800403595,
                        -0.5302988290786743
                    ],
                    [
                        1.256345510482788,
                        -0.20768406987190247,
                        -0.3128744065761566
                    ],
                    [
                        1.098260521888733,
                        0.11394690722227097,
                        -0.21470877528190613
                    ],
                    [
                        1.5437049865722656,
                        0.19218876957893372,
                        -0.3990345895290375
                    ],
                    [
                        1.265279769897461,
                        0.08691010624170303,
                        -0.4188893735408783
                    ],
                    [
                        1.1937309503555298,
                        0.15818676352500916,
                        -0.3652285635471344
                    ],
                    [
                        1.1935210227966309,
                        0.09886520355939865,
                        -0.42523810267448425
                    ],
                    [
                        1.4609215259552002,
                        -0.06591955572366714,
                        -0.1980140060186386
                    ],
                    [
                        1.4537934064865112,
                        -0.10415936261415482,
                        -0.5575494766235352
                    ],
                    [
                        1.491958737373352,
                        -0.1762647032737732,
                        -0.21436098217964172
                    ],
                    [
                        1.8662610054016113,
                        -0.3796273171901703,
                        -0.23358510434627533
                    ],
                    [
                        1.2734854221343994,
                        -0.0337505117058754,
                        -0.4582423269748688
                    ],
                    [
                        1.4953703880310059,
                        -0.020759202539920807,
                        -0.07358542084693909
                    ],
                    [
                        1.3805506229400635,
                        -0.2586674988269806,
                        -0.37074050307273865
                    ],
                    [
                        1.5729560852050781,
                        0.07417278736829758,
                        -0.5090844035148621
                    ],
                    [
                        1.5258698463439941,
                        -0.02362848073244095,
                        -0.3220798671245575
                    ],
                    [
                        1.5282065868377686,
                        -0.03635350614786148,
                        -0.415176123380661
                    ],
                    [
                        1.3883551359176636,
                        0.06200344115495682,
                        -0.27817440032958984
                    ]
                ]
            ],
            "actions_pred": [
                [
                    [
                        0.8086311221122742,
                        0.7630491852760315,
                        0.9395747780799866,
                        1.256345510482788,
                        1.098260521888733,
                        1.5437049865722656,
                        1.265279769897461,
                        1.1937309503555298,
                        1.1935210227966309,
                        1.4609215259552002,
                        1.4537934064865112,
