{
    "steps": [
        {
            "step": 0,
            "train_loss": 0.023419061675667763,
            "actions_pred1": [
                [
                    [
                        1.5708117485046387,
                        0.28239428997039795,
                        -0.9951481223106384
                    ],
                    [
                        1.7228585481643677,
                        0.21203488111495972,
                        -1.0000594854354858
                    ],
                    [
                        1.505331039428711,
                        0.30610331892967224,
                        -1.0411994457244873
                    ],
                    [
                        1.3651447296142578,
                        0.3869316875934601,
                        -1.2631779909133911
                    ],
                    [
                        1.918397068977356,
                        0.18965013325214386,
                        -1.4077234268188477
                    ],
                    [
                        1.182870626449585,
                        0.35900360345840454,
                        -1.2498304843902588
                    ],
                    [
                        1.6801297664642334,
                        0.44501152634620667,
                        -1.2655668258666992
                    ],
                    [
                        1.8237080574035645,
                        0.45111191272735596,
                        -1.1443265676498413
                    ],
                    [
                        2.151400566101074,
                        0.21500861644744873,
                        -1.3296712636947632
                    ],
                    [
                        2.216242790222168,
                        0.20494508743286133,
                        -1.3148192167282104
                    ],
                    [
                        2.436171054840088,
                        0.2188846915960312,
                        -1.4899975061416626
                    ],
                    [
                        2.4684970378875732,
                        0.15073050558567047,
                        -1.5078438520431519
                    ],
                    [
                        2.3132572174072266,
                        0.3988509774208069,
                        -1.4504079818725586
                    ],
                    [
                        2.552557945251465,
                        0.018489602953195572,
                        -1.5635602474212646
                    ],
                    [
                        2.356106758117676,
                        0.36279475688934326,
                        -1.3915865421295166
                    ],
                    [
                        2.398768424987793,
                        0.3458103537559509,
                        -1.3750749826431274
                    ],
                    [
                        2.535996913909912,
                        0.1986548900604248,
                        -1.578438401222229
                    ],
                    [
                        2.396536111831665,
                        0.32569119334220886,
                        -1.3848985433578491
                    ],
                    [
                        2.4281694889068604,
                        0.1312706619501114,
                        -1.6004301309585571
                    ],
                    [
                        2.3728058338165283,
                        0.18845483660697937,
                        -1.712878942489624
                    ]
                ]
            ],
            "actions_pred": [
                [
                    [
                        1.5708117485046387,
                        1.7228585481643677,
                        1.505331039428711,
                        1.3651447296142578,
                        1.918397068977356,
                        1.182870626449585,
                        1.6801297664642334,
                        1.8237080574035645,
                        2.151400566101074,
                        2.216242790222168,
                        2.436171054840088,
                        2.4684970378875732,
                        2.3132572174072266,
                        2.552557945251465,
                        2.356106758117676,
                        2.398768424987793,
                        2.535996913909912,
                        2.396536111831665,
                        2.4281694889068604,
                        2.3728058338165283
                    ],
                    [
                        0.28239428997039795,
                        0.21203488111495972,
                        0.30610331892967224,
                        0.3869316875934601,
                        0.18965013325214386,
                        0.35900360345840454,
                        0.44501152634620667,
                        0.45111191272735596,
                        0.21500861644744873,
                        0.20494508743286133,
                        0.2188846915960312,
                        0.15073050558567047,
                        0.3988509774208069,
                        0.018489602953195572,
                        0.36279475688934326,
                        0.3458103537559509,
                        0.1986548900604248,
                        0.32569119334220886,
                        0.1312706619501114,
                        0.18845483660697937
                    ],
                    [
                        -0.9951481223106384,
                        -1.0000594854354858,
                        -1.0411994457244873,
                        -1.2631779909133911,
                        -1.4077234268188477,
                        -1.2498304843902588,
                        -1.2655668258666992,
                        -1.1443265676498413,
                        -1.3296712636947632,
                        -1.3148192167282104,
                        -1.4899975061416626,
                        -1.5078438520431519,
                        -1.4504079818725586,
                        -1.5635602474212646,
                        -1.3915865421295166,
                        -1.3750749826431274,
                        -1.578438401222229,
                        -1.3848985433578491,
                        -1.6004301309585571,
                        -1.712878942489624
                    ]
                ]
            ],
            "states": [
                [
                    [
                        1.0,
                        150000.0,
                        0.0,
                        10000.0,
                        0.0,
                        0.0,
                        10872698.0,
                        0.0
                    ],
                    [
                        1.0,
                        150000.0,
                        0.0,
                        10000.0,
                        0.0,
                        0.0,
                        10874198.0,
                        0.0
                    ],
                    [
                        1.0,
                        150000.0,
                        0.0,
                        10000.0,
                        0.0,
                        0.0,
                        10875698.0,
                        0.0
                    ],
                    [
                        1.0,
                        150000.0,
                        0.0,
                        10000.0,
                        0.0,
                        0.0,
                        10877198.0,
                        0.0
                    ],
                    [
                        0.0,
                        0.0,
                        185100528.0,
                        40000.0,
                        18390382592.0,
                        0.0,
                        9996189.0,
                        114.0
                    ],
                    [
                        1.0,
                        150000.0,
                        0.0,
                        10000.0,
                        0.0,
                        0.0,
                        10874198.0,
                        0.0
                    ],
                    [
                        1.0,
                        150000.0,
                        0.0,
                        10000.0,
                        0.0,
                        0.0,
                        10875698.0,
                        0.0
                    ],
                    [
                        1.0,
                        150000.0,
                        0.0,
                        10000.0,
                        0.0,
                        0.0,
                        10877198.0,
                        0.0
                    ],
                    [
                        0.0,
                        0.0,
                        185100528.0,
                        40000.0,
                        18390382592.0,
                        0.0,
                        9996189.0,
                        114.0
                    ],
                    [
                        0.0,
                        0.0,
                        185100528.0,
                        40000.0,
                        18575482880.0,
                        0.0,
                        9997689.0,
                        114.0
                    ],
                    [
                        0.0,
                        0.0,
                        165638960.0,
                        60000.0,
                        17544783872.0,
                        0.0,
                        10130425.0,
                        115.0
                    ],
                    [
                        0.0,
                        0.0,
                        165638960.0,
                        60000.0,
                        17710424064.0,
                        0.0,
                        10130477.0,
                        115.0
                    ],
                    [
                        0.0,
                        0.0,
                        165638960.0,
                        60000.0,
                        17876062208.0,
                        0.0,
                        10130529.0,
                        115.0
                    ],
                    [
                        0.0,
                        0.0,
                        165638960.0,
                        60000.0,
                        18041700352.0,
                        0.0,
                        10130581.0,
                        115.0
                    ],
                    [
                        0.0,
                        0.0,
                        165638960.0,
                        60000.0,
                        18207340544.0,
                        0.0,
                        10130633.0,
                        115.0
                    ],
                    [
                        0.0,
                        0.0,
                        165638960.0,
                        60000.0,
                        17710424064.0,
                        0.0,
                        10130477.0,
                        115.0
                    ],
                    [
                        0.0,
                        0.0,
                        165638960.0,
                        60000.0,
                        17876062208.0,
                        0.0,
                        10130529.0,
                        115.0
                    ],
                    [
                        0.0,
                        0.0,
                        165638960.0,
                        60000.0,
                        18041700352.0,
                        0.0,
                        10130581.0,
                        115.0
                    ],
                    [
                        0.0,
                        0.0,
                        165638960.0,
                        60000.0,
                        18207340544.0,
                        0.0,
                        10130633.0,
                        115.0
                    ],
                    [
                        0.0,
                        0.0,
                        165638960.0,
                        60000.0,
                        18372978688.0,
                        0.0,
                        10130685.0,
                        115.0
                    ]
                ]
            ],
            "actions": [
                [
                    [
                        0.3333333432674408
                    ],
                    [
                        0.3333333432674408
                    ],
                    [
                        0.3333333432674408
                    ],
                    [
                        0.3333333432674408
                    ],
                    [
                        1.0
                    ],
                    [
                        0.3333333432674408
                    ],
                    [
                        0.3333333432674408
                    ],
                    [
                        0.3333333432674408
                    ],
                    [
                        1.0
                    ],
                    [
                        0.6666666865348816
                    ],
                    [
                        0.3333333432674408
                    ],
                    [
                        0.3333333432674408
                    ],
                    [
                        0.3333333432674408
                    ],
                    [
                        0.3333333432674408
                    ],
                    [
                        0.3333333432674408
                    ],
                    [
                        0.3333333432674408
                    ],
                    [
                        0.3333333432674408
                    ],
                    [
                        0.3333333432674408
                    ],
                    [
                        0.3333333432674408
                    ],
                    [
                        0.6666666865348816
                    ]
                ]
            ],
            "returns": [
                [
                    [
                        0.07270833104848862
                    ],
                    [
                        0.07266666740179062
                    ],
                    [
                        0.07262499630451202
                    ],
                    [
                        0.07258333265781403
                    ],
                    [
                        0.07254166901111603
                    ],
                    [
                        0.07237499952316284
                    ],
                    [
                        0.07233333587646484
                    ],
                    [
                        0.07229166477918625
                    ],
                    [
                        0.07225000113248825
                    ],
                    [
                        0.07208333164453506
                    ],
                    [
                        0.07191666960716248
                    ],
                    [
                        0.0716666653752327
                    ],
                    [
                        0.07141666859388351
                    ],
                    [
                        0.07116666436195374
                    ],
                    [
                        0.07091666758060455
                    ],
                    [
                        0.07066666334867477
                    ],
                    [
                        0.07041666656732559
                    ],
                    [
                        0.07016666978597641
                    ],
                    [
                        0.06991666555404663
                    ],
                    [
                        0.06966666877269745
                    ]
                ]
            ],
            "timesteps": [
                [
                    1200,
                    1201,
                    1202,
                    1203,
                    1204,
                    1205,
                    1206,
                    1207,
                    1208,
                    1209,
                    1210,
                    1211,
                    1212,
                    1213,
                    1214,
                    1215,
                    1216,
                    1217,
                    1218,
                    1219
                ]
            ],
            "labels": [
                [
                    0,
                    0,
                    0,
                    0,
                    2,
                    0,
                    0,
                    0,
                    2,
                    1,
                    0,
                    0,
                    0,
                    0,
                    0,
                    0,
                    0,
                    0,
                    0,
                    1
                ]
            ],
            "CPU Usage": 4.0,
            "RAM Usage": 17.4,
            "GPU Usage": 42.0,
            "VRAM Usage": 15400.0,
            "Disk Read Speed (MB/s)": 75057177.68652344,
            "Disk Write Speed (MB/s)": 506878123.0595703
        },
        {
            "step": 1,
            "train_loss": 0.007341885007917881,
            "actions_pred1": [
                [
                    [
                        2.050290584564209,
                        -0.2798973321914673,
                        -1.615518569946289
                    ],
                    [
                        2.303316593170166,
                        -0.09745308756828308,
                        -2.072944402694702
                    ],
                    [
                        2.69325852394104,
                        0.05738827958703041,
                        -2.321437120437622
                    ],
                    [
                        2.786566972732544,
                        0.10273255407810211,
                        -1.9832862615585327
                    ],
                    [
                        1.7575294971466064,
                        0.8738629817962646,
                        -1.9536566734313965
                    ],
                    [
                        1.5656126737594604,
                        0.6528636813163757,
                        -1.9961849451065063
                    ],
                    [
                        2.6941134929656982,
                        -0.04785887524485588,
                        -2.2101924419403076
                    ],
                    [
                        2.576409101486206,
                        0.21299943327903748,
                        -2.073927402496338
                    ],
                    [
                        2.7709712982177734,
                        -0.06525415182113647,
                        -1.9901350736618042
                    ],
                    [
                        2.984969139099121,
                        0.08095476031303406,
                        -2.2624948024749756
                    ],
                    [
                        3.0180416107177734,
                        -0.0568220280110836,
                        -2.2032723426818848
                    ],
                    [
                        3.000854015350342,
                        0.02117704227566719,
                        -2.4123127460479736
                    ],
                    [
                        2.2754411697387695,
                        0.713155210018158,
                        -2.538687229156494
                    ],
                    [
                        3.004819631576538,
                        0.15287941694259644,
                        -2.2073121070861816
                    ],
                    [
                        2.0443549156188965,
                        0.609244167804718,
                        -2.0879406929016113
                    ],
                    [
                        2.693351984024048,
                        0.10972975194454193,
                        -2.204343795776367
                    ],
                    [
                        2.773862838745117,
                        -0.004932340234518051,
                        -1.8640656471252441
                    ],
                    [
                        2.7390193939208984,
                        0.2737583518028259,
                        -2.349090814590454
                    ],
                    [
                        2.2999579906463623,
                        0.16128048300743103,
                        -2.2810232639312744
                    ],
                    [
                        2.7830848693847656,
                        -0.1584937870502472,
                        -2.0505306720733643
                    ]
                ]
            ],
            "actions_pred": [
                [
                    [
                        2.050290584564209,
                        2.303316593170166,
                        2.69325852394104,
                        2.786566972732544,
                        1.7575294971466064,
                        1.5656126737594604,
                        2.6941134929656982,
                        2.576409101486206,
                        2.7709712982177734,
                        2.984969139099121,
                        3.0180416107177734,
                        3.000854015350342,
                        2.2754411697387695,
                        3.004819631576538,
                        2.0443549156188965,
                        2.693351984024048,
                        2.773862838745117,
                        2.7390193939208984,
                        2.2999579906463623,
                        2.7830848693847656
                    ],
                    [
                        -0.2798973321914673,
                        -0.09745308756828308,
                        0.05738827958703041,
                        0.10273255407810211,
                        0.8738629817962646,
                        0.6528636813163757,
                        -0.04785887524485588,
                        0.21299943327903748,
                        -0.06525415182113647,
                        0.08095476031303406,
                        -0.0568220280110836,
                        0.02117704227566719,
                        0.713155210018158,
                        0.15287941694259644,
                        0.609244167804718,
                        0.10972975194454193,
                        -0.004932340234518051,
                        0.2737583518028259,
                        0.16128048300743103,
                        -0.1584937870502472
                    ],
                    [
                        -1.615518569946289,
                        -2.072944402694702,
                        -2.321437120437622,
                        -1.9832862615585327,
                        -1.9536566734313965,
                        -1.9961849451065063,
                        -2.2101924419403076,
                        -2.073927402496338,
                        -1.9901350736618042,
                        -2.2624948024749756,
                        -2.2032723426818848,
                        -2.4123127460479736,
                        -2.538687229156494,
                        -2.2073121070861816,
                        -2.0879406929016113,
                        -2.204343795776367,
                        -1.8640656471252441,
                        -2.349090814590454,
                        -2.2810232639312744,
                        -2.0505306720733643
                    ]
                ]
            ],
            "states": [
                [
                    [
                        0.0,
                        0.0,
                        546429312.0,
                        120000.0,
                        12384158720.0,
                        0.0,
                        3418557.0,
                        33.0
                    ],
                    [
                        0.0,
                        0.0,
                        546429312.0,
                        120000.0,
                        12930588672.0,
                        0.0,
                        3418629.0,
                        33.0
                    ],
                    [
                        0.0,
                        0.0,
                        546429312.0,
                        120000.0,
                        13477017600.0,
                        0.0,
                        3418709.0,
                        33.0
                    ],
                    [
                        0.0,
                        0.0,
                        546429312.0,
                        120000.0,
                        14023446528.0,
                        0.0,
                        3418761.0,
                        33.0
                    ],
                    [
                        0.0,
                        0.0,
                        546429312.0,
                        120000.0,
                        0.0,
                        0.0,
                        3418841.0,
                        33.0
                    ],
                    [
                        1.0,
                        150000.0,
                        0.0,
                        0.0,
                        0.0,
                        0.0,
                        2498146.0,
                        0.0
                    ],
                    [
                        0.0,
                        0.0,
                        589379008.0,
                        130000.0,
                        3867954688.0,
                        0.0,
                        3419309.0,
                        34.0
                    ],
                    [
                        0.0,
                        0.0,
                        589379008.0,
                        130000.0,
                        4457333760.0,
                        0.0,
                        3419373.0,
                        34.0
                    ],
                    [
                        0.0,
                        0.0,
                        589379008.0,
                        130000.0,
                        5046712832.0,
                        0.0,
                        3419425.0,
                        34.0
                    ],
                    [
                        0.0,
                        0.0,
                        589379008.0,
                        100000.0,
                        5636091904.0,
                        0.0,
                        3419489.0,
                        34.0
                    ],
                    [
                        0.0,
                        0.0,
                        589379008.0,
                        130000.0,
                        3867954688.0,
                        0.0,
                        3419309.0,
                        34.0
                    ],
                    [
                        0.0,
                        0.0,
                        589379008.0,
                        130000.0,
                        4457333760.0,
                        0.0,
                        3419373.0,
                        34.0
                    ],
                    [
                        0.0,
                        0.0,
                        589379008.0,
                        130000.0,
                        5046712832.0,
                        0.0,
                        3419425.0,
                        34.0
                    ],
                    [
                        0.0,
                        0.0,
                        589379008.0,
                        100000.0,
                        5636091904.0,
                        0.0,
                        3419489.0,
                        34.0
                    ],
                    [
                        0.0,
                        0.0,
                        589379008.0,
                        100000.0,
                        0.0,
                        0.0,
                        3419561.0,
                        34.0
                    ],
                    [
                        0.0,
                        15000.0,
                        127216512.0,
                        180000.0,
                        2066251008.0,
                        0.0,
                        3572493.0,
                        35.0
                    ],
                    [
                        0.0,
                        0.0,
                        162784208.0,
                        180000.0,
                        2229035264.0,
                        0.0,
                        3573993.0,
                        35.0
                    ],
                    [
                        0.0,
                        0.0,
                        162784208.0,
                        180000.0,
                        2391819264.0,
                        0.0,
                        3574045.0,
                        35.0
                    ],
                    [
                        0.0,
                        0.0,
                        162784208.0,
                        180000.0,
                        2554603520.0,
                        0.0,
                        3575545.0,
                        35.0
                    ],
                    [
                        0.0,
                        0.0,
                        162784208.0,
                        180000.0,
                        2717387776.0,
                        0.0,
                        3577045.0,
                        35.0
                    ]
                ]
            ],
            "actions": [
                [
                    [
                        0.3333333432674408
                    ],
                    [
                        0.3333333432674408
                    ],
                    [
                        0.3333333432674408
                    ],
                    [
                        0.3333333432674408
                    ],
                    [
                        0.6666666865348816
                    ],
                    [
                        0.3333333432674408
                    ],
                    [
                        0.3333333432674408
                    ],
                    [
                        0.3333333432674408
                    ],
                    [
                        0.3333333432674408
                    ],
                    [
                        0.3333333432674408
                    ],
                    [
                        0.3333333432674408
                    ],
                    [
                        0.3333333432674408
                    ],
                    [
                        0.3333333432674408
                    ],
                    [
                        0.3333333432674408
                    ],
                    [
                        0.6666666865348816
                    ],
                    [
                        0.3333333432674408
                    ],
                    [
                        0.3333333432674408
                    ],
                    [
                        0.3333333432674408
                    ],
                    [
                        0.3333333432674408
                    ],
                    [
                        0.3333333432674408
                    ]
                ]
            ],
            "returns": [
                [
                    [
                        0.43529167771339417
                    ],
                    [
                        0.4347916543483734
                    ],
                    [
                        0.43429166078567505
                    ],
                    [
                        0.4337916672229767
                    ],
                    [
                        0.4332916736602783
                    ],
                    [
                        0.43279168009757996
                    ],
                    [
                        0.43279168009757996
                    ],
                    [
                        0.4322499930858612
                    ],
                    [
                        0.43170833587646484
                    ],
                    [
                        0.4311666786670685
                    ],
                    [
                        0.4307500123977661
                    ],
                    [
                        0.43020832538604736
                    ],
                    [
                        0.429666668176651
                    ],
                    [
                        0.42912501096725464
                    ],
                    [
                        0.42870834469795227
                    ],
                    [
                        0.4282916784286499
                    ],
                    [
                        0.42754167318344116
                    ],
                    [
                        0.4267916679382324
                    ],
                    [
                        0.4260416626930237
                    ],
                    [
                        0.42529165744781494
                    ]
                ]
            ],
            "timesteps": [
                [
                    340,
                    341,
                    342,
                    343,
                    344,
                    345,
                    346,
                    347,
                    348,
                    349,
                    350,
                    351,
                    352,
                    353,
                    354,
                    355,
                    356,
                    357,
                    358,
                    359
                ]
            ],
            "labels": [
                [
                    0,
                    0,
                    0,
                    0,
                    1,
                    0,
                    0,
                    0,
                    0,
                    0,
                    0,
                    0,
                    0,
                    0,
                    1,
                    0,
                    0,
                    0,
                    0,
                    0
                ]
            ],
            "CPU Usage": 3.6,
            "RAM Usage": 17.4,
            "GPU Usage": 70.0,
            "VRAM Usage": 15400.0,
            "Disk Read Speed (MB/s)": 75057177.68652344,
            "Disk Write Speed (MB/s)": 506878123.0595703
        },
        {
            "step": 2,
            "train_loss": 0.007782028056681156,
            "actions_pred1": [
                [
                    [
                        1.1827549934387207,
                        0.21086812019348145,
                        -1.4322439432144165
                    ],
                    [
                        2.1707682609558105,
                        -0.0747067928314209,
                        -1.6583268642425537
                    ],
                    [
                        1.9265061616897583,
                        0.22167456150054932,
                        -1.5371370315551758
                    ],
                    [
                        2.327897548675537,
                        -0.052160050719976425,
                        -1.6763516664505005
                    ],
                    [
                        1.7033967971801758,
                        0.373089075088501,
                        -1.4672678709030151
                    ],
                    [
                        2.980020523071289,
                        -0.12121322751045227,
                        -1.8193312883377075
                    ],
                    [
                        2.920534610748291,
                        0.06787039339542389,
                        -2.047150135040283
                    ],
                    [
                        2.8581666946411133,
                        0.14248454570770264,
                        -2.155057430267334
                    ],
                    [
                        2.7356107234954834,
                        0.11210878193378448,
                        -2.302400588989258
                    ],
                    [
                        2.529524326324463,
                        0.13834287226200104,
                        -2.363769292831421
                    ],
                    [
                        2.7327654361724854,
                        0.1149539202451706,
                        -2.444873571395874
                    ],
                    [
                        2.7107656002044678,
                        0.5267027616500854,
                        -2.6616971492767334
                    ],
                    [
                        2.343402147293091,
                        0.31444108486175537,
                        -2.117532968521118
                    ],
                    [
                        2.4777703285217285,
                        0.34404999017715454,
                        -2.377462387084961
                    ],
                    [
                        1.8093805313110352,
                        0.7540755271911621,
                        -2.177528142929077
                    ],
                    [
                        2.6023523807525635,
                        0.24345380067825317,
                        -2.3623876571655273
                    ],
                    [
                        2.5424258708953857,
                        0.3016795814037323,
                        -2.4509425163269043
                    ],
                    [
                        2.75240159034729,
                        0.20028215646743774,
                        -2.0010483264923096
                    ],
                    [
                        2.995173215866089,
                        0.3096325099468231,
                        -2.499542474746704
                    ],
                    [
                        2.7219467163085938,
                        0.06727549433708191,
                        -2.436269760131836
                    ]
                ]
            ],
            "actions_pred": [
                [
                    [
                        1.1827549934387207,
                        2.1707682609558105,
                        1.9265061616897583,
                        2.327897548675537,
                        1.7033967971801758,
                        2.980020523071289,
                        2.920534610748291,
                        2.8581666946411133,
                        2.7356107234954834,
                        2.529524326324463,
                        2.7327654361724854,
                        2.7107656002044678,
                        2.343402147293091,
                        2.4777703285217285,
                        1.8093805313110352,
                        2.6023523807525635,
