{
    "steps": [
        {
            "step": 0,
            "train_loss": 0.004870525095611811,
            "actions_pred1": [
                [
                    [
                        3.167808771133423,
                        -1.2220946550369263,
                        -2.204272985458374
                    ],
                    [
                        4.096026420593262,
                        -0.41851505637168884,
                        -2.183039903640747
                    ],
                    [
                        3.544248342514038,
                        0.14133180677890778,
                        -2.379214286804199
                    ],
                    [
                        3.7455551624298096,
                        -0.1843080371618271,
                        -2.2666099071502686
                    ],
                    [
                        1.4662723541259766,
                        1.4306083917617798,
                        -1.8193541765213013
                    ],
                    [
                        3.744429349899292,
                        -0.18025808036327362,
                        -1.8386861085891724
                    ],
                    [
                        3.659466505050659,
                        -0.022961212322115898,
                        -2.270494222640991
                    ],
                    [
                        3.17297625541687,
                        0.1325346678495407,
                        -2.31607723236084
                    ],
                    [
                        3.39774751663208,
                        -0.16469010710716248,
                        -2.29058575630188
                    ],
                    [
                        3.153214454650879,
                        0.2956134080886841,
                        -2.651142120361328
                    ],
                    [
                        3.459287643432617,
                        0.37652236223220825,
                        -2.5090904235839844
                    ],
                    [
                        3.2893004417419434,
                        0.08162437379360199,
                        -2.471447229385376
                    ],
                    [
                        2.9042844772338867,
                        -0.02889545075595379,
                        -2.3908145427703857
                    ],
                    [
                        3.3109989166259766,
                        -0.11000895500183105,
                        -2.52605938911438
                    ],
                    [
                        0.9056747555732727,
                        1.800844430923462,
                        -1.7627218961715698
                    ],
                    [
                        3.768674850463867,
                        -0.25449857115745544,
                        -2.3271987438201904
                    ],
                    [
                        1.8931039571762085,
                        0.9227255582809448,
                        -2.210617780685425
                    ],
                    [
                        1.7994436025619507,
                        0.8835374116897583,
                        -1.552156925201416
                    ],
                    [
                        1.4130228757858276,
                        0.773633599281311,
                        -1.8521344661712646
                    ],
                    [
                        1.7853872776031494,
                        1.0323070287704468,
                        -1.9349466562271118
                    ]
                ]
            ],
            "actions_pred": [
                [
                    [
                        3.167808771133423,
                        4.096026420593262,
                        3.544248342514038,
                        3.7455551624298096,
                        1.4662723541259766,
                        3.744429349899292,
                        3.659466505050659,
                        3.17297625541687,
                        3.39774751663208,
                        3.153214454650879,
                        3.459287643432617,
                        3.2893004417419434,
                        2.9042844772338867,
                        3.3109989166259766,
                        0.9056747555732727,
                        3.768674850463867,
                        1.8931039571762085,
                        1.7994436025619507,
                        1.4130228757858276,
                        1.7853872776031494
                    ],
                    [
                        -1.2220946550369263,
                        -0.41851505637168884,
                        0.14133180677890778,
                        -0.1843080371618271,
                        1.4306083917617798,
                        -0.18025808036327362,
                        -0.022961212322115898,
                        0.1325346678495407,
                        -0.16469010710716248,
                        0.2956134080886841,
                        0.37652236223220825,
                        0.08162437379360199,
                        -0.02889545075595379,
                        -0.11000895500183105,
                        1.800844430923462,
                        -0.25449857115745544,
                        0.9227255582809448,
                        0.8835374116897583,
                        0.773633599281311,
                        1.0323070287704468
                    ],
                    [
                        -2.204272985458374,
                        -2.183039903640747,
                        -2.379214286804199,
                        -2.2666099071502686,
                        -1.8193541765213013,
                        -1.8386861085891724,
                        -2.270494222640991,
                        -2.31607723236084,
                        -2.29058575630188,
                        -2.651142120361328,
                        -2.5090904235839844,
                        -2.471447229385376,
                        -2.3908145427703857,
                        -2.52605938911438,
                        -1.7627218961715698,
                        -2.3271987438201904,
                        -2.210617780685425,
                        -1.552156925201416,
                        -1.8521344661712646,
                        -1.9349466562271118
                    ]
                ]
            ],
            "states": [
                [
                    [
                        0.0,
                        0.0,
                        701926592.0,
                        50000.0,
                        8423118848.0,
                        0.0,
                        6538745.0,
                        69.0
                    ],
                    [
                        0.0,
                        0.0,
                        701926592.0,
                        50000.0,
                        9125045248.0,
                        0.0,
                        6538817.0,
                        69.0
                    ],
                    [
                        0.0,
                        0.0,
                        701926592.0,
                        50000.0,
                        9826971648.0,
                        0.0,
                        6538889.0,
                        69.0
                    ],
                    [
                        0.0,
                        0.0,
                        701926592.0,
                        50000.0,
                        10528899072.0,
                        0.0,
                        6538961.0,
                        69.0
                    ],
                    [
                        0.0,
                        0.0,
                        701926592.0,
                        50000.0,
                        0.0,
                        0.0,
                        6539025.0,
                        69.0
                    ],
                    [
                        0.0,
                        0.0,
                        701926592.0,
                        50000.0,
                        2807706368.0,
                        0.0,
                        6539265.0,
                        70.0
                    ],
                    [
                        0.0,
                        0.0,
                        701926592.0,
                        50000.0,
                        3509632768.0,
                        0.0,
                        6539337.0,
                        70.0
                    ],
                    [
                        0.0,
                        0.0,
                        701926592.0,
                        50000.0,
                        4211559424.0,
                        0.0,
                        6539401.0,
                        70.0
                    ],
                    [
                        0.0,
                        0.0,
                        701926592.0,
                        50000.0,
                        4913485824.0,
                        0.0,
                        6539465.0,
                        70.0
                    ],
                    [
                        0.0,
                        0.0,
                        701926592.0,
                        50000.0,
                        5615412736.0,
                        0.0,
                        6539529.0,
                        70.0
                    ],
                    [
                        0.0,
                        0.0,
                        701926592.0,
                        50000.0,
                        3509632768.0,
                        0.0,
                        6539337.0,
                        70.0
                    ],
                    [
                        0.0,
                        0.0,
                        701926592.0,
                        50000.0,
                        4211559424.0,
                        0.0,
                        6539401.0,
                        70.0
                    ],
                    [
                        0.0,
                        0.0,
                        701926592.0,
                        50000.0,
                        4913485824.0,
                        0.0,
                        6539465.0,
                        70.0
                    ],
                    [
                        0.0,
                        0.0,
                        701926592.0,
                        50000.0,
                        5615412736.0,
                        0.0,
                        6539529.0,
                        70.0
                    ],
                    [
                        0.0,
                        0.0,
                        701926592.0,
                        50000.0,
                        0.0,
                        0.0,
                        6539593.0,
                        70.0
                    ],
                    [
                        0.0,
                        0.0,
                        228138000.0,
                        50000.0,
                        6738590208.0,
                        0.0,
                        6549173.0,
                        71.0
                    ],
                    [
                        1.0,
                        150000.0,
                        0.0,
                        10000.0,
                        0.0,
                        0.0,
                        5939146.0,
                        0.0
                    ],
                    [
                        1.0,
                        150000.0,
                        0.0,
                        10000.0,
                        0.0,
                        0.0,
                        5940646.0,
                        0.0
                    ],
                    [
                        1.0,
                        150000.0,
                        0.0,
                        10000.0,
                        0.0,
                        0.0,
                        5942146.0,
                        0.0
                    ],
                    [
                        1.0,
                        150000.0,
                        0.0,
                        10000.0,
                        0.0,
                        0.0,
                        5943646.0,
                        0.0
                    ]
                ]
            ],
            "actions": [
                [
                    [
                        0.3333333432674408
                    ],
                    [
                        0.3333333432674408
                    ],
                    [
                        0.3333333432674408
                    ],
                    [
                        0.3333333432674408
                    ],
                    [
                        0.6666666865348816
                    ],
                    [
                        0.3333333432674408
                    ],
                    [
                        0.3333333432674408
                    ],
                    [
                        0.3333333432674408
                    ],
                    [
                        0.3333333432674408
                    ],
                    [
                        0.3333333432674408
                    ],
                    [
                        0.3333333432674408
                    ],
                    [
                        0.3333333432674408
                    ],
                    [
                        0.3333333432674408
                    ],
                    [
                        0.3333333432674408
                    ],
                    [
                        0.6666666865348816
                    ],
                    [
                        0.3333333432674408
                    ],
                    [
                        0.3333333432674408
                    ],
                    [
                        0.3333333432674408
                    ],
                    [
                        0.3333333432674408
                    ],
                    [
                        0.3333333432674408
                    ]
                ]
            ],
            "returns": [
                [
                    [
                        0.24291667342185974
                    ],
                    [
                        0.24270834028720856
                    ],
                    [
                        0.24250000715255737
                    ],
                    [
                        0.2422916740179062
                    ],
                    [
                        0.2420833259820938
                    ],
                    [
                        0.24187499284744263
                    ],
                    [
                        0.24166665971279144
                    ],
                    [
                        0.24145832657814026
                    ],
                    [
                        0.24124999344348907
                    ],
                    [
                        0.2410416603088379
                    ],
                    [
                        0.2408333271741867
                    ],
                    [
                        0.24062499403953552
                    ],
                    [
                        0.24041666090488434
                    ],
                    [
                        0.24020832777023315
                    ],
                    [
                        0.23999999463558197
                    ],
                    [
                        0.2397916615009308
                    ],
                    [
                        0.2395833283662796
                    ],
                    [
                        0.2395416647195816
                    ],
                    [
                        0.2395000010728836
                    ],
                    [
                        0.2394583374261856
                    ]
                ]
            ],
            "timesteps": [
                [
                    700,
                    701,
                    702,
                    703,
                    704,
                    705,
                    706,
                    707,
                    708,
                    709,
                    710,
                    711,
                    712,
                    713,
                    714,
                    715,
                    716,
                    717,
                    718,
                    719
                ]
            ],
            "labels": [
                [
                    0,
                    0,
                    0,
                    0,
                    1,
                    0,
                    0,
                    0,
                    0,
                    0,
                    0,
                    0,
                    0,
                    0,
                    1,
                    0,
                    0,
                    0,
                    0,
                    0
                ]
            ],
            "CPU Usage": 5.0,
            "RAM Usage": 17.4,
            "GPU Usage": 35.0,
            "VRAM Usage": 15400.0,
            "Disk Read Speed (MB/s)": 75057177.68652344,
            "Disk Write Speed (MB/s)": 506878154.92285156
        },
        {
            "step": 1,
            "train_loss": 0.0039037081878632307,
            "actions_pred1": [
                [
                    [
                        1.977831244468689,
                        0.10473434627056122,
                        -1.4340484142303467
                    ],
                    [
                        1.6831814050674438,
                        -0.09561805427074432,
                        -1.2749521732330322
                    ],
                    [
                        3.1441738605499268,
                        -0.34204134345054626,
                        -2.224463939666748
                    ],
                    [
                        3.1241984367370605,
                        0.054757341742515564,
                        -2.8694634437561035
                    ],
                    [
                        1.490883469581604,
                        1.1120275259017944,
                        -2.0681190490722656
                    ],
                    [
                        3.352529764175415,
                        -0.119712233543396,
                        -1.9946730136871338
                    ],
                    [
                        3.336413860321045,
                        -0.3695944547653198,
                        -2.468892812728882
                    ],
                    [
                        3.2153713703155518,
                        -0.5327887535095215,
                        -2.781022787094116
                    ],
                    [
                        3.4835658073425293,
                        -0.04708835482597351,
                        -2.581505060195923
                    ],
                    [
                        3.7766380310058594,
                        -0.5199139714241028,
                        -2.6450259685516357
                    ],
                    [
                        3.397876024246216,
                        -0.44501134753227234,
                        -2.917642116546631
                    ],
                    [
                        4.394216060638428,
                        -0.49267011880874634,
                        -3.4578025341033936
                    ],
                    [
                        2.7991299629211426,
                        0.23883621394634247,
                        -2.9874486923217773
                    ],
                    [
                        3.381263494491577,
                        0.26537787914276123,
                        -2.3175642490386963
                    ],
                    [
                        1.3130254745483398,
                        1.3166494369506836,
                        -1.9212971925735474
                    ],
                    [
                        3.0489771366119385,
                        0.18172982335090637,
                        -2.6196510791778564
                    ],
                    [
                        3.5075316429138184,
                        -0.40203604102134705,
                        -3.0449984073638916
                    ],
                    [
                        4.0337443351745605,
                        -0.2277822643518448,
                        -3.288142442703247
                    ],
                    [
                        4.089486122131348,
                        -0.06869746744632721,
                        -3.1946470737457275
                    ],
                    [
                        3.9253201484680176,
                        -0.18338780105113983,
                        -2.692187786102295
                    ]
                ]
            ],
            "actions_pred": [
                [
                    [
                        1.977831244468689,
                        1.6831814050674438,
                        3.1441738605499268,
                        3.1241984367370605,
                        1.490883469581604,
                        3.352529764175415,
                        3.336413860321045,
                        3.2153713703155518,
                        3.4835658073425293,
                        3.7766380310058594,
                        3.397876024246216,
                        4.394216060638428,
                        2.7991299629211426,
                        3.381263494491577,
                        1.3130254745483398,
                        3.0489771366119385,
                        3.5075316429138184,
                        4.0337443351745605,
                        4.089486122131348,
                        3.9253201484680176
                    ],
                    [
                        0.10473434627056122,
                        -0.09561805427074432,
                        -0.34204134345054626,
                        0.054757341742515564,
                        1.1120275259017944,
                        -0.119712233543396,
                        -0.3695944547653198,
                        -0.5327887535095215,
                        -0.04708835482597351,
                        -0.5199139714241028,
                        -0.44501134753227234,
                        -0.49267011880874634,
                        0.23883621394634247,
                        0.26537787914276123,
                        1.3166494369506836,
                        0.18172982335090637,
                        -0.40203604102134705,
                        -0.2277822643518448,
                        -0.06869746744632721,
                        -0.18338780105113983
                    ],
                    [
                        -1.4340484142303467,
                        -1.2749521732330322,
                        -2.224463939666748,
                        -2.8694634437561035,
                        -2.0681190490722656,
                        -1.9946730136871338,
                        -2.468892812728882,
                        -2.781022787094116,
                        -2.581505060195923,
                        -2.6450259685516357,
                        -2.917642116546631,
                        -3.4578025341033936,
                        -2.9874486923217773,
                        -2.3175642490386963,
                        -1.9212971925735474,
                        -2.6196510791778564,
                        -3.0449984073638916,
                        -3.288142442703247,
                        -3.1946470737457275,
                        -2.692187786102295
                    ]
                ]
            ],
            "states": [
                [
                    [
                        1.0,
                        150000.0,
                        0.0,
                        10000.0,
                        0.0,
                        0.0,
                        2358646.0,
                        0.0
                    ],
                    [
                        1.0,
                        150000.0,
                        0.0,
                        10000.0,
                        0.0,
                        0.0,
                        2360146.0,
                        0.0
                    ],
                    [
                        0.0,
                        0.0,
                        375972800.0,
                        110000.0,
                        8303776768.0,
                        0.0,
                        3231205.0,
                        19.0
                    ],
                    [
                        0.0,
                        0.0,
                        375972800.0,
                        110000.0,
                        8679749632.0,
                        0.0,
                        3232705.0,
                        19.0
                    ],
                    [
                        0.0,
                        0.0,
                        375972800.0,
                        110000.0,
                        0.0,
                        0.0,
                        3234205.0,
                        19.0
                    ],
                    [
                        1.0,
                        135000.0,
                        12451.0,
                        10000.0,
                        186765.0,
                        0.0,
                        2391646.0,
                        0.0
                    ],
                    [
                        0.0,
                        0.0,
                        375972800.0,
                        110000.0,
                        5263619072.0,
                        0.0,
                        3250861.0,
                        20.0
                    ],
                    [
                        0.0,
                        0.0,
                        375972800.0,
                        110000.0,
                        5639591936.0,
                        0.0,
                        3250913.0,
                        20.0
                    ],
                    [
                        0.0,
                        0.0,
                        375972800.0,
                        110000.0,
                        6015564800.0,
                        0.0,
                        3252413.0,
                        20.0
                    ],
                    [
                        0.0,
                        0.0,
                        375972800.0,
                        110000.0,
                        6391537664.0,
                        0.0,
                        3253913.0,
                        20.0
                    ],
                    [
                        0.0,
                        0.0,
                        375972800.0,
                        110000.0,
                        5263619072.0,
                        0.0,
                        3250861.0,
                        20.0
                    ],
                    [
                        0.0,
                        0.0,
                        375972800.0,
                        110000.0,
                        5639591936.0,
                        0.0,
                        3250913.0,
                        20.0
                    ],
                    [
                        0.0,
                        0.0,
                        375972800.0,
                        110000.0,
                        6015564800.0,
                        0.0,
                        3252413.0,
                        20.0
                    ],
                    [
                        0.0,
                        0.0,
                        375972800.0,
                        110000.0,
                        6391537664.0,
                        0.0,
                        3253913.0,
                        20.0
                    ],
                    [
                        0.0,
                        0.0,
                        401474176.0,
                        110000.0,
                        0.0,
                        0.0,
                        3255413.0,
                        20.0
                    ],
                    [
                        0.0,
                        0.0,
                        401474176.0,
                        110000.0,
                        2007370880.0,
                        0.0,
                        3262913.0,
                        21.0
                    ],
                    [
                        0.0,
                        0.0,
                        401474176.0,
                        110000.0,
                        2408845056.0,
                        0.0,
                        3264413.0,
                        21.0
                    ],
                    [
                        0.0,
                        0.0,
                        401474176.0,
                        110000.0,
                        2810319104.0,
                        0.0,
                        3265913.0,
                        21.0
                    ],
                    [
                        0.0,
                        0.0,
                        401474176.0,
                        110000.0,
                        3211793408.0,
                        0.0,
                        3267413.0,
                        21.0
                    ],
                    [
                        0.0,
                        0.0,
                        401474176.0,
                        110000.0,
                        3613267456.0,
                        0.0,
                        3268913.0,
                        21.0
                    ]
                ]
            ],
            "actions": [
                [
                    [
                        0.3333333432674408
                    ],
                    [
                        0.3333333432674408
                    ],
                    [
                        0.3333333432674408
                    ],
                    [
                        0.3333333432674408
                    ],
                    [
                        0.6666666865348816
                    ],
                    [
                        0.3333333432674408
                    ],
                    [
                        0.3333333432674408
                    ],
                    [
                        0.3333333432674408
                    ],
                    [
                        0.3333333432674408
                    ],
                    [
                        0.3333333432674408
                    ],
                    [
                        0.3333333432674408
                    ],
                    [
                        0.3333333432674408
                    ],
                    [
                        0.3333333432674408
                    ],
                    [
                        0.3333333432674408
                    ],
                    [
                        0.6666666865348816
                    ],
                    [
                        0.3333333432674408
                    ],
                    [
                        0.3333333432674408
                    ],
                    [
                        0.3333333432674408
                    ],
                    [
                        0.3333333432674408
                    ],
                    [
                        0.3333333432674408
                    ]
                ]
            ],
            "returns": [
                [
                    [
                        0.49787500500679016
                    ],
                    [
                        0.49783334136009216
                    ],
                    [
                        0.49779167771339417
                    ],
                    [
                        0.4973333477973938
                    ],
                    [
                        0.49687498807907104
                    ],
                    [
                        0.4964166581630707
                    ],
                    [
                        0.4963749945163727
                    ],
                    [
                        0.4959166646003723
                    ],
                    [
                        0.49545833468437195
                    ],
                    [
                        0.4950000047683716
                    ],
                    [
                        0.4945416748523712
                    ],
                    [
                        0.49408334493637085
                    ],
                    [
                        0.4936249852180481
                    ],
                    [
                        0.49316665530204773
                    ],
                    [
                        0.49270832538604736
                    ],
                    [
                        0.492249995470047
                    ],
                    [
                        0.49179166555404663
                    ],
                    [
                        0.49133333563804626
                    ],
                    [
                        0.4908750057220459
                    ],
                    [
                        0.49041667580604553
                    ]
                ]
            ],
            "timesteps": [
                [
                    200,
                    201,
                    202,
                    203,
                    204,
                    205,
                    206,
                    207,
                    208,
                    209,
                    210,
                    211,
                    212,
                    213,
                    214,
                    215,
                    216,
                    217,
                    218,
                    219
                ]
            ],
            "labels": [
                [
                    0,
                    0,
                    0,
                    0,
                    1,
                    0,
                    0,
                    0,
                    0,
                    0,
                    0,
                    0,
                    0,
                    0,
                    1,
                    0,
                    0,
                    0,
                    0,
                    0
                ]
            ],
            "CPU Usage": 4.6,
            "RAM Usage": 17.4,
            "GPU Usage": 68.0,
            "VRAM Usage": 15400.0,
            "Disk Read Speed (MB/s)": 75057177.68652344,
            "Disk Write Speed (MB/s)": 506878154.92285156
        },
        {
            "step": 2,
            "train_loss": 0.006993267685174942,
            "actions_pred1": [
                [
                    [
                        2.752169370651245,
                        -0.9708570837974548,
                        -2.591590642929077
                    ],
                    [
                        2.757507801055908,
                        -0.736400842666626,
                        -2.6549510955810547
                    ],
                    [
                        2.5852856636047363,
                        -0.4601098597049713,
                        -2.5103752613067627
                    ],
                    [
                        2.622035503387451,
                        -0.7810935378074646,
                        -2.2779431343078613
                    ],
                    [
                        0.4510129392147064,
                        1.2010078430175781,
                        -2.212900161743164
                    ],
                    [
                        3.1925792694091797,
                        -0.4309721887111664,
                        -2.3935916423797607
                    ],
                    [
                        3.138324022293091,
                        -0.4740210473537445,
                        -2.831270217895508
                    ],
                    [
                        3.002753734588623,
                        -0.49034354090690613,
                        -3.1277108192443848
                    ],
                    [
                        3.222301483154297,
                        -0.02512839250266552,
                        -2.8172872066497803
                    ],
                    [
                        2.7100167274475098,
                        -0.049371808767318726,
                        -2.519899606704712
                    ],
                    [
                        3.266782760620117,
                        0.08164866268634796,
                        -2.7839853763580322
                    ],
                    [
                        3.5796985626220703,
                        0.03824172914028168,
                        -2.711188793182373
                    ],
                    [
                        3.0928757190704346,
                        -0.037945911288261414,
                        -3.045084238052368
                    ],
                    [
                        4.042614459991455,
                        0.18503038585186005,
                        -2.832746982574463
                    ],
                    [
                        3.257643938064575,
                        -0.12037894874811172,
                        -3.2203001976013184
                    ],
                    [
                        2.8161747455596924,
                        -0.12112309783697128,
                        -3.0963494777679443
                    ],
                    [
                        3.3600924015045166,
                        -0.145934596657753,
                        -2.6990180015563965
                    ],
                    [
                        3.163823366165161,
                        -0.2826499044895172,
                        -2.825809955596924
                    ],
                    [
                        4.313436031341553,
                        -0.6258888244628906,
                        -2.9966719150543213
                    ],
                    [
                        3.484804391860962,
                        0.058767929673194885,
                        -3.2803149223327637
                    ]
                ]
            ],
            "actions_pred": [
                [
                    [
                        2.752169370651245,
                        2.757507801055908,
                        2.5852856636047363,
                        2.622035503387451,
                        0.4510129392147064,
                        3.1925792694091797,
                        3.138324022293091,
                        3.002753734588623,
                        3.222301483154297,
                        2.7100167274475098,
                        3.266782760620117,
                        3.5796985626220703,
                        3.0928757190704346,
                        4.042614459991455,
                        3.257643938064575,
                        2.8161747455596924,
                        3.3600924015045166,
