{
    "steps": [
        {
            "step": 0,
            "train_loss": 0.0025730738416314125,
            "actions_pred1": [
                [
                    [
                        3.8068501949310303,
                        -1.8653230667114258,
                        -1.78549325466156
                    ],
                    [
                        3.1685712337493896,
                        -0.5655419230461121,
                        -1.6232256889343262
                    ],
                    [
                        3.1055736541748047,
                        -1.0625470876693726,
                        -1.1212313175201416
                    ],
                    [
                        2.9478137493133545,
                        -0.445812463760376,
                        -1.5323479175567627
                    ],
                    [
                        -0.011686384677886963,
                        2.208069086074829,
                        -0.9332701563835144
                    ],
                    [
                        2.5129754543304443,
                        -0.1435195803642273,
                        -1.2560222148895264
                    ],
                    [
                        2.463670253753662,
                        0.2831707000732422,
                        -1.580890417098999
                    ],
                    [
                        2.3025338649749756,
                        -0.5940551161766052,
                        -1.8664058446884155
                    ],
                    [
                        2.434565544128418,
                        0.05594177171587944,
                        -1.3973780870437622
                    ],
                    [
                        2.2827155590057373,
                        0.2984445095062256,
                        -1.334700107574463
                    ],
                    [
                        2.5493059158325195,
                        0.16021081805229187,
                        -1.1357157230377197
                    ],
                    [
                        2.412498712539673,
                        0.025662165135145187,
                        -1.4569270610809326
                    ],
                    [
                        2.499659538269043,
                        0.4337356984615326,
                        -1.5690910816192627
                    ],
                    [
                        2.9151620864868164,
                        0.17575620114803314,
                        -1.7155427932739258
                    ],
                    [
                        -1.0126433372497559,
                        3.5651590824127197,
                        -0.8026047348976135
                    ],
                    [
                        2.818434000015259,
                        -0.04144035652279854,
                        -1.3780410289764404
                    ],
                    [
                        3.399035692214966,
                        0.2490919977426529,
                        -1.296039342880249
                    ],
                    [
                        2.458510637283325,
                        0.18004123866558075,
                        -1.465644359588623
                    ],
                    [
                        2.652886390686035,
                        0.0013650842010974884,
                        -1.4809294939041138
                    ],
                    [
                        2.894975185394287,
                        0.3830208480358124,
                        -1.6782002449035645
                    ]
                ]
            ],
            "actions_pred": [
                [
                    [
                        3.8068501949310303,
                        3.1685712337493896,
                        3.1055736541748047,
                        2.9478137493133545,
                        -0.011686384677886963,
                        2.5129754543304443,
                        2.463670253753662,
                        2.3025338649749756,
                        2.434565544128418,
                        2.2827155590057373,
                        2.5493059158325195,
                        2.412498712539673,
                        2.499659538269043,
                        2.9151620864868164,
                        -1.0126433372497559,
                        2.818434000015259,
                        3.399035692214966,
                        2.458510637283325,
                        2.652886390686035,
                        2.894975185394287
                    ],
                    [
                        -1.8653230667114258,
                        -0.5655419230461121,
                        -1.0625470876693726,
                        -0.445812463760376,
                        2.208069086074829,
                        -0.1435195803642273,
                        0.2831707000732422,
                        -0.5940551161766052,
                        0.05594177171587944,
                        0.2984445095062256,
                        0.16021081805229187,
                        0.025662165135145187,
                        0.4337356984615326,
                        0.17575620114803314,
                        3.5651590824127197,
                        -0.04144035652279854,
                        0.2490919977426529,
                        0.18004123866558075,
                        0.0013650842010974884,
                        0.3830208480358124
                    ],
                    [
                        -1.78549325466156,
                        -1.6232256889343262,
                        -1.1212313175201416,
                        -1.5323479175567627,
                        -0.9332701563835144,
                        -1.2560222148895264,
                        -1.580890417098999,
                        -1.8664058446884155,
                        -1.3973780870437622,
                        -1.334700107574463,
                        -1.1357157230377197,
                        -1.4569270610809326,
                        -1.5690910816192627,
                        -1.7155427932739258,
                        -0.8026047348976135,
                        -1.3780410289764404,
                        -1.296039342880249,
                        -1.465644359588623,
                        -1.4809294939041138,
                        -1.6782002449035645
                    ]
                ]
            ],
            "states": [
                [
                    [
                        1.0,
                        75000.0,
                        3204054.0,
                        70000.0,
                        89694480.0,
                        0.0,
                        5657146.0,
                        0.0
                    ],
                    [
                        0.0,
                        0.0,
                        414029568.0,
                        130000.0,
                        785109440.0,
                        0.0,
                        6260705.0,
                        49.0
                    ],
                    [
                        0.0,
                        0.0,
                        414029568.0,
                        130000.0,
                        1199139072.0,
                        0.0,
                        6260757.0,
                        49.0
                    ],
                    [
                        0.0,
                        0.0,
                        414029568.0,
                        130000.0,
                        1613168640.0,
                        0.0,
                        6260809.0,
                        49.0
                    ],
                    [
                        0.0,
                        0.0,
                        414029568.0,
                        130000.0,
                        0.0,
                        0.0,
                        6260873.0,
                        49.0
                    ],
                    [
                        0.0,
                        0.0,
                        414029568.0,
                        130000.0,
                        3312236544.0,
                        0.0,
                        6261369.0,
                        50.0
                    ],
                    [
                        0.0,
                        0.0,
                        414029568.0,
                        130000.0,
                        3726266112.0,
                        0.0,
                        6261421.0,
                        50.0
                    ],
                    [
                        0.0,
                        0.0,
                        414029568.0,
                        130000.0,
                        4140295680.0,
                        0.0,
                        6261485.0,
                        50.0
                    ],
                    [
                        0.0,
                        0.0,
                        444899648.0,
                        170000.0,
                        4585195008.0,
                        0.0,
                        6261537.0,
                        50.0
                    ],
                    [
                        0.0,
                        0.0,
                        487849312.0,
                        170000.0,
                        5073044480.0,
                        0.0,
                        6261589.0,
                        50.0
                    ],
                    [
                        0.0,
                        0.0,
                        414029568.0,
                        130000.0,
                        3726266112.0,
                        0.0,
                        6261421.0,
                        50.0
                    ],
                    [
                        0.0,
                        0.0,
                        414029568.0,
                        130000.0,
                        4140295680.0,
                        0.0,
                        6261485.0,
                        50.0
                    ],
                    [
                        0.0,
                        0.0,
                        444899648.0,
                        170000.0,
                        4585195008.0,
                        0.0,
                        6261537.0,
                        50.0
                    ],
                    [
                        0.0,
                        0.0,
                        487849312.0,
                        170000.0,
                        5073044480.0,
                        0.0,
                        6261589.0,
                        50.0
                    ],
                    [
                        0.0,
                        0.0,
                        487849312.0,
                        170000.0,
                        0.0,
                        0.0,
                        6261641.0,
                        50.0
                    ],
                    [
                        0.0,
                        0.0,
                        487849312.0,
                        170000.0,
                        6342041088.0,
                        0.0,
                        6278245.0,
                        51.0
                    ],
                    [
                        0.0,
                        0.0,
                        487849312.0,
                        170000.0,
                        6829890560.0,
                        0.0,
                        6279745.0,
                        51.0
                    ],
                    [
                        0.0,
                        0.0,
                        487849312.0,
                        170000.0,
                        7317739520.0,
                        0.0,
                        6281245.0,
                        51.0
                    ],
                    [
                        0.0,
                        0.0,
                        487849312.0,
                        170000.0,
                        7805588992.0,
                        0.0,
                        6282745.0,
                        51.0
                    ],
                    [
                        0.0,
                        0.0,
                        487849312.0,
                        170000.0,
                        8293438464.0,
                        0.0,
                        6284245.0,
                        51.0
                    ]
                ]
            ],
            "actions": [
                [
                    [
                        0.3333333432674408
                    ],
                    [
                        0.3333333432674408
                    ],
                    [
                        0.3333333432674408
                    ],
                    [
                        0.3333333432674408
                    ],
                    [
                        0.6666666865348816
                    ],
                    [
                        0.3333333432674408
                    ],
                    [
                        0.3333333432674408
                    ],
                    [
                        0.3333333432674408
                    ],
                    [
                        0.3333333432674408
                    ],
                    [
                        0.3333333432674408
                    ],
                    [
                        0.3333333432674408
                    ],
                    [
                        0.3333333432674408
                    ],
                    [
                        0.3333333432674408
                    ],
                    [
                        0.3333333432674408
                    ],
                    [
                        0.6666666865348816
                    ],
                    [
                        0.3333333432674408
                    ],
                    [
                        0.3333333432674408
                    ],
                    [
                        0.3333333432674408
                    ],
                    [
                        0.3333333432674408
                    ],
                    [
                        0.3333333432674408
                    ]
                ]
            ],
            "returns": [
                [
                    [
                        0.36158332228660583
                    ],
                    [
                        0.36129167675971985
                    ],
                    [
                        0.3607499897480011
                    ],
                    [
                        0.36020833253860474
                    ],
                    [
                        0.3596666753292084
                    ],
                    [
                        0.3591249883174896
                    ],
                    [
                        0.35858333110809326
                    ],
                    [
                        0.3580416738986969
                    ],
                    [
                        0.35749998688697815
                    ],
                    [
                        0.3567916750907898
                    ],
                    [
                        0.35608333349227905
                    ],
                    [
                        0.3555416762828827
                    ],
                    [
                        0.35499998927116394
                    ],
                    [
                        0.3542916774749756
                    ],
                    [
                        0.35358333587646484
                    ],
                    [
                        0.3528749942779541
                    ],
                    [
                        0.35216665267944336
                    ],
                    [
                        0.351458340883255
                    ],
                    [
                        0.35074999928474426
                    ],
                    [
                        0.3500416576862335
                    ]
                ]
            ],
            "timesteps": [
                [
                    500,
                    501,
                    502,
                    503,
                    504,
                    505,
                    506,
                    507,
                    508,
                    509,
                    510,
                    511,
                    512,
                    513,
                    514,
                    515,
                    516,
                    517,
                    518,
                    519
                ]
            ],
            "labels": [
                [
                    0,
                    0,
                    0,
                    0,
                    1,
                    0,
                    0,
                    0,
                    0,
                    0,
                    0,
                    0,
                    0,
                    0,
                    1,
                    0,
                    0,
                    0,
                    0,
                    0
                ]
            ],
            "CPU Usage": 4.0,
            "RAM Usage": 17.4,
            "GPU Usage": 42.0,
            "VRAM Usage": 15400.0,
            "Disk Read Speed (MB/s)": 75057177.68652344,
            "Disk Write Speed (MB/s)": 506878209.8955078
        },
        {
            "step": 1,
            "train_loss": 0.0018389687174931169,
            "actions_pred1": [
                [
                    [
                        3.6634225845336914,
                        -1.247230052947998,
                        -1.3639957904815674
                    ],
                    [
                        3.309370517730713,
                        -0.6960326433181763,
                        -1.4706770181655884
                    ],
                    [
                        2.305955171585083,
                        -1.082541823387146,
                        -1.1436443328857422
                    ],
                    [
                        2.908259391784668,
                        -1.0029674768447876,
                        -1.1744792461395264
                    ],
                    [
                        0.8108530044555664,
                        1.0290342569351196,
                        -0.9797490239143372
                    ],
                    [
                        3.116520404815674,
                        -1.010973572731018,
                        -1.06789231300354
                    ],
                    [
                        2.71001935005188,
                        -1.130614995956421,
                        -1.1904797554016113
                    ],
                    [
                        2.866870403289795,
                        -1.0124512910842896,
                        -1.592887282371521
                    ],
                    [
                        3.1834537982940674,
                        -0.9655876755714417,
                        -1.2971789836883545
                    ],
                    [
                        3.2712910175323486,
                        -0.5977444052696228,
                        -0.7444854378700256
                    ],
                    [
                        3.8726420402526855,
                        -0.6574675440788269,
                        -1.1111843585968018
                    ],
                    [
                        3.4874675273895264,
                        -0.4564340114593506,
                        -0.9221924543380737
                    ],
                    [
                        3.678718328475952,
                        0.1598273664712906,
                        -0.7579935193061829
                    ],
                    [
                        3.7725613117218018,
                        -0.94793701171875,
                        -0.4845748841762543
                    ],
                    [
                        -0.8720834851264954,
                        2.4104323387145996,
                        -1.1332886219024658
                    ],
                    [
                        4.421548843383789,
                        -1.0828845500946045,
                        -1.5833457708358765
                    ],
                    [
                        4.3144450187683105,
                        -0.9181675314903259,
                        -1.881564974784851
                    ],
                    [
                        4.224565029144287,
                        -1.3576090335845947,
                        -2.1335456371307373
                    ],
                    [
                        5.062726974487305,
                        -1.455928087234497,
                        -2.1337709426879883
                    ],
                    [
                        3.5974020957946777,
                        -1.6683425903320312,
                        -1.8998711109161377
                    ]
                ]
            ],
            "actions_pred": [
                [
                    [
                        3.6634225845336914,
                        3.309370517730713,
                        2.305955171585083,
                        2.908259391784668,
                        0.8108530044555664,
                        3.116520404815674,
                        2.71001935005188,
                        2.866870403289795,
                        3.1834537982940674,
                        3.2712910175323486,
                        3.8726420402526855,
                        3.4874675273895264,
                        3.678718328475952,
                        3.7725613117218018,
                        -0.8720834851264954,
                        4.421548843383789,
                        4.3144450187683105,
                        4.224565029144287,
                        5.062726974487305,
                        3.5974020957946777
                    ],
                    [
                        -1.247230052947998,
                        -0.6960326433181763,
                        -1.082541823387146,
                        -1.0029674768447876,
                        1.0290342569351196,
                        -1.010973572731018,
                        -1.130614995956421,
                        -1.0124512910842896,
                        -0.9655876755714417,
                        -0.5977444052696228,
                        -0.6574675440788269,
                        -0.4564340114593506,
                        0.1598273664712906,
                        -0.94793701171875,
                        2.4104323387145996,
                        -1.0828845500946045,
                        -0.9181675314903259,
                        -1.3576090335845947,
                        -1.455928087234497,
                        -1.6683425903320312
                    ],
                    [
                        -1.3639957904815674,
                        -1.4706770181655884,
                        -1.1436443328857422,
                        -1.1744792461395264,
                        -0.9797490239143372,
                        -1.06789231300354,
                        -1.1904797554016113,
                        -1.592887282371521,
                        -1.2971789836883545,
                        -0.7444854378700256,
                        -1.1111843585968018,
                        -0.9221924543380737,
                        -0.7579935193061829,
                        -0.4845748841762543,
                        -1.1332886219024658,
                        -1.5833457708358765,
                        -1.881564974784851,
                        -2.1335456371307373,
                        -2.1337709426879883,
                        -1.8998711109161377
                    ]
                ]
            ],
            "states": [
                [
                    [
                        1.0,
                        150000.0,
                        0.0,
                        70000.0,
                        0.0,
                        0.0,
                        10479646.0,
                        0.0
                    ],
                    [
                        1.0,
                        150000.0,
                        0.0,
                        70000.0,
                        0.0,
                        0.0,
                        10481146.0,
                        0.0
                    ],
                    [
                        1.0,
                        150000.0,
                        0.0,
                        70000.0,
                        0.0,
                        0.0,
                        10482646.0,
                        0.0
                    ],
                    [
                        1.0,
                        150000.0,
                        0.0,
                        70000.0,
                        0.0,
                        0.0,
                        10484146.0,
                        0.0
                    ],
                    [
                        0.0,
                        0.0,
                        330036000.0,
                        110000.0,
                        0.0,
                        0.0,
                        9294209.0,
                        112.0
                    ],
                    [
                        0.0,
                        0.0,
                        215299520.0,
                        160000.0,
                        13246955520.0,
                        0.0,
                        9932133.0,
                        113.0
                    ],
                    [
                        0.0,
                        0.0,
                        215299520.0,
                        160000.0,
                        13462255616.0,
                        0.0,
                        9933633.0,
                        113.0
                    ],
                    [
                        0.0,
                        0.0,
                        215299520.0,
                        160000.0,
                        13677554688.0,
                        0.0,
                        9935133.0,
                        113.0
                    ],
                    [
                        0.0,
                        0.0,
                        215299520.0,
                        160000.0,
                        13892854784.0,
                        0.0,
                        9936633.0,
                        113.0
                    ],
                    [
                        0.0,
                        0.0,
                        215299520.0,
                        160000.0,
                        14108153856.0,
                        0.0,
                        9938133.0,
                        113.0
                    ],
                    [
                        0.0,
                        0.0,
                        215299520.0,
                        160000.0,
                        13462255616.0,
                        0.0,
                        9933633.0,
                        113.0
                    ],
                    [
                        0.0,
                        0.0,
                        215299520.0,
                        160000.0,
                        13677554688.0,
                        0.0,
                        9935133.0,
                        113.0
                    ],
                    [
                        0.0,
                        0.0,
                        215299520.0,
                        160000.0,
                        13892854784.0,
                        0.0,
                        9936633.0,
                        113.0
                    ],
                    [
                        0.0,
                        0.0,
                        215299520.0,
                        160000.0,
                        14108153856.0,
                        0.0,
                        9938133.0,
                        113.0
                    ],
                    [
                        0.0,
                        0.0,
                        215299520.0,
                        160000.0,
                        0.0,
                        0.0,
                        9939633.0,
                        113.0
                    ],
                    [
                        1.0,
                        150000.0,
                        0.0,
                        10000.0,
                        0.0,
                        0.0,
                        10871198.0,
                        0.0
                    ],
                    [
                        1.0,
                        150000.0,
                        0.0,
                        10000.0,
                        0.0,
                        0.0,
                        10872698.0,
                        0.0
                    ],
                    [
                        1.0,
                        150000.0,
                        0.0,
                        10000.0,
                        0.0,
                        0.0,
                        10874198.0,
                        0.0
                    ],
                    [
                        1.0,
                        150000.0,
                        0.0,
                        10000.0,
                        0.0,
                        0.0,
                        10875698.0,
                        0.0
                    ],
                    [
                        1.0,
                        150000.0,
                        0.0,
                        10000.0,
                        0.0,
                        0.0,
                        10877198.0,
                        0.0
                    ]
                ]
            ],
            "actions": [
                [
                    [
                        0.3333333432674408
                    ],
                    [
                        0.3333333432674408
                    ],
                    [
                        0.3333333432674408
                    ],
                    [
                        0.3333333432674408
                    ],
                    [
                        0.6666666865348816
                    ],
                    [
                        0.3333333432674408
                    ],
                    [
                        0.3333333432674408
                    ],
                    [
                        0.3333333432674408
                    ],
                    [
                        0.3333333432674408
                    ],
                    [
                        0.3333333432674408
                    ],
                    [
                        0.3333333432674408
                    ],
                    [
                        0.3333333432674408
                    ],
                    [
                        0.3333333432674408
                    ],
                    [
                        0.3333333432674408
                    ],
                    [
                        0.6666666865348816
                    ],
                    [
                        0.3333333432674408
                    ],
                    [
                        0.3333333432674408
                    ],
                    [
                        0.3333333432674408
                    ],
                    [
                        0.3333333432674408
                    ],
                    [
                        0.3333333432674408
                    ]
                ]
            ],
            "returns": [
                [
                    [
                        0.08120833337306976
                    ],
                    [
                        0.08091666549444199
                    ],
                    [
                        0.08062499761581421
                    ],
                    [
                        0.08033332973718643
                    ],
                    [
                        0.08004166930913925
                    ],
                    [
                        0.07958333194255829
                    ],
                    [
                        0.07891666889190674
                    ],
                    [
                        0.07824999839067459
                    ],
                    [
                        0.07758333534002304
                    ],
                    [
                        0.0769166648387909
                    ],
                    [
                        0.07625000178813934
                    ],
                    [
                        0.0755833312869072
                    ],
                    [
                        0.07491666823625565
                    ],
                    [
                        0.0742499977350235
                    ],
                    [
                        0.07358333468437195
                    ],
                    [
                        0.0729166641831398
                    ],
                    [
                        0.0728750005364418
                    ],
                    [
                        0.0728333368897438
                    ],
                    [
                        0.07279166579246521
                    ],
                    [
                        0.07275000214576721
                    ]
                ]
            ],
            "timesteps": [
                [
                    1180,
                    1181,
                    1182,
                    1183,
                    1184,
                    1185,
                    1186,
                    1187,
                    1188,
                    1189,
                    1190,
                    1191,
                    1192,
                    1193,
                    1194,
                    1195,
                    1196,
                    1197,
                    1198,
                    1199
                ]
            ],
            "labels": [
                [
                    0,
                    0,
                    0,
                    0,
                    1,
                    0,
                    0,
                    0,
                    0,
                    0,
                    0,
                    0,
                    0,
                    0,
                    1,
                    0,
                    0,
                    0,
                    0,
                    0
                ]
            ],
            "CPU Usage": 3.5,
            "RAM Usage": 17.4,
            "GPU Usage": 80.0,
            "VRAM Usage": 15400.0,
            "Disk Read Speed (MB/s)": 75057177.68652344,
            "Disk Write Speed (MB/s)": 506878209.8955078
        },
        {
            "step": 2,
            "train_loss": 0.0012759941164404154,
            "actions_pred1": [
                [
                    [
                        3.2472786903381348,
                        -0.9323316216468811,
                        -2.028465509414673
                    ],
                    [
                        3.19081711769104,
                        -0.4498405456542969,
                        -2.494131326675415
                    ],
                    [
                        3.941556453704834,
                        -0.23071570694446564,
                        -2.6427695751190186
                    ],
                    [
                        4.274010181427002,
                        -0.2522670030593872,
                        -2.058720827102661
                    ],
                    [
                        -0.12719038128852844,
                        3.4010627269744873,
                        -1.8596526384353638
                    ],
                    [
                        2.7639784812927246,
                        0.019050445407629013,
                        -2.400939464569092
                    ],
                    [
                        4.422459125518799,
                        -0.8304696083068848,
                        -2.6765520572662354
                    ],
                    [
                        3.145179271697998,
                        -0.23226702213287354,
                        -1.7211092710494995
                    ],
                    [
                        3.352857828140259,
                        -0.537128746509552,
                        -1.8981496095657349
                    ],
                    [
                        3.530186414718628,
                        -0.07925741374492645,
                        -1.9350569248199463
                    ],
                    [
                        3.802905559539795,
                        -0.3652624785900116,
                        -1.51613187789917
                    ],
                    [
                        3.617218017578125,
                        -0.299776554107666,
                        -2.145004987716675
                    ],
                    [
                        3.0092825889587402,
                        1.1040979623794556,
                        -2.2351722717285156
                    ],
                    [
                        3.916862726211548,
                        -0.10027435421943665,
                        -1.4238176345825195
                    ],
                    [
                        0.561427652835846,
                        2.242748975753784,
                        -1.5380136966705322
                    ],
                    [
                        5.161440849304199,
                        -1.0590014457702637,
                        -2.385347843170166
                    ],
                    [
                        3.855872869491577,
                        -0.46178266406059265,
                        -1.888185977935791
                    ],
                    [
                        3.7033324241638184,
                        0.3747778534889221,
                        -2.0910120010375977
                    ],
                    [
                        2.897376298904419,
                        0.032959114760160446,
                        -1.443830966949463
                    ],
                    [
                        4.286134719848633,
                        -0.8002185225486755,
                        -1.280081868171692
                    ]
                ]
            ],
            "actions_pred": [
                [
                    [
                        3.2472786903381348,
                        3.19081711769104,
                        3.941556453704834,
                        4.274010181427002,
                        -0.12719038128852844,
                        2.7639784812927246,
                        4.422459125518799,
                        3.145179271697998,
                        3.352857828140259,
                        3.530186414718628,
                        3.802905559539795,
                        3.617218017578125,
                        3.0092825889587402,
                        3.916862726211548,
                        0.561427652835846,
                        5.161440849304199,
                        3.855872869491577,
