{
    "steps": [
        {
            "step": 0,
            "train_loss": 0.022870387881994247,
            "actions_pred1": [
                [
                    [
                        1.5710409879684448,
                        0.26296791434288025,
                        -0.9665930271148682
                    ],
                    [
                        1.7346124649047852,
                        0.19000354409217834,
                        -0.9761060476303101
                    ],
                    [
                        1.5505337715148926,
                        0.27677178382873535,
                        -1.0164998769760132
                    ],
                    [
                        1.4170904159545898,
                        0.3561995029449463,
                        -1.2311618328094482
                    ],
                    [
                        1.8839553594589233,
                        0.21562308073043823,
                        -1.3218622207641602
                    ],
                    [
                        1.2351003885269165,
                        0.3117729127407074,
                        -1.1689152717590332
                    ],
                    [
                        1.722978115081787,
                        0.3886451721191406,
                        -1.2113001346588135
                    ],
                    [
                        1.8708521127700806,
                        0.4010929465293884,
                        -1.0920500755310059
                    ],
                    [
                        2.084110975265503,
                        0.23936942219734192,
                        -1.264684796333313
                    ],
                    [
                        2.149442195892334,
                        0.2165435403585434,
                        -1.2457869052886963
                    ],
                    [
                        2.3737165927886963,
                        0.23591852188110352,
                        -1.417388916015625
                    ],
                    [
                        2.40979266166687,
                        0.17409199476242065,
                        -1.4372551441192627
                    ],
                    [
                        2.289499044418335,
                        0.3897237181663513,
                        -1.3664029836654663
                    ],
                    [
                        2.4829587936401367,
                        0.049204934388399124,
                        -1.4692751169204712
                    ],
                    [
                        2.3549962043762207,
                        0.33696603775024414,
                        -1.2900582551956177
                    ],
                    [
                        2.358320951461792,
                        0.32983851432800293,
                        -1.289735198020935
                    ],
                    [
                        2.472234010696411,
                        0.2102498561143875,
                        -1.4730265140533447
                    ],
                    [
                        2.345057487487793,
                        0.3195871114730835,
                        -1.2902774810791016
                    ],
                    [
                        2.4052205085754395,
                        0.1440836489200592,
                        -1.487310528755188
                    ],
                    [
                        2.354250907897949,
                        0.1872614324092865,
                        -1.60628080368042
                    ]
                ]
            ],
            "actions_pred": [
                [
                    [
                        1.5710409879684448,
                        1.7346124649047852,
                        1.5505337715148926,
                        1.4170904159545898,
                        1.8839553594589233,
                        1.2351003885269165,
                        1.722978115081787,
                        1.8708521127700806,
                        2.084110975265503,
                        2.149442195892334,
                        2.3737165927886963,
                        2.40979266166687,
                        2.289499044418335,
                        2.4829587936401367,
                        2.3549962043762207,
                        2.358320951461792,
                        2.472234010696411,
                        2.345057487487793,
                        2.4052205085754395,
                        2.354250907897949
                    ],
                    [
                        0.26296791434288025,
                        0.19000354409217834,
                        0.27677178382873535,
                        0.3561995029449463,
                        0.21562308073043823,
                        0.3117729127407074,
                        0.3886451721191406,
                        0.4010929465293884,
                        0.23936942219734192,
                        0.2165435403585434,
                        0.23591852188110352,
                        0.17409199476242065,
                        0.3897237181663513,
                        0.049204934388399124,
                        0.33696603775024414,
                        0.32983851432800293,
                        0.2102498561143875,
                        0.3195871114730835,
                        0.1440836489200592,
                        0.1872614324092865
                    ],
                    [
                        -0.9665930271148682,
                        -0.9761060476303101,
                        -1.0164998769760132,
                        -1.2311618328094482,
                        -1.3218622207641602,
                        -1.1689152717590332,
                        -1.2113001346588135,
                        -1.0920500755310059,
                        -1.264684796333313,
                        -1.2457869052886963,
                        -1.417388916015625,
                        -1.4372551441192627,
                        -1.3664029836654663,
                        -1.4692751169204712,
                        -1.2900582551956177,
                        -1.289735198020935,
                        -1.4730265140533447,
                        -1.2902774810791016,
                        -1.487310528755188,
                        -1.60628080368042
                    ]
                ]
            ],
            "states": [
                [
                    [
                        1.0,
                        150000.0,
                        0.0,
                        10000.0,
                        0.0,
                        0.0,
                        10872698.0,
                        0.0
                    ],
                    [
                        1.0,
                        150000.0,
                        0.0,
                        10000.0,
                        0.0,
                        0.0,
                        10874198.0,
                        0.0
                    ],
                    [
                        1.0,
                        150000.0,
                        0.0,
                        10000.0,
                        0.0,
                        0.0,
                        10875698.0,
                        0.0
                    ],
                    [
                        1.0,
                        150000.0,
                        0.0,
                        10000.0,
                        0.0,
                        0.0,
                        10877198.0,
                        0.0
                    ],
                    [
                        0.0,
                        0.0,
                        185100528.0,
                        40000.0,
                        18390382592.0,
                        0.0,
                        9996189.0,
                        114.0
                    ],
                    [
                        1.0,
                        150000.0,
                        0.0,
                        10000.0,
                        0.0,
                        0.0,
                        10874198.0,
                        0.0
                    ],
                    [
                        1.0,
                        150000.0,
                        0.0,
                        10000.0,
                        0.0,
                        0.0,
                        10875698.0,
                        0.0
                    ],
                    [
                        1.0,
                        150000.0,
                        0.0,
                        10000.0,
                        0.0,
                        0.0,
                        10877198.0,
                        0.0
                    ],
                    [
                        0.0,
                        0.0,
                        185100528.0,
                        40000.0,
                        18390382592.0,
                        0.0,
                        9996189.0,
                        114.0
                    ],
                    [
                        0.0,
                        0.0,
                        185100528.0,
                        40000.0,
                        18575482880.0,
                        0.0,
                        9997689.0,
                        114.0
                    ],
                    [
                        0.0,
                        0.0,
                        165638960.0,
                        60000.0,
                        17544783872.0,
                        0.0,
                        10130425.0,
                        115.0
                    ],
                    [
                        0.0,
                        0.0,
                        165638960.0,
                        60000.0,
                        17710424064.0,
                        0.0,
                        10130477.0,
                        115.0
                    ],
                    [
                        0.0,
                        0.0,
                        165638960.0,
                        60000.0,
                        17876062208.0,
                        0.0,
                        10130529.0,
                        115.0
                    ],
                    [
                        0.0,
                        0.0,
                        165638960.0,
                        60000.0,
                        18041700352.0,
                        0.0,
                        10130581.0,
                        115.0
                    ],
                    [
                        0.0,
                        0.0,
                        165638960.0,
                        60000.0,
                        18207340544.0,
                        0.0,
                        10130633.0,
                        115.0
                    ],
                    [
                        0.0,
                        0.0,
                        165638960.0,
                        60000.0,
                        17710424064.0,
                        0.0,
                        10130477.0,
                        115.0
                    ],
                    [
                        0.0,
                        0.0,
                        165638960.0,
                        60000.0,
                        17876062208.0,
                        0.0,
                        10130529.0,
                        115.0
                    ],
                    [
                        0.0,
                        0.0,
                        165638960.0,
                        60000.0,
                        18041700352.0,
                        0.0,
                        10130581.0,
                        115.0
                    ],
                    [
                        0.0,
                        0.0,
                        165638960.0,
                        60000.0,
                        18207340544.0,
                        0.0,
                        10130633.0,
                        115.0
                    ],
                    [
                        0.0,
                        0.0,
                        165638960.0,
                        60000.0,
                        18372978688.0,
                        0.0,
                        10130685.0,
                        115.0
                    ]
                ]
            ],
            "actions": [
                [
                    [
                        0.3333333432674408
                    ],
                    [
                        0.3333333432674408
                    ],
                    [
                        0.3333333432674408
                    ],
                    [
                        0.3333333432674408
                    ],
                    [
                        1.0
                    ],
                    [
                        0.3333333432674408
                    ],
                    [
                        0.3333333432674408
                    ],
                    [
                        0.3333333432674408
                    ],
                    [
                        1.0
                    ],
                    [
                        0.6666666865348816
                    ],
                    [
                        0.3333333432674408
                    ],
                    [
                        0.3333333432674408
                    ],
                    [
                        0.3333333432674408
                    ],
                    [
                        0.3333333432674408
                    ],
                    [
                        0.3333333432674408
                    ],
                    [
                        0.3333333432674408
                    ],
                    [
                        0.3333333432674408
                    ],
                    [
                        0.3333333432674408
                    ],
                    [
                        0.3333333432674408
                    ],
                    [
                        0.6666666865348816
                    ]
                ]
            ],
            "returns": [
                [
                    [
                        0.07270833104848862
                    ],
                    [
                        0.07266666740179062
                    ],
                    [
                        0.07262499630451202
                    ],
                    [
                        0.07258333265781403
                    ],
                    [
                        0.07254166901111603
                    ],
                    [
                        0.07237499952316284
                    ],
                    [
                        0.07233333587646484
                    ],
                    [
                        0.07229166477918625
                    ],
                    [
                        0.07225000113248825
                    ],
                    [
                        0.07208333164453506
                    ],
                    [
                        0.07191666960716248
                    ],
                    [
                        0.0716666653752327
                    ],
                    [
                        0.07141666859388351
                    ],
                    [
                        0.07116666436195374
                    ],
                    [
                        0.07091666758060455
                    ],
                    [
                        0.07066666334867477
                    ],
                    [
                        0.07041666656732559
                    ],
                    [
                        0.07016666978597641
                    ],
                    [
                        0.06991666555404663
                    ],
                    [
                        0.06966666877269745
                    ]
                ]
            ],
            "timesteps": [
                [
                    1200,
                    1201,
                    1202,
                    1203,
                    1204,
                    1205,
                    1206,
                    1207,
                    1208,
                    1209,
                    1210,
                    1211,
                    1212,
                    1213,
                    1214,
                    1215,
                    1216,
                    1217,
                    1218,
                    1219
                ]
            ],
            "labels": [
                [
                    0,
                    0,
                    0,
                    0,
                    2,
                    0,
                    0,
                    0,
                    2,
                    1,
                    0,
                    0,
                    0,
                    0,
                    0,
                    0,
                    0,
                    0,
                    0,
                    1
                ]
            ],
            "CPU Usage": 4.3,
            "RAM Usage": 17.4,
            "GPU Usage": 42.0,
            "VRAM Usage": 15400.0,
            "Disk Read Speed (MB/s)": 75057177.68652344,
            "Disk Write Speed (MB/s)": 506878111.74316406
        },
        {
            "step": 1,
            "train_loss": 0.00900944322347641,
            "actions_pred1": [
                [
                    [
                        1.3667736053466797,
                        0.4548092782497406,
                        -1.4367259740829468
                    ],
                    [
                        1.549173355102539,
                        0.25416043400764465,
                        -1.1430140733718872
                    ],
                    [
                        1.6888161897659302,
                        0.17600800096988678,
                        -1.689428448677063
                    ],
                    [
                        2.2847654819488525,
                        0.19011957943439484,
                        -1.721374273300171
                    ],
                    [
                        2.1155500411987305,
                        0.8059521913528442,
                        -1.4430745840072632
                    ],
                    [
                        2.3368425369262695,
                        0.11825588345527649,
                        -1.870390772819519
                    ],
                    [
                        2.26313853263855,
                        0.23420299589633942,
                        -1.9264106750488281
                    ],
                    [
                        2.373063564300537,
                        0.23799020051956177,
                        -2.230074644088745
                    ],
                    [
                        2.696272611618042,
                        0.4447416067123413,
                        -1.9661760330200195
                    ],
                    [
                        2.689275026321411,
                        -0.04548395797610283,
                        -2.344417095184326
                    ],
                    [
                        2.6976640224456787,
                        0.15116487443447113,
                        -2.2421212196350098
                    ],
                    [
                        2.8590164184570312,
                        0.07116980850696564,
                        -2.3683624267578125
                    ],
                    [
                        2.57395601272583,
                        0.2269112467765808,
                        -2.1985793113708496
                    ],
                    [
                        2.9344940185546875,
                        0.3389139473438263,
                        -2.129448890686035
                    ],
                    [
                        2.09002423286438,
                        0.3214679956436157,
                        -2.046428680419922
                    ],
                    [
                        2.9584999084472656,
                        0.20803865790367126,
                        -2.036656141281128
                    ],
                    [
                        2.8874428272247314,
                        -0.07583911716938019,
                        -2.279836893081665
                    ],
                    [
                        2.9380948543548584,
                        0.17782536149024963,
                        -2.6080689430236816
                    ],
                    [
                        2.8224093914031982,
                        0.31940317153930664,
                        -2.3253657817840576
                    ],
                    [
                        2.8446571826934814,
                        0.19360405206680298,
                        -2.1458091735839844
                    ]
                ]
            ],
            "actions_pred": [
                [
                    [
                        1.3667736053466797,
                        1.549173355102539,
                        1.6888161897659302,
                        2.2847654819488525,
                        2.1155500411987305,
                        2.3368425369262695,
                        2.26313853263855,
                        2.373063564300537,
                        2.696272611618042,
                        2.689275026321411,
                        2.6976640224456787,
                        2.8590164184570312,
                        2.57395601272583,
                        2.9344940185546875,
                        2.09002423286438,
                        2.9584999084472656,
                        2.8874428272247314,
                        2.9380948543548584,
                        2.8224093914031982,
                        2.8446571826934814
                    ],
                    [
                        0.4548092782497406,
                        0.25416043400764465,
                        0.17600800096988678,
                        0.19011957943439484,
                        0.8059521913528442,
                        0.11825588345527649,
                        0.23420299589633942,
                        0.23799020051956177,
                        0.4447416067123413,
                        -0.04548395797610283,
                        0.15116487443447113,
                        0.07116980850696564,
                        0.2269112467765808,
                        0.3389139473438263,
                        0.3214679956436157,
                        0.20803865790367126,
                        -0.07583911716938019,
                        0.17782536149024963,
                        0.31940317153930664,
                        0.19360405206680298
                    ],
                    [
                        -1.4367259740829468,
                        -1.1430140733718872,
                        -1.689428448677063,
                        -1.721374273300171,
                        -1.4430745840072632,
                        -1.870390772819519,
                        -1.9264106750488281,
                        -2.230074644088745,
                        -1.9661760330200195,
                        -2.344417095184326,
                        -2.2421212196350098,
                        -2.3683624267578125,
                        -2.1985793113708496,
                        -2.129448890686035,
                        -2.046428680419922,
                        -2.036656141281128,
                        -2.279836893081665,
                        -2.6080689430236816,
                        -2.3253657817840576,
                        -2.1458091735839844
                    ]
                ]
            ],
            "states": [
                [
                    [
                        1.0,
                        150000.0,
                        0.0,
                        0.0,
                        0.0,
                        0.0,
                        6137146.0,
                        0.0
                    ],
                    [
                        1.0,
                        150000.0,
                        0.0,
                        0.0,
                        0.0,
                        0.0,
                        6138646.0,
                        0.0
                    ],
                    [
                        1.0,
                        150000.0,
                        0.0,
                        0.0,
                        0.0,
                        0.0,
                        6140146.0,
                        0.0
                    ],
                    [
                        0.0,
                        0.0,
                        504626496.0,
                        80000.0,
                        5510626304.0,
                        0.0,
                        6703585.0,
                        83.0
                    ],
                    [
                        0.0,
                        0.0,
                        504626496.0,
                        80000.0,
                        0.0,
                        0.0,
                        6703657.0,
                        83.0
                    ],
                    [
                        0.0,
                        0.0,
                        504626496.0,
                        90000.0,
                        7569397760.0,
                        0.0,
                        6713229.0,
                        84.0
                    ],
                    [
                        0.0,
                        0.0,
                        504626496.0,
                        90000.0,
                        8074023936.0,
                        0.0,
                        6713281.0,
                        84.0
                    ],
                    [
                        0.0,
                        0.0,
                        504626496.0,
                        90000.0,
                        8578650624.0,
                        0.0,
                        6714781.0,
                        84.0
                    ],
                    [
                        0.0,
                        0.0,
                        504626496.0,
                        90000.0,
                        9083277312.0,
                        0.0,
                        6714833.0,
                        84.0
                    ],
                    [
                        0.0,
                        0.0,
                        504626496.0,
                        90000.0,
                        9587903488.0,
                        0.0,
                        6716333.0,
                        84.0
                    ],
                    [
                        0.0,
                        0.0,
                        504626496.0,
                        90000.0,
                        8074023936.0,
                        0.0,
                        6713281.0,
                        84.0
                    ],
                    [
                        0.0,
                        0.0,
                        504626496.0,
                        90000.0,
                        8578650624.0,
                        0.0,
                        6714781.0,
                        84.0
                    ],
                    [
                        0.0,
                        0.0,
                        504626496.0,
                        90000.0,
                        9083277312.0,
                        0.0,
                        6714833.0,
                        84.0
                    ],
                    [
                        0.0,
                        0.0,
                        504626496.0,
                        90000.0,
                        9587903488.0,
                        0.0,
                        6716333.0,
                        84.0
                    ],
                    [
                        0.0,
                        0.0,
                        504626496.0,
                        100000.0,
                        0.0,
                        0.0,
                        6716385.0,
                        84.0
                    ],
                    [
                        0.0,
                        0.0,
                        310010816.0,
                        10000.0,
                        16863267840.0,
                        0.0,
                        6744513.0,
                        85.0
                    ],
                    [
                        0.0,
                        0.0,
                        310010816.0,
                        10000.0,
                        17173278720.0,
                        0.0,
                        6744565.0,
                        85.0
                    ],
                    [
                        0.0,
                        0.0,
                        310010816.0,
                        10000.0,
                        17483288576.0,
                        0.0,
                        6744645.0,
                        85.0
                    ],
                    [
                        0.0,
                        0.0,
                        310010816.0,
                        10000.0,
                        17793300480.0,
                        0.0,
                        6744697.0,
                        85.0
                    ],
                    [
                        0.0,
                        0.0,
                        310010816.0,
                        10000.0,
                        18103310336.0,
                        0.0,
                        6744777.0,
                        85.0
                    ]
                ]
            ],
            "actions": [
                [
                    [
                        0.3333333432674408
                    ],
                    [
                        0.3333333432674408
                    ],
                    [
                        0.3333333432674408
                    ],
                    [
                        0.3333333432674408
                    ],
                    [
                        0.6666666865348816
                    ],
                    [
                        0.3333333432674408
                    ],
                    [
                        0.3333333432674408
                    ],
                    [
                        0.3333333432674408
                    ],
                    [
                        0.3333333432674408
                    ],
                    [
                        0.3333333432674408
                    ],
                    [
                        0.3333333432674408
                    ],
                    [
                        0.3333333432674408
                    ],
                    [
                        0.3333333432674408
                    ],
                    [
                        0.3333333432674408
                    ],
                    [
                        0.6666666865348816
                    ],
                    [
                        0.3333333432674408
                    ],
                    [
                        0.3333333432674408
                    ],
                    [
                        0.3333333432674408
                    ],
                    [
                        0.3333333432674408
                    ],
                    [
                        0.3333333432674408
                    ]
                ]
            ],
            "returns": [
                [
                    [
                        0.19704166054725647
                    ],
                    [
                        0.19704166054725647
                    ],
                    [
                        0.19704166054725647
                    ],
                    [
                        0.19704166054725647
                    ],
                    [
                        0.1967083364725113
                    ],
                    [
                        0.19637499749660492
                    ],
                    [
                        0.19599999487400055
                    ],
                    [
                        0.19562500715255737
                    ],
                    [
                        0.195250004529953
                    ],
                    [
                        0.19487500190734863
                    ],
                    [
                        0.19449999928474426
                    ],
                    [
                        0.1941249966621399
                    ],
                    [
                        0.19374999403953552
                    ],
                    [
                        0.19337500631809235
                    ],
                    [
                        0.19300000369548798
                    ],
                    [
                        0.1925833374261856
                    ],
                    [
                        0.1925416737794876
                    ],
                    [
                        0.19249999523162842
                    ],
                    [
                        0.19245833158493042
                    ],
                    [
                        0.19241666793823242
                    ]
                ]
            ],
            "timesteps": [
                [
                    840,
                    841,
                    842,
                    843,
                    844,
                    845,
                    846,
                    847,
                    848,
                    849,
                    850,
                    851,
                    852,
                    853,
                    854,
                    855,
                    856,
                    857,
                    858,
                    859
                ]
            ],
            "labels": [
                [
                    0,
                    0,
                    0,
                    0,
                    1,
                    0,
                    0,
                    0,
                    0,
                    0,
                    0,
                    0,
                    0,
                    0,
                    1,
                    0,
                    0,
                    0,
                    0,
                    0
                ]
            ],
            "CPU Usage": 3.8,
            "RAM Usage": 17.4,
            "GPU Usage": 47.0,
            "VRAM Usage": 15400.0,
            "Disk Read Speed (MB/s)": 75057177.68652344,
            "Disk Write Speed (MB/s)": 506878111.94628906
        },
        {
            "step": 2,
            "train_loss": 0.011001150123775005,
            "actions_pred1": [
                [
                    [
                        1.8228214979171753,
                        -0.08801469206809998,
                        -1.162648320198059
                    ],
                    [
                        2.423940420150757,
                        -0.1646837592124939,
                        -1.4602869749069214
                    ],
                    [
                        1.9025790691375732,
                        0.19398149847984314,
                        -1.1305433511734009
                    ],
                    [
                        2.603863477706909,
                        -0.045546066015958786,
                        -1.385136365890503
                    ],
                    [
                        2.4741969108581543,
                        0.2927197217941284,
                        -1.5150567293167114
                    ],
                    [
                        2.762486219406128,
                        0.05673373118042946,
                        -1.7823066711425781
                    ],
                    [
                        2.594611406326294,
                        0.24903389811515808,
                        -1.7683706283569336
                    ],
                    [
                        2.6000561714172363,
                        -0.014956768602132797,
                        -1.9634791612625122
                    ],
                    [
                        2.390860080718994,
                        0.15620487928390503,
                        -1.7079224586486816
                    ],
                    [
                        2.6689858436584473,
                        0.03783882036805153,
                        -1.5648359060287476
                    ],
                    [
                        2.489593267440796,
                        0.11119265854358673,
                        -1.622785210609436
                    ],
                    [
                        2.573441982269287,
                        0.2139739841222763,
                        -1.6187716722488403
                    ],
                    [
                        2.825714111328125,
                        0.07982052862644196,
                        -1.7193974256515503
                    ],
                    [
                        2.8471274375915527,
                        0.01590884104371071,
                        -1.795338749885559
                    ],
                    [
                        2.7549307346343994,
                        0.09363782405853271,
                        -1.6484473943710327
                    ],
                    [
                        2.473670482635498,
                        0.20474456250667572,
                        -1.7528208494186401
                    ],
                    [
                        2.572721481323242,
                        0.35316476225852966,
                        -1.6766268014907837
                    ],
                    [
                        1.9953795671463013,
                        0.18993765115737915,
                        -1.7812879085540771
                    ],
                    [
                        2.3712081909179688,
                        0.1733936369419098,
                        -1.5988823175430298
                    ],
                    [
                        2.5347461700439453,
                        0.2071901261806488,
                        -1.6695107221603394
                    ]
                ]
            ],
            "actions_pred": [
                [
                    [
                        1.8228214979171753,
                        2.423940420150757,
                        1.9025790691375732,
                        2.603863477706909,
                        2.4741969108581543,
                        2.762486219406128,
                        2.594611406326294,
                        2.6000561714172363,
                        2.390860080718994,
                        2.6689858436584473,
                        2.489593267440796,
                        2.573441982269287,
                        2.825714111328125,
                        2.8471274375915527,
                        2.7549307346343994,
                        2.473670482635498,
                        2.572721481323242,
                        1.9953795671463013,
