{
    "steps": [
        {
            "step": 0,
            "train_loss": 0.031894128769636154,
            "actions_pred1": [
                [
                    [
                        0.1631951481103897,
                        -0.6216878294944763,
                        0.5863091349601746
                    ],
                    [
                        -0.38639503717422485,
                        -0.28233835101127625,
                        0.22279663383960724
                    ],
                    [
                        -0.28549399971961975,
                        -0.25857487320899963,
                        0.3186734616756439
                    ],
                    [
                        0.14842958748340607,
                        -0.10260497778654099,
                        0.13516220450401306
                    ],
                    [
                        0.5707236528396606,
                        0.018592601642012596,
                        0.3557034730911255
                    ],
                    [
                        0.1267234832048416,
                        0.12838901579380035,
                        -0.175840362906456
                    ],
                    [
                        0.09855261445045471,
                        0.3197164833545685,
                        0.14812883734703064
                    ],
                    [
                        0.6275413632392883,
                        -0.06905078142881393,
                        0.35869941115379333
                    ],
                    [
                        0.7345373034477234,
                        -0.007863426581025124,
                        0.3543483316898346
                    ],
                    [
                        0.5819811224937439,
                        0.1036411002278328,
                        0.5199704766273499
                    ],
                    [
                        0.8866819143295288,
                        0.16636303067207336,
                        0.47924861311912537
                    ],
                    [
                        0.6815673112869263,
                        -0.040412358939647675,
                        0.2634328007698059
                    ],
                    [
                        0.5381020903587341,
                        -0.151117742061615,
                        0.11899726092815399
                    ],
                    [
                        0.45905476808547974,
                        0.024279093369841576,
                        0.06546860933303833
                    ],
                    [
                        0.7460224628448486,
                        0.09051717072725296,
                        0.5970908403396606
                    ],
                    [
                        0.9575471878051758,
                        -0.055815182626247406,
                        0.12197941541671753
                    ],
                    [
                        0.9681387543678284,
                        0.025185560807585716,
                        0.13883168995380402
                    ],
                    [
                        0.5038659572601318,
                        0.0725565031170845,
                        -0.0868939459323883
                    ],
                    [
                        0.5682177543640137,
                        0.2692596912384033,
                        0.04426718130707741
                    ],
                    [
                        0.058232441544532776,
                        -0.04145973175764084,
                        -0.15476439893245697
                    ]
                ]
            ],
            "actions_pred": [
                [
                    [
                        0.1631951481103897,
                        -0.38639503717422485,
                        -0.28549399971961975,
                        0.14842958748340607,
                        0.5707236528396606,
                        0.1267234832048416,
                        0.09855261445045471,
                        0.6275413632392883,
                        0.7345373034477234,
                        0.5819811224937439,
                        0.8866819143295288,
                        0.6815673112869263,
                        0.5381020903587341,
                        0.45905476808547974,
                        0.7460224628448486,
                        0.9575471878051758,
                        0.9681387543678284,
                        0.5038659572601318,
                        0.5682177543640137,
                        0.058232441544532776
                    ],
                    [
                        -0.6216878294944763,
                        -0.28233835101127625,
                        -0.25857487320899963,
                        -0.10260497778654099,
                        0.018592601642012596,
                        0.12838901579380035,
                        0.3197164833545685,
                        -0.06905078142881393,
                        -0.007863426581025124,
                        0.1036411002278328,
                        0.16636303067207336,
                        -0.040412358939647675,
                        -0.151117742061615,
                        0.024279093369841576,
                        0.09051717072725296,
                        -0.055815182626247406,
                        0.025185560807585716,
                        0.0725565031170845,
                        0.2692596912384033,
                        -0.04145973175764084
                    ],
                    [
                        0.5863091349601746,
                        0.22279663383960724,
                        0.3186734616756439,
                        0.13516220450401306,
                        0.3557034730911255,
                        -0.175840362906456,
                        0.14812883734703064,
                        0.35869941115379333,
                        0.3543483316898346,
                        0.5199704766273499,
                        0.47924861311912537,
                        0.2634328007698059,
                        0.11899726092815399,
                        0.06546860933303833,
                        0.5970908403396606,
                        0.12197941541671753,
                        0.13883168995380402,
                        -0.0868939459323883,
                        0.04426718130707741,
                        -0.15476439893245697
                    ]
                ]
            ],
            "states": [
                [
                    [
                        0.0,
                        0.0,
                        508799840.0,
                        140000.0,
                        4070398720.0,
                        0.0,
                        8654181.0,
                        108.0
                    ],
                    [
                        0.0,
                        0.0,
                        508799840.0,
                        140000.0,
                        4579198464.0,
                        0.0,
                        8655681.0,
                        108.0
                    ],
                    [
                        0.0,
                        0.0,
                        508799840.0,
                        140000.0,
                        5087998464.0,
                        0.0,
                        8657181.0,
                        108.0
                    ],
                    [
                        0.0,
                        0.0,
                        508799840.0,
                        140000.0,
                        5596798464.0,
                        0.0,
                        8657233.0,
                        108.0
                    ],
                    [
                        0.0,
                        0.0,
                        508799840.0,
                        140000.0,
                        0.0,
                        0.0,
                        8658733.0,
                        108.0
                    ],
                    [
                        0.0,
                        0.0,
                        475245408.0,
                        90000.0,
                        9538462720.0,
                        0.0,
                        8669921.0,
                        109.0
                    ],
                    [
                        0.0,
                        0.0,
                        475245408.0,
                        100000.0,
                        10013708288.0,
                        0.0,
                        8669973.0,
                        109.0
                    ],
                    [
                        0.0,
                        0.0,
                        475245408.0,
                        100000.0,
                        10488953856.0,
                        0.0,
                        8671473.0,
                        109.0
                    ],
                    [
                        1.0,
                        0.0,
                        51061060.0,
                        90000.0,
                        2154665472.0,
                        0.0,
                        9513646.0,
                        0.0
                    ],
                    [
                        1.0,
                        0.0,
                        51061060.0,
                        90000.0,
                        2205726464.0,
                        0.0,
                        9515146.0,
                        0.0
                    ],
                    [
                        0.0,
                        0.0,
                        475245408.0,
                        100000.0,
                        10013708288.0,
                        0.0,
                        8669973.0,
                        109.0
                    ],
                    [
                        0.0,
                        0.0,
                        475245408.0,
                        100000.0,
                        10488953856.0,
                        0.0,
                        8671473.0,
                        109.0
                    ],
                    [
                        1.0,
                        0.0,
                        51061060.0,
                        90000.0,
                        2154665472.0,
                        0.0,
                        9513646.0,
                        0.0
                    ],
                    [
                        1.0,
                        0.0,
                        51061060.0,
                        90000.0,
                        2205726464.0,
                        0.0,
                        9515146.0,
                        0.0
                    ],
                    [
                        0.0,
                        0.0,
                        475245408.0,
                        100000.0,
                        0.0,
                        0.0,
                        8672973.0,
                        109.0
                    ],
                    [
                        1.0,
                        0.0,
                        51061060.0,
                        90000.0,
                        2205726464.0,
                        0.0,
                        9515146.0,
                        0.0
                    ],
                    [
                        0.0,
                        0.0,
                        475245408.0,
                        100000.0,
                        0.0,
                        0.0,
                        8672973.0,
                        109.0
                    ],
                    [
                        0.0,
                        0.0,
                        475245408.0,
                        100000.0,
                        475245408.0,
                        0.0,
                        8673025.0,
                        110.0
                    ],
                    [
                        0.0,
                        0.0,
                        475245408.0,
                        100000.0,
                        950490816.0,
                        0.0,
                        8673077.0,
                        110.0
                    ],
                    [
                        0.0,
                        0.0,
                        475245408.0,
                        100000.0,
                        1425736320.0,
                        0.0,
                        8673129.0,
                        110.0
                    ]
                ]
            ],
            "actions": [
                [
                    [
                        0.3333333432674408
                    ],
                    [
                        0.3333333432674408
                    ],
                    [
                        0.3333333432674408
                    ],
                    [
                        0.3333333432674408
                    ],
                    [
                        0.6666666865348816
                    ],
                    [
                        0.3333333432674408
                    ],
                    [
                        0.3333333432674408
                    ],
                    [
                        0.3333333432674408
                    ],
                    [
                        0.3333333432674408
                    ],
                    [
                        0.3333333432674408
                    ],
                    [
                        0.3333333432674408
                    ],
                    [
                        0.3333333432674408
                    ],
                    [
                        0.3333333432674408
                    ],
                    [
                        0.3333333432674408
                    ],
                    [
                        0.6666666865348816
                    ],
                    [
                        0.3333333432674408
                    ],
                    [
                        0.6666666865348816
                    ],
                    [
                        0.3333333432674408
                    ],
                    [
                        0.3333333432674408
                    ],
                    [
                        0.3333333432674408
                    ]
                ]
            ],
            "returns": [
                [
                    [
                        0.10045833140611649
                    ],
                    [
                        0.09987500309944153
                    ],
                    [
                        0.09929166734218597
                    ],
                    [
                        0.09870833158493042
                    ],
                    [
                        0.09812500327825546
                    ],
                    [
                        0.09754166752099991
                    ],
                    [
                        0.09716666489839554
                    ],
                    [
                        0.09674999862909317
                    ],
                    [
                        0.0963333323597908
                    ],
                    [
                        0.09595832973718643
                    ],
                    [
                        0.09558333456516266
                    ],
                    [
                        0.09516666829586029
                    ],
                    [
                        0.09475000202655792
                    ],
                    [
                        0.09437499940395355
                    ],
                    [
                        0.09399999678134918
                    ],
                    [
                        0.09358333051204681
                    ],
                    [
                        0.09320833534002304
                    ],
                    [
                        0.09279166907072067
                    ],
                    [
                        0.0923750028014183
                    ],
                    [
                        0.09195833653211594
                    ]
                ]
            ],
            "timesteps": [
                [
                    1120,
                    1121,
                    1122,
                    1123,
                    1124,
                    1125,
                    1126,
                    1127,
                    1128,
                    1129,
                    1130,
                    1131,
                    1132,
                    1133,
                    1134,
                    1135,
                    1136,
                    1137,
                    1138,
                    1139
                ]
            ],
            "labels": [
                [
                    0,
                    0,
                    0,
                    0,
                    1,
                    0,
                    0,
                    0,
                    0,
                    0,
                    0,
                    0,
                    0,
                    0,
                    1,
                    0,
                    1,
                    0,
                    0,
                    0
                ]
            ],
            "CPU Usage": 5.7,
            "RAM Usage": 17.4,
            "GPU Usage": 42.0,
            "VRAM Usage": 15400.0,
            "Disk Read Speed (MB/s)": 75057177.68652344,
            "Disk Write Speed (MB/s)": 506877967.7314453
        },
        {
            "step": 1,
            "train_loss": 0.021021556109189987,
            "actions_pred1": [
                [
                    [
                        1.0759057998657227,
                        0.35115939378738403,
                        -0.018122930079698563
                    ],
                    [
                        0.6860179901123047,
                        0.38304129242897034,
                        -0.0485331229865551
                    ],
                    [
                        0.9948724508285522,
                        0.36866408586502075,
                        -0.021070223301649094
                    ],
                    [
                        0.995699405670166,
                        0.16005299985408783,
                        -0.08791787922382355
                    ],
                    [
                        1.4173035621643066,
                        0.04971856623888016,
                        0.29843923449516296
                    ],
                    [
                        1.1579604148864746,
                        -0.36778974533081055,
                        -0.05070502683520317
                    ],
                    [
                        0.9521917104721069,
                        -0.2573798596858978,
                        0.15074102580547333
                    ],
                    [
                        0.8829338550567627,
                        -0.1116693839430809,
                        0.3058268129825592
                    ],
                    [
                        1.1300748586654663,
                        -0.14736494421958923,
                        0.18669292330741882
                    ],
                    [
                        1.125353455543518,
                        -0.009374583140015602,
                        0.08299550414085388
                    ],
                    [
                        1.2651718854904175,
                        -0.18217483162879944,
                        0.20269760489463806
                    ],
                    [
                        1.3235050439834595,
                        -0.26522862911224365,
                        0.36525267362594604
                    ],
                    [
                        1.0297452211380005,
                        0.0164093729108572,
                        0.16739116609096527
                    ],
                    [
                        1.2076975107192993,
                        0.009944921359419823,
                        0.05112044885754585
                    ],
                    [
                        1.3501193523406982,
                        -0.1312682032585144,
                        0.30293744802474976
                    ],
                    [
                        1.0724812746047974,
                        -0.16684013605117798,
                        0.05091207101941109
                    ],
                    [
                        1.2019171714782715,
                        -0.2712647020816803,
                        -0.088401660323143
                    ],
                    [
                        1.1749311685562134,
                        -0.009968424215912819,
                        0.18250013887882233
                    ],
                    [
                        0.9596617221832275,
                        -0.041416727006435394,
                        -0.03933590278029442
                    ],
                    [
                        1.1516889333724976,
                        -0.19046500325202942,
                        0.052896250039339066
                    ]
                ]
            ],
            "actions_pred": [
                [
                    [
                        1.0759057998657227,
                        0.6860179901123047,
                        0.9948724508285522,
                        0.995699405670166,
                        1.4173035621643066,
                        1.1579604148864746,
                        0.9521917104721069,
                        0.8829338550567627,
                        1.1300748586654663,
                        1.125353455543518,
                        1.2651718854904175,
                        1.3235050439834595,
                        1.0297452211380005,
                        1.2076975107192993,
                        1.3501193523406982,
                        1.0724812746047974,
                        1.2019171714782715,
                        1.1749311685562134,
                        0.9596617221832275,
                        1.1516889333724976
                    ],
                    [
                        0.35115939378738403,
                        0.38304129242897034,
                        0.36866408586502075,
                        0.16005299985408783,
                        0.04971856623888016,
                        -0.36778974533081055,
                        -0.2573798596858978,
                        -0.1116693839430809,
                        -0.14736494421958923,
                        -0.009374583140015602,
                        -0.18217483162879944,
                        -0.26522862911224365,
                        0.0164093729108572,
                        0.009944921359419823,
                        -0.1312682032585144,
                        -0.16684013605117798,
                        -0.2712647020816803,
                        -0.009968424215912819,
                        -0.041416727006435394,
                        -0.19046500325202942
                    ],
                    [
                        -0.018122930079698563,
                        -0.0485331229865551,
                        -0.021070223301649094,
                        -0.08791787922382355,
                        0.29843923449516296,
                        -0.05070502683520317,
                        0.15074102580547333,
                        0.3058268129825592,
                        0.18669292330741882,
                        0.08299550414085388,
                        0.20269760489463806,
                        0.36525267362594604,
                        0.16739116609096527,
                        0.05112044885754585,
                        0.30293744802474976,
                        0.05091207101941109,
                        -0.088401660323143,
                        0.18250013887882233,
                        -0.03933590278029442,
                        0.052896250039339066
                    ]
                ]
            ],
            "states": [
                [
                    [
                        0.0,
                        0.0,
                        162784208.0,
                        180000.0,
                        2229035264.0,
                        0.0,
                        3573993.0,
                        35.0
                    ],
                    [
                        0.0,
                        0.0,
                        162784208.0,
                        180000.0,
                        2391819264.0,
                        0.0,
                        3574045.0,
                        35.0
                    ],
                    [
                        0.0,
                        0.0,
                        162784208.0,
                        180000.0,
                        2554603520.0,
                        0.0,
                        3575545.0,
                        35.0
                    ],
                    [
                        0.0,
                        0.0,
                        162784208.0,
                        180000.0,
                        2717387776.0,
                        0.0,
                        3577045.0,
                        35.0
                    ],
                    [
                        0.0,
                        0.0,
                        162784208.0,
                        180000.0,
                        0.0,
                        0.0,
                        3577097.0,
                        35.0
                    ],
                    [
                        1.0,
                        150000.0,
                        0.0,
                        10000.0,
                        0.0,
                        0.0,
                        5223646.0,
                        0.0
                    ],
                    [
                        1.0,
                        150000.0,
                        0.0,
                        10000.0,
                        0.0,
                        0.0,
                        5225146.0,
                        0.0
                    ],
                    [
                        1.0,
                        150000.0,
                        0.0,
                        10000.0,
                        0.0,
                        0.0,
                        5226646.0,
                        0.0
                    ],
                    [
                        1.0,
                        150000.0,
                        0.0,
                        10000.0,
                        0.0,
                        0.0,
                        5228146.0,
                        0.0
                    ],
                    [
                        0.0,
                        0.0,
                        92578112.0,
                        60000.0,
                        16830956544.0,
                        0.0,
                        5934149.0,
                        36.0
                    ],
                    [
                        1.0,
                        150000.0,
                        0.0,
                        10000.0,
                        0.0,
                        0.0,
                        5225146.0,
                        0.0
                    ],
                    [
                        1.0,
                        150000.0,
                        0.0,
                        10000.0,
                        0.0,
                        0.0,
                        5226646.0,
                        0.0
                    ],
                    [
                        1.0,
                        150000.0,
                        0.0,
                        10000.0,
                        0.0,
                        0.0,
                        5228146.0,
                        0.0
                    ],
                    [
                        0.0,
                        0.0,
                        92578112.0,
                        60000.0,
                        16830956544.0,
                        0.0,
                        5934149.0,
                        36.0
                    ],
                    [
                        0.0,
                        0.0,
                        92578112.0,
                        60000.0,
                        0.0,
                        0.0,
                        5934201.0,
                        36.0
                    ],
                    [
                        0.0,
                        0.0,
                        165055680.0,
                        90000.0,
                        6725097472.0,
                        0.0,
                        5958989.0,
                        37.0
                    ],
                    [
                        0.0,
                        0.0,
                        165055680.0,
                        110000.0,
                        6890152960.0,
                        0.0,
                        5960489.0,
                        37.0
                    ],
                    [
                        0.0,
                        0.0,
                        165055680.0,
                        110000.0,
                        7055208960.0,
                        0.0,
                        5961989.0,
                        37.0
                    ],
                    [
                        0.0,
                        0.0,
                        204649920.0,
                        110000.0,
                        7259858944.0,
                        0.0,
                        5963489.0,
                        37.0
                    ],
                    [
                        0.0,
                        0.0,
                        204649920.0,
                        110000.0,
                        7464508928.0,
                        0.0,
                        5963541.0,
                        37.0
                    ]
                ]
            ],
            "actions": [
                [
                    [
                        0.3333333432674408
                    ],
                    [
                        0.3333333432674408
                    ],
                    [
                        0.3333333432674408
                    ],
                    [
                        0.3333333432674408
                    ],
                    [
                        0.6666666865348816
                    ],
                    [
                        0.3333333432674408
                    ],
                    [
                        0.3333333432674408
                    ],
                    [
                        0.3333333432674408
                    ],
                    [
                        0.3333333432674408
                    ],
                    [
                        0.3333333432674408
                    ],
                    [
                        0.3333333432674408
                    ],
                    [
                        0.3333333432674408
                    ],
                    [
                        0.3333333432674408
                    ],
                    [
                        0.3333333432674408
                    ],
                    [
                        0.6666666865348816
                    ],
                    [
                        0.3333333432674408
                    ],
                    [
                        0.3333333432674408
                    ],
                    [
                        0.3333333432674408
                    ],
                    [
                        0.3333333432674408
                    ],
                    [
                        0.3333333432674408
                    ]
                ]
            ],
            "returns": [
                [
                    [
                        0.4245416522026062
                    ],
                    [
                        0.42379167675971985
                    ],
                    [
                        0.4230416715145111
                    ],
                    [
                        0.42229166626930237
                    ],
                    [
                        0.42154166102409363
                    ],
                    [
                        0.4207916557788849
                    ],
                    [
                        0.4207499921321869
                    ],
                    [
                        0.4207083284854889
                    ],
                    [
                        0.4206666648387909
                    ],
                    [
                        0.4206250011920929
                    ],
                    [
                        0.4203749895095825
                    ],
                    [
                        0.4203333258628845
                    ],
                    [
                        0.4202916622161865
                    ],
                    [
                        0.4202499985694885
                    ],
                    [
                        0.41999998688697815
                    ],
                    [
                        0.41975000500679016
                    ],
                    [
                        0.4193750023841858
                    ],
                    [
                        0.4189166724681854
                    ],
                    [
                        0.41845834255218506
                    ],
                    [
                        0.4180000126361847
                    ]
                ]
            ],
            "timesteps": [
                [
                    360,
                    361,
                    362,
                    363,
                    364,
                    365,
                    366,
                    367,
                    368,
                    369,
                    370,
                    371,
                    372,
                    373,
                    374,
                    375,
                    376,
                    377,
                    378,
                    379
                ]
            ],
            "labels": [
                [
                    0,
                    0,
                    0,
                    0,
                    1,
                    0,
                    0,
                    0,
                    0,
                    0,
                    0,
                    0,
                    0,
                    0,
                    1,
                    0,
                    0,
                    0,
                    0,
                    0
                ]
            ],
            "CPU Usage": 8.1,
            "RAM Usage": 17.4,
            "GPU Usage": 79.0,
            "VRAM Usage": 15400.0,
            "Disk Read Speed (MB/s)": 75057177.68652344,
            "Disk Write Speed (MB/s)": 506877968.0830078
        },
        {
            "step": 2,
            "train_loss": 0.021348118782043457,
            "actions_pred1": [
                [
                    [
                        0.49002015590667725,
                        0.1594538539648056,
                        -0.7527194023132324
                    ],
                    [
                        0.5820921659469604,
                        0.2749355435371399,
                        -0.6185556650161743
                    ],
                    [
                        0.7560018301010132,
                        -0.449599027633667,
                        -0.5833376049995422
                    ],
                    [
                        0.629137396812439,
                        -0.14896231889724731,
                        -0.5338857173919678
                    ],
                    [
                        0.35933375358581543,
                        -0.30656862258911133,
                        -0.28249576687812805
                    ],
                    [
                        0.5018100738525391,
                        -0.09225290268659592,
                        -0.4064413011074066
                    ],
                    [
                        0.6102281808853149,
                        0.02571076713502407,
                        -0.3066267967224121
                    ],
                    [
                        0.7737499475479126,
                        -0.04630749672651291,
                        -0.33872076869010925
                    ],
                    [
                        0.6835170984268188,
                        0.2791535556316376,
                        -0.4478582739830017
                    ],
                    [
                        0.6313859224319458,
                        0.15098413825035095,
                        -0.4261331260204315
                    ],
                    [
                        0.9047917723655701,
                        0.023213719949126244,
                        -0.5697268843650818
                    ],
                    [
                        0.9196618795394897,
                        0.12788772583007812,
                        -0.22557196021080017
                    ],
                    [
                        0.7015300989151001,
                        0.06793732196092606,
                        -0.3879351019859314
                    ],
                    [
                        0.5455701351165771,
                        0.010770415887236595,
                        -0.4038485884666443
                    ],
                    [
                        0.5684083700180054,
                        0.055255062878131866,
                        -0.4756540060043335
                    ],
                    [
                        0.7566617727279663,
                        0.05865005403757095,
                        -0.45217975974082947
                    ],
                    [
                        0.7509665489196777,
                        -0.029010886326432228,
                        -0.4314975440502167
                    ],
                    [
                        0.8690699934959412,
                        0.058737851679325104,
                        -0.31257519125938416
                    ],
                    [
                        0.9288265109062195,
                        0.11330658942461014,
                        -0.13167983293533325
                    ],
                    [
                        0.5671800971031189,
                        0.16842392086982727,
                        -0.3256426155567169
                    ]
                ]
            ],
            "actions_pred": [
                [
                    [
                        0.49002015590667725,
                        0.5820921659469604,
                        0.7560018301010132,
                        0.629137396812439,
                        0.35933375358581543,
                        0.5018100738525391,
                        0.6102281808853149,
                        0.7737499475479126,
                        0.6835170984268188,
                        0.6313859224319458,
                        0.9047917723655701,
                        0.9196618795394897,
                        0.7015300989151001,
