{
    "steps": [
        {
            "step": 0,
            "train_loss": 0.023419220000505447,
            "actions_pred1": [
                [
                    [
                        0.2916431725025177,
                        -0.3113817572593689,
                        0.1123824492096901
                    ],
                    [
                        0.12346582114696503,
                        0.0437290221452713,
                        -0.052169959992170334
                    ],
                    [
                        0.44147923588752747,
                        0.22803673148155212,
                        -0.15981385111808777
                    ],
                    [
                        0.8502050042152405,
                        0.20479832589626312,
                        0.0549740232527256
                    ],
                    [
                        0.6727527379989624,
                        0.5042890310287476,
                        0.033064428716897964
                    ],
                    [
                        0.3909226357936859,
                        0.43944689631462097,
                        -0.27312567830085754
                    ],
                    [
                        0.5309222936630249,
                        0.1836647391319275,
                        -0.13092364370822906
                    ],
                    [
                        0.6681880950927734,
                        0.26279690861701965,
                        -0.09686112403869629
                    ],
                    [
                        0.8285204768180847,
                        0.056296154856681824,
                        0.056274209171533585
                    ],
                    [
                        1.0928370952606201,
                        0.08325473964214325,
                        -0.09766629338264465
                    ],
                    [
                        1.0587776899337769,
                        -0.060551539063453674,
                        0.01823202148079872
                    ],
                    [
                        1.191794753074646,
                        -0.055949196219444275,
                        -0.08361400663852692
                    ],
                    [
                        0.4088464081287384,
                        0.5165805816650391,
                        -0.3966575562953949
                    ],
                    [
                        0.7941479682922363,
                        0.19840829074382782,
                        -0.15652945637702942
                    ],
                    [
                        0.8165733814239502,
                        0.08815349638462067,
                        -0.07641101628541946
                    ],
                    [
                        0.859226405620575,
                        0.07155998051166534,
                        -0.08046118170022964
                    ],
                    [
                        1.232121467590332,
                        -0.18368177115917206,
                        0.22923801839351654
                    ],
                    [
                        1.0311483144760132,
                        0.05043424665927887,
                        -0.1080029085278511
                    ],
                    [
                        0.6003900766372681,
                        0.0007626842707395554,
                        -0.06081018224358559
                    ],
                    [
                        0.8885207176208496,
                        -0.08054421842098236,
                        0.043158385902643204
                    ]
                ]
            ],
            "actions_pred": [
                [
                    [
                        0.2916431725025177,
                        0.12346582114696503,
                        0.44147923588752747,
                        0.8502050042152405,
                        0.6727527379989624,
                        0.3909226357936859,
                        0.5309222936630249,
                        0.6681880950927734,
                        0.8285204768180847,
                        1.0928370952606201,
                        1.0587776899337769,
                        1.191794753074646,
                        0.4088464081287384,
                        0.7941479682922363,
                        0.8165733814239502,
                        0.859226405620575,
                        1.232121467590332,
                        1.0311483144760132,
                        0.6003900766372681,
                        0.8885207176208496
                    ],
                    [
                        -0.3113817572593689,
                        0.0437290221452713,
                        0.22803673148155212,
                        0.20479832589626312,
                        0.5042890310287476,
                        0.43944689631462097,
                        0.1836647391319275,
                        0.26279690861701965,
                        0.056296154856681824,
                        0.08325473964214325,
                        -0.060551539063453674,
                        -0.055949196219444275,
                        0.5165805816650391,
                        0.19840829074382782,
                        0.08815349638462067,
                        0.07155998051166534,
                        -0.18368177115917206,
                        0.05043424665927887,
                        0.0007626842707395554,
                        -0.08054421842098236
                    ],
                    [
                        0.1123824492096901,
                        -0.052169959992170334,
                        -0.15981385111808777,
                        0.0549740232527256,
                        0.033064428716897964,
                        -0.27312567830085754,
                        -0.13092364370822906,
                        -0.09686112403869629,
                        0.056274209171533585,
                        -0.09766629338264465,
                        0.01823202148079872,
                        -0.08361400663852692,
                        -0.3966575562953949,
                        -0.15652945637702942,
                        -0.07641101628541946,
                        -0.08046118170022964,
                        0.22923801839351654,
                        -0.1080029085278511,
                        -0.06081018224358559,
                        0.043158385902643204
                    ]
                ]
            ],
            "states": [
                [
                    [
                        0.0,
                        0.0,
                        546429312.0,
                        120000.0,
                        12384158720.0,
                        0.0,
                        3418557.0,
                        33.0
                    ],
                    [
                        0.0,
                        0.0,
                        546429312.0,
                        120000.0,
                        12930588672.0,
                        0.0,
                        3418629.0,
                        33.0
                    ],
                    [
                        0.0,
                        0.0,
                        546429312.0,
                        120000.0,
                        13477017600.0,
                        0.0,
                        3418709.0,
                        33.0
                    ],
                    [
                        0.0,
                        0.0,
                        546429312.0,
                        120000.0,
                        14023446528.0,
                        0.0,
                        3418761.0,
                        33.0
                    ],
                    [
                        0.0,
                        0.0,
                        546429312.0,
                        120000.0,
                        0.0,
                        0.0,
                        3418841.0,
                        33.0
                    ],
                    [
                        1.0,
                        150000.0,
                        0.0,
                        0.0,
                        0.0,
                        0.0,
                        2498146.0,
                        0.0
                    ],
                    [
                        0.0,
                        0.0,
                        589379008.0,
                        130000.0,
                        3867954688.0,
                        0.0,
                        3419309.0,
                        34.0
                    ],
                    [
                        0.0,
                        0.0,
                        589379008.0,
                        130000.0,
                        4457333760.0,
                        0.0,
                        3419373.0,
                        34.0
                    ],
                    [
                        0.0,
                        0.0,
                        589379008.0,
                        130000.0,
                        5046712832.0,
                        0.0,
                        3419425.0,
                        34.0
                    ],
                    [
                        0.0,
                        0.0,
                        589379008.0,
                        100000.0,
                        5636091904.0,
                        0.0,
                        3419489.0,
                        34.0
                    ],
                    [
                        0.0,
                        0.0,
                        589379008.0,
                        130000.0,
                        3867954688.0,
                        0.0,
                        3419309.0,
                        34.0
                    ],
                    [
                        0.0,
                        0.0,
                        589379008.0,
                        130000.0,
                        4457333760.0,
                        0.0,
                        3419373.0,
                        34.0
                    ],
                    [
                        0.0,
                        0.0,
                        589379008.0,
                        130000.0,
                        5046712832.0,
                        0.0,
                        3419425.0,
                        34.0
                    ],
                    [
                        0.0,
                        0.0,
                        589379008.0,
                        100000.0,
                        5636091904.0,
                        0.0,
                        3419489.0,
                        34.0
                    ],
                    [
                        0.0,
                        0.0,
                        589379008.0,
                        100000.0,
                        0.0,
                        0.0,
                        3419561.0,
                        34.0
                    ],
                    [
                        0.0,
                        15000.0,
                        127216512.0,
                        180000.0,
                        2066251008.0,
                        0.0,
                        3572493.0,
                        35.0
                    ],
                    [
                        0.0,
                        0.0,
                        162784208.0,
                        180000.0,
                        2229035264.0,
                        0.0,
                        3573993.0,
                        35.0
                    ],
                    [
                        0.0,
                        0.0,
                        162784208.0,
                        180000.0,
                        2391819264.0,
                        0.0,
                        3574045.0,
                        35.0
                    ],
                    [
                        0.0,
                        0.0,
                        162784208.0,
                        180000.0,
                        2554603520.0,
                        0.0,
                        3575545.0,
                        35.0
                    ],
                    [
                        0.0,
                        0.0,
                        162784208.0,
                        180000.0,
                        2717387776.0,
                        0.0,
                        3577045.0,
                        35.0
                    ]
                ]
            ],
            "actions": [
                [
                    [
                        0.3333333432674408
                    ],
                    [
                        0.3333333432674408
                    ],
                    [
                        0.3333333432674408
                    ],
                    [
                        0.3333333432674408
                    ],
                    [
                        0.6666666865348816
                    ],
                    [
                        0.3333333432674408
                    ],
                    [
                        0.3333333432674408
                    ],
                    [
                        0.3333333432674408
                    ],
                    [
                        0.3333333432674408
                    ],
                    [
                        0.3333333432674408
                    ],
                    [
                        0.3333333432674408
                    ],
                    [
                        0.3333333432674408
                    ],
                    [
                        0.3333333432674408
                    ],
                    [
                        0.3333333432674408
                    ],
                    [
                        0.6666666865348816
                    ],
                    [
                        0.3333333432674408
                    ],
                    [
                        0.3333333432674408
                    ],
                    [
                        0.3333333432674408
                    ],
                    [
                        0.3333333432674408
                    ],
                    [
                        0.3333333432674408
                    ]
                ]
            ],
            "returns": [
                [
                    [
                        0.43529167771339417
                    ],
                    [
                        0.4347916543483734
                    ],
                    [
                        0.43429166078567505
                    ],
                    [
                        0.4337916672229767
                    ],
                    [
                        0.4332916736602783
                    ],
                    [
                        0.43279168009757996
                    ],
                    [
                        0.43279168009757996
                    ],
                    [
                        0.4322499930858612
                    ],
                    [
                        0.43170833587646484
                    ],
                    [
                        0.4311666786670685
                    ],
                    [
                        0.4307500123977661
                    ],
                    [
                        0.43020832538604736
                    ],
                    [
                        0.429666668176651
                    ],
                    [
                        0.42912501096725464
                    ],
                    [
                        0.42870834469795227
                    ],
                    [
                        0.4282916784286499
                    ],
                    [
                        0.42754167318344116
                    ],
                    [
                        0.4267916679382324
                    ],
                    [
                        0.4260416626930237
                    ],
                    [
                        0.42529165744781494
                    ]
                ]
            ],
            "timesteps": [
                [
                    340,
                    341,
                    342,
                    343,
                    344,
                    345,
                    346,
                    347,
                    348,
                    349,
                    350,
                    351,
                    352,
                    353,
                    354,
                    355,
                    356,
                    357,
                    358,
                    359
                ]
            ],
            "labels": [
                [
                    0,
                    0,
                    0,
                    0,
                    1,
                    0,
                    0,
                    0,
                    0,
                    0,
                    0,
                    0,
                    0,
                    0,
                    1,
                    0,
                    0,
                    0,
                    0,
                    0
                ]
            ],
            "CPU Usage": 5.4,
            "RAM Usage": 17.4,
            "GPU Usage": 4.0,
            "VRAM Usage": 15400.0,
            "Disk Read Speed (MB/s)": 75057177.68652344,
            "Disk Write Speed (MB/s)": 506877949.5908203
        },
        {
            "step": 1,
            "train_loss": 0.025819972157478333,
            "actions_pred1": [
                [
                    [
                        0.43521782755851746,
                        -0.5814701318740845,
                        0.5160101056098938
                    ],
                    [
                        0.8000445365905762,
                        -0.5021825432777405,
                        0.43796858191490173
                    ],
                    [
                        0.6855217814445496,
                        -0.09596292674541473,
                        0.1799602210521698
                    ],
                    [
                        1.0342141389846802,
                        -0.022064851596951485,
                        0.5607117414474487
                    ],
                    [
                        0.941510796546936,
                        -0.07735861837863922,
                        0.7026433944702148
                    ],
                    [
                        1.1702920198440552,
                        0.2941431999206543,
                        0.628900408744812
                    ],
                    [
                        0.8548516631126404,
                        0.3384293019771576,
                        0.14865407347679138
                    ],
                    [
                        0.5872862339019775,
                        0.22417052090168,
                        0.10353795439004898
                    ],
                    [
                        0.5842008590698242,
                        0.34284764528274536,
                        0.32577264308929443
                    ],
                    [
                        0.7206530570983887,
                        -0.030563371255993843,
                        0.19314351677894592
                    ],
                    [
                        0.8061226010322571,
                        0.12441058456897736,
                        0.10017690807580948
                    ],
                    [
                        0.7416406273841858,
                        -0.2535124719142914,
                        0.06322518736124039
                    ],
                    [
                        1.1843012571334839,
                        -0.1705521196126938,
                        0.22932684421539307
                    ],
                    [
                        1.075398325920105,
                        -0.16106189787387848,
                        0.20652812719345093
                    ],
                    [
                        1.263062834739685,
                        0.14994294941425323,
                        0.42027124762535095
                    ],
                    [
                        0.43744415044784546,
                        0.12127844989299774,
                        0.1437675952911377
                    ],
                    [
                        0.9947812557220459,
                        0.045352354645729065,
                        0.22904141247272491
                    ],
                    [
                        1.4357184171676636,
                        0.21751877665519714,
                        0.11837733536958694
                    ],
                    [
                        0.44594451785087585,
                        0.11613781750202179,
                        0.021967489272356033
                    ],
                    [
                        0.42133259773254395,
                        0.39571473002433777,
                        0.014066566713154316
                    ]
                ]
            ],
            "actions_pred": [
                [
                    [
                        0.43521782755851746,
                        0.8000445365905762,
                        0.6855217814445496,
                        1.0342141389846802,
                        0.941510796546936,
                        1.1702920198440552,
                        0.8548516631126404,
                        0.5872862339019775,
                        0.5842008590698242,
                        0.7206530570983887,
                        0.8061226010322571,
                        0.7416406273841858,
                        1.1843012571334839,
                        1.075398325920105,
                        1.263062834739685,
                        0.43744415044784546,
                        0.9947812557220459,
                        1.4357184171676636,
                        0.44594451785087585,
                        0.42133259773254395
                    ],
                    [
                        -0.5814701318740845,
                        -0.5021825432777405,
                        -0.09596292674541473,
                        -0.022064851596951485,
                        -0.07735861837863922,
                        0.2941431999206543,
                        0.3384293019771576,
                        0.22417052090168,
                        0.34284764528274536,
                        -0.030563371255993843,
                        0.12441058456897736,
                        -0.2535124719142914,
                        -0.1705521196126938,
                        -0.16106189787387848,
                        0.14994294941425323,
                        0.12127844989299774,
                        0.045352354645729065,
                        0.21751877665519714,
                        0.11613781750202179,
                        0.39571473002433777
                    ],
                    [
                        0.5160101056098938,
                        0.43796858191490173,
                        0.1799602210521698,
                        0.5607117414474487,
                        0.7026433944702148,
                        0.628900408744812,
                        0.14865407347679138,
                        0.10353795439004898,
                        0.32577264308929443,
                        0.19314351677894592,
                        0.10017690807580948,
                        0.06322518736124039,
                        0.22932684421539307,
                        0.20652812719345093,
                        0.42027124762535095,
                        0.1437675952911377,
                        0.22904141247272491,
                        0.11837733536958694,
                        0.021967489272356033,
                        0.014066566713154316
                    ]
                ]
            ],
            "states": [
                [
                    [
                        0.0,
                        0.0,
                        202160848.0,
                        60000.0,
                        17433825280.0,
                        0.0,
                        3186341.0,
                        17.0
                    ],
                    [
                        0.0,
                        0.0,
                        202160848.0,
                        60000.0,
                        17635985408.0,
                        0.0,
                        3186393.0,
                        17.0
                    ],
                    [
                        0.0,
                        0.0,
                        248465952.0,
                        60000.0,
                        17884450816.0,
                        0.0,
                        3186445.0,
                        17.0
                    ],
                    [
                        0.0,
                        0.0,
                        248465952.0,
                        60000.0,
                        18132916224.0,
                        0.0,
                        3187945.0,
                        17.0
                    ],
                    [
                        0.0,
                        0.0,
                        248465952.0,
                        60000.0,
                        18381383680.0,
                        0.0,
                        3187997.0,
                        17.0
                    ],
                    [
                        0.0,
                        0.0,
                        333023136.0,
                        110000.0,
                        5726307328.0,
                        0.0,
                        3205061.0,
                        18.0
                    ],
                    [
                        0.0,
                        0.0,
                        333023136.0,
                        110000.0,
                        6059330048.0,
                        0.0,
                        3206561.0,
                        18.0
                    ],
                    [
                        0.0,
                        0.0,
                        333023136.0,
                        110000.0,
                        6392353280.0,
                        0.0,
                        3206641.0,
                        18.0
                    ],
                    [
                        0.0,
                        0.0,
                        333023136.0,
                        110000.0,
                        6725376512.0,
                        0.0,
                        3208141.0,
                        18.0
                    ],
                    [
                        0.0,
                        0.0,
                        333023136.0,
                        110000.0,
                        7058399744.0,
                        0.0,
                        3208193.0,
                        18.0
                    ],
                    [
                        0.0,
                        0.0,
                        333023136.0,
                        110000.0,
                        6059330048.0,
                        0.0,
                        3206561.0,
                        18.0
                    ],
                    [
                        0.0,
                        0.0,
                        333023136.0,
                        110000.0,
                        6392353280.0,
                        0.0,
                        3206641.0,
                        18.0
                    ],
                    [
                        0.0,
                        0.0,
                        333023136.0,
                        110000.0,
                        6725376512.0,
                        0.0,
                        3208141.0,
                        18.0
                    ],
                    [
                        0.0,
                        0.0,
                        333023136.0,
                        110000.0,
                        7058399744.0,
                        0.0,
                        3208193.0,
                        18.0
                    ],
                    [
                        0.0,
                        0.0,
                        333023136.0,
                        110000.0,
                        0.0,
                        0.0,
                        3208245.0,
                        18.0
                    ],
                    [
                        1.0,
                        150000.0,
                        0.0,
                        10000.0,
                        0.0,
                        0.0,
                        2357146.0,
                        0.0
                    ],
                    [
                        1.0,
                        150000.0,
                        0.0,
                        10000.0,
                        0.0,
                        0.0,
                        2358646.0,
                        0.0
                    ],
                    [
                        1.0,
                        150000.0,
                        0.0,
                        10000.0,
                        0.0,
                        0.0,
                        2360146.0,
                        0.0
                    ],
                    [
                        0.0,
                        0.0,
                        375972800.0,
                        110000.0,
                        8303776768.0,
                        0.0,
                        3231205.0,
                        19.0
                    ],
                    [
                        0.0,
                        0.0,
                        375972800.0,
                        110000.0,
                        8679749632.0,
                        0.0,
                        3232705.0,
                        19.0
                    ]
                ]
            ],
            "actions": [
                [
                    [
                        0.3333333432674408
                    ],
                    [
                        0.3333333432674408
                    ],
                    [
                        0.3333333432674408
                    ],
                    [
                        0.3333333432674408
                    ],
                    [
                        0.6666666865348816
                    ],
                    [
                        0.3333333432674408
                    ],
                    [
                        0.3333333432674408
                    ],
                    [
                        0.3333333432674408
                    ],
                    [
                        0.3333333432674408
                    ],
                    [
                        0.3333333432674408
                    ],
                    [
                        0.3333333432674408
                    ],
                    [
                        0.3333333432674408
                    ],
                    [
                        0.3333333432674408
                    ],
                    [
                        0.3333333432674408
                    ],
                    [
                        0.6666666865348816
                    ],
                    [
                        0.3333333432674408
                    ],
                    [
                        0.3333333432674408
                    ],
                    [
                        0.3333333432674408
                    ],
                    [
                        0.3333333432674408
                    ],
                    [
                        0.3333333432674408
                    ]
                ]
            ],
            "returns": [
                [
                    [
                        0.5047500133514404
                    ],
                    [
                        0.5044999718666077
                    ],
                    [
                        0.5042499899864197
                    ],
                    [
                        0.5040000081062317
                    ],
                    [
                        0.5037500262260437
                    ],
                    [
                        0.5034999847412109
                    ],
                    [
                        0.503041684627533
                    ],
                    [
                        0.5025833249092102
                    ],
                    [
                        0.5021250247955322
                    ],
                    [
                        0.5016666650772095
                    ],
                    [
                        0.5012083053588867
                    ],
                    [
                        0.5007500052452087
                    ],
                    [
                        0.500291645526886
                    ],
                    [
                        0.499833345413208
                    ],
                    [
                        0.49937498569488525
                    ],
                    [
                        0.4989166557788849
                    ],
                    [
                        0.4988749921321869
                    ],
                    [
                        0.4988333284854889
                    ],
                    [
                        0.4987916648387909
                    ],
                    [
                        0.4983333349227905
                    ]
                ]
            ],
            "timesteps": [
                [
                    180,
                    181,
                    182,
                    183,
                    184,
                    185,
                    186,
                    187,
                    188,
                    189,
                    190,
                    191,
                    192,
                    193,
                    194,
                    195,
                    196,
                    197,
                    198,
                    199
                ]
            ],
            "labels": [
                [
                    0,
                    0,
                    0,
                    0,
                    1,
                    0,
                    0,
                    0,
                    0,
                    0,
                    0,
                    0,
                    0,
                    0,
                    1,
                    0,
                    0,
                    0,
                    0,
                    0
                ]
            ],
            "CPU Usage": 4.6,
            "RAM Usage": 17.4,
            "GPU Usage": 52.0,
            "VRAM Usage": 15400.0,
            "Disk Read Speed (MB/s)": 75057177.68652344,
            "Disk Write Speed (MB/s)": 506877949.5908203
        },
        {
            "step": 2,
            "train_loss": 0.023964285850524902,
            "actions_pred1": [
                [
                    [
                        0.8407466411590576,
                        0.33728665113449097,
                        -0.47200915217399597
                    ],
                    [
                        0.7661629319190979,
                        0.05911092460155487,
                        -0.31776687502861023
                    ],
                    [
                        0.8464114665985107,
                        0.010031057521700859,
                        -0.4848428964614868
                    ],
                    [
                        0.6068539023399353,
                        0.08027870953083038,
                        -0.26650819182395935
                    ],
                    [
                        0.2891133725643158,
                        -0.12347845733165741,
                        -0.4693683385848999
                    ],
                    [
                        0.17565719783306122,
                        -0.010010706260800362,
                        -0.342695415019989
                    ],
                    [
                        0.3733516037464142,
                        0.06376451253890991,
                        -0.19119210541248322
                    ],
                    [
                        0.47294095158576965,
                        0.05152200162410736,
                        0.09606089442968369
                    ],
                    [
                        0.5983749628067017,
                        0.16295921802520752,
                        -0.13309744000434875
                    ],
                    [
                        0.48335081338882446,
                        0.17759649455547333,
                        -0.0403168611228466
                    ],
                    [
                        0.8908959627151489,
                        0.024283839389681816,
                        -0.04409826919436455
                    ],
                    [
                        0.9039084315299988,
                        0.11731095612049103,
                        0.08104181289672852
                    ],
                    [
                        0.789061427116394,
                        -0.11388881504535675,
                        -0.13930627703666687
                    ],
                    [
                        0.9488528966903687,
                        -0.02446855790913105,
                        -0.1403961181640625
                    ],
                    [
                        1.2054022550582886,
                        -0.17419631779193878,
                        -0.07835739105939865
                    ],
                    [
                        1.3660895824432373,
                        -0.03651140630245209,
                        -0.05141456052660942
                    ],
                    [
                        1.420643925666809,
                        -0.06915108859539032,
                        -0.003550196997821331
                    ],
                    [
                        1.2455644607543945,
                        -0.033364132046699524,
                        -0.06680115312337875
                    ],
                    [
                        1.2038383483886719,
                        -0.11334724724292755,
                        -0.05695800110697746
                    ],
                    [
                        1.199281930923462,
                        0.10696743428707123,
                        0.08043652027845383
                    ]
                ]
            ],
            "actions_pred": [
                [
                    [
                        0.8407466411590576,
                        0.7661629319190979,
                        0.8464114665985107,
                        0.6068539023399353,
                        0.2891133725643158,
                        0.17565719783306122,
                        0.3733516037464142,
                        0.47294095158576965,
                        0.5983749628067017,
                        0.48335081338882446,
                        0.8908959627151489,
                        0.9039084315299988,
