{
    "steps": [
        {
            "step": 0,
            "train_loss": 0.004664128180593252,
            "actions_pred1": [
                [
                    [
                        3.2321889400482178,
                        -2.3766865730285645,
                        -1.072595477104187
                    ],
                    [
                        3.400738000869751,
                        -1.090224027633667,
                        -1.1255745887756348
                    ],
                    [
                        3.611748456954956,
                        -0.9842967987060547,
                        -1.7922618389129639
                    ],
                    [
                        3.5636634826660156,
                        -0.5725245475769043,
                        -1.242986798286438
                    ],
                    [
                        2.474482774734497,
                        0.475162535905838,
                        -1.6461867094039917
                    ],
                    [
                        2.9615790843963623,
                        0.9375009536743164,
                        -1.5532723665237427
                    ],
                    [
                        3.7800064086914062,
                        1.235917568206787,
                        -1.6469186544418335
                    ],
                    [
                        3.60849666595459,
                        0.4635511636734009,
                        -1.9111346006393433
                    ],
                    [
                        4.091991424560547,
                        0.05220501869916916,
                        -1.6061681509017944
                    ],
                    [
                        3.9184658527374268,
                        0.03783035650849342,
                        -1.7446221113204956
                    ],
                    [
                        4.117099285125732,
                        0.8305782079696655,
                        -2.276265859603882
                    ],
                    [
                        3.356891393661499,
                        0.21579866111278534,
                        -2.7108938694000244
                    ],
                    [
                        3.881561756134033,
                        0.0628410130739212,
                        -1.65780508518219
                    ],
                    [
                        4.03680944442749,
                        -0.13082122802734375,
                        -2.2757537364959717
                    ],
                    [
                        0.08227229118347168,
                        3.245826005935669,
                        -1.8605597019195557
                    ],
                    [
                        2.8828978538513184,
                        1.3073463439941406,
                        -1.4726049900054932
                    ],
                    [
                        4.945525646209717,
                        0.45029616355895996,
                        -2.8770477771759033
                    ],
                    [
                        5.4317827224731445,
                        -0.0012300759553909302,
                        -2.4631428718566895
                    ],
                    [
                        3.4590260982513428,
                        0.4238530993461609,
                        -1.9845768213272095
                    ],
                    [
                        4.094935417175293,
                        0.28521227836608887,
                        -1.7631633281707764
                    ]
                ]
            ],
            "actions_pred": [
                [
                    [
                        3.2321889400482178,
                        3.400738000869751,
                        3.611748456954956,
                        3.5636634826660156,
                        2.474482774734497,
                        2.9615790843963623,
                        3.7800064086914062,
                        3.60849666595459,
                        4.091991424560547,
                        3.9184658527374268,
                        4.117099285125732,
                        3.356891393661499,
                        3.881561756134033,
                        4.03680944442749,
                        0.08227229118347168,
                        2.8828978538513184,
                        4.945525646209717,
                        5.4317827224731445,
                        3.4590260982513428,
                        4.094935417175293
                    ],
                    [
                        -2.3766865730285645,
                        -1.090224027633667,
                        -0.9842967987060547,
                        -0.5725245475769043,
                        0.475162535905838,
                        0.9375009536743164,
                        1.235917568206787,
                        0.4635511636734009,
                        0.05220501869916916,
                        0.03783035650849342,
                        0.8305782079696655,
                        0.21579866111278534,
                        0.0628410130739212,
                        -0.13082122802734375,
                        3.245826005935669,
                        1.3073463439941406,
                        0.45029616355895996,
                        -0.0012300759553909302,
                        0.4238530993461609,
                        0.28521227836608887
                    ],
                    [
                        -1.072595477104187,
                        -1.1255745887756348,
                        -1.7922618389129639,
                        -1.242986798286438,
                        -1.6461867094039917,
                        -1.5532723665237427,
                        -1.6469186544418335,
                        -1.9111346006393433,
                        -1.6061681509017944,
                        -1.7446221113204956,
                        -2.276265859603882,
                        -2.7108938694000244,
                        -1.65780508518219,
                        -2.2757537364959717,
                        -1.8605597019195557,
                        -1.4726049900054932,
                        -2.8770477771759033,
                        -2.4631428718566895,
                        -1.9845768213272095,
                        -1.7631633281707764
                    ]
                ]
            ],
            "states": [
                [
                    [
                        0.0,
                        0.0,
                        202160848.0,
                        60000.0,
                        17433825280.0,
                        0.0,
                        3186341.0,
                        17.0
                    ],
                    [
                        0.0,
                        0.0,
                        202160848.0,
                        60000.0,
                        17635985408.0,
                        0.0,
                        3186393.0,
                        17.0
                    ],
                    [
                        0.0,
                        0.0,
                        248465952.0,
                        60000.0,
                        17884450816.0,
                        0.0,
                        3186445.0,
                        17.0
                    ],
                    [
                        0.0,
                        0.0,
                        248465952.0,
                        60000.0,
                        18132916224.0,
                        0.0,
                        3187945.0,
                        17.0
                    ],
                    [
                        0.0,
                        0.0,
                        248465952.0,
                        60000.0,
                        18381383680.0,
                        0.0,
                        3187997.0,
                        17.0
                    ],
                    [
                        0.0,
                        0.0,
                        333023136.0,
                        110000.0,
                        5726307328.0,
                        0.0,
                        3205061.0,
                        18.0
                    ],
                    [
                        0.0,
                        0.0,
                        333023136.0,
                        110000.0,
                        6059330048.0,
                        0.0,
                        3206561.0,
                        18.0
                    ],
                    [
                        0.0,
                        0.0,
                        333023136.0,
                        110000.0,
                        6392353280.0,
                        0.0,
                        3206641.0,
                        18.0
                    ],
                    [
                        0.0,
                        0.0,
                        333023136.0,
                        110000.0,
                        6725376512.0,
                        0.0,
                        3208141.0,
                        18.0
                    ],
                    [
                        0.0,
                        0.0,
                        333023136.0,
                        110000.0,
                        7058399744.0,
                        0.0,
                        3208193.0,
                        18.0
                    ],
                    [
                        0.0,
                        0.0,
                        333023136.0,
                        110000.0,
                        6059330048.0,
                        0.0,
                        3206561.0,
                        18.0
                    ],
                    [
                        0.0,
                        0.0,
                        333023136.0,
                        110000.0,
                        6392353280.0,
                        0.0,
                        3206641.0,
                        18.0
                    ],
                    [
                        0.0,
                        0.0,
                        333023136.0,
                        110000.0,
                        6725376512.0,
                        0.0,
                        3208141.0,
                        18.0
                    ],
                    [
                        0.0,
                        0.0,
                        333023136.0,
                        110000.0,
                        7058399744.0,
                        0.0,
                        3208193.0,
                        18.0
                    ],
                    [
                        0.0,
                        0.0,
                        333023136.0,
                        110000.0,
                        0.0,
                        0.0,
                        3208245.0,
                        18.0
                    ],
                    [
                        1.0,
                        150000.0,
                        0.0,
                        10000.0,
                        0.0,
                        0.0,
                        2357146.0,
                        0.0
                    ],
                    [
                        1.0,
                        150000.0,
                        0.0,
                        10000.0,
                        0.0,
                        0.0,
                        2358646.0,
                        0.0
                    ],
                    [
                        1.0,
                        150000.0,
                        0.0,
                        10000.0,
                        0.0,
                        0.0,
                        2360146.0,
                        0.0
                    ],
                    [
                        0.0,
                        0.0,
                        375972800.0,
                        110000.0,
                        8303776768.0,
                        0.0,
                        3231205.0,
                        19.0
                    ],
                    [
                        0.0,
                        0.0,
                        375972800.0,
                        110000.0,
                        8679749632.0,
                        0.0,
                        3232705.0,
                        19.0
                    ]
                ]
            ],
            "actions": [
                [
                    [
                        0.3333333432674408
                    ],
                    [
                        0.3333333432674408
                    ],
                    [
                        0.3333333432674408
                    ],
                    [
                        0.3333333432674408
                    ],
                    [
                        0.6666666865348816
                    ],
                    [
                        0.3333333432674408
                    ],
                    [
                        0.3333333432674408
                    ],
                    [
                        0.3333333432674408
                    ],
                    [
                        0.3333333432674408
                    ],
                    [
                        0.3333333432674408
                    ],
                    [
                        0.3333333432674408
                    ],
                    [
                        0.3333333432674408
                    ],
                    [
                        0.3333333432674408
                    ],
                    [
                        0.3333333432674408
                    ],
                    [
                        0.6666666865348816
                    ],
                    [
                        0.3333333432674408
                    ],
                    [
                        0.3333333432674408
                    ],
                    [
                        0.3333333432674408
                    ],
                    [
                        0.3333333432674408
                    ],
                    [
                        0.3333333432674408
                    ]
                ]
            ],
            "returns": [
                [
                    [
                        0.5047500133514404
                    ],
                    [
                        0.5044999718666077
                    ],
                    [
                        0.5042499899864197
                    ],
                    [
                        0.5040000081062317
                    ],
                    [
                        0.5037500262260437
                    ],
                    [
                        0.5034999847412109
                    ],
                    [
                        0.503041684627533
                    ],
                    [
                        0.5025833249092102
                    ],
                    [
                        0.5021250247955322
                    ],
                    [
                        0.5016666650772095
                    ],
                    [
                        0.5012083053588867
                    ],
                    [
                        0.5007500052452087
                    ],
                    [
                        0.500291645526886
                    ],
                    [
                        0.499833345413208
                    ],
                    [
                        0.49937498569488525
                    ],
                    [
                        0.4989166557788849
                    ],
                    [
                        0.4988749921321869
                    ],
                    [
                        0.4988333284854889
                    ],
                    [
                        0.4987916648387909
                    ],
                    [
                        0.4983333349227905
                    ]
                ]
            ],
            "timesteps": [
                [
                    180,
                    181,
                    182,
                    183,
                    184,
                    185,
                    186,
                    187,
                    188,
                    189,
                    190,
                    191,
                    192,
                    193,
                    194,
                    195,
                    196,
                    197,
                    198,
                    199
                ]
            ],
            "labels": [
                [
                    0,
                    0,
                    0,
                    0,
                    1,
                    0,
                    0,
                    0,
                    0,
                    0,
                    0,
                    0,
                    0,
                    0,
                    1,
                    0,
                    0,
                    0,
                    0,
                    0
                ]
            ],
            "CPU Usage": 4.0,
            "RAM Usage": 17.4,
            "GPU Usage": 39.0,
            "VRAM Usage": 15400.0,
            "Disk Read Speed (MB/s)": 75057177.68652344,
            "Disk Write Speed (MB/s)": 506878204.93066406
        },
        {
            "step": 1,
            "train_loss": 0.0007212847121991217,
            "actions_pred1": [
                [
                    [
                        5.634312152862549,
                        -1.77747642993927,
                        -2.193824052810669
                    ],
                    [
                        4.418529033660889,
                        -0.7526084184646606,
                        -1.6581166982650757
                    ],
                    [
                        5.271846294403076,
                        0.30863645672798157,
                        -2.9933557510375977
                    ],
                    [
                        4.104011058807373,
                        0.18116629123687744,
                        -2.937507390975952
                    ],
                    [
                        -0.15594404935836792,
                        3.3121707439422607,
                        -1.4857814311981201
                    ],
                    [
                        4.341078281402588,
                        0.6320303678512573,
                        -2.3458549976348877
                    ],
                    [
                        3.3260977268218994,
                        0.6176761388778687,
                        -2.1758439540863037
                    ],
                    [
                        4.214745998382568,
                        -0.5155612230300903,
                        -1.7911962270736694
                    ],
                    [
                        3.496458053588867,
                        -0.09977622330188751,
                        -2.140129566192627
                    ],
                    [
                        4.394405841827393,
                        -1.3847250938415527,
                        -2.6956634521484375
                    ],
                    [
                        5.633856296539307,
                        -1.4024031162261963,
                        -2.158144950866699
                    ],
                    [
                        4.785647392272949,
                        -0.5752865076065063,
                        -1.4444618225097656
                    ],
                    [
                        4.479484558105469,
                        -1.1005154848098755,
                        -1.3924028873443604
                    ],
                    [
                        4.97188138961792,
                        -1.1923301219940186,
                        -2.7709615230560303
                    ],
                    [
                        0.39616847038269043,
                        2.1549088954925537,
                        -1.3596303462982178
                    ],
                    [
                        5.409022331237793,
                        -1.5528191328048706,
                        -1.6034268140792847
                    ],
                    [
                        5.036111831665039,
                        -1.102028727531433,
                        -2.2582902908325195
                    ],
                    [
                        4.576556205749512,
                        -0.11238951981067657,
                        -2.4599475860595703
                    ],
                    [
                        4.4855637550354,
                        -0.508468747138977,
                        -1.8553926944732666
                    ],
                    [
                        4.027747631072998,
                        0.1448693871498108,
                        -2.0305004119873047
                    ]
                ]
            ],
            "actions_pred": [
                [
                    [
                        5.634312152862549,
                        4.418529033660889,
                        5.271846294403076,
                        4.104011058807373,
                        -0.15594404935836792,
                        4.341078281402588,
                        3.3260977268218994,
                        4.214745998382568,
                        3.496458053588867,
                        4.394405841827393,
                        5.633856296539307,
                        4.785647392272949,
                        4.479484558105469,
                        4.97188138961792,
                        0.39616847038269043,
                        5.409022331237793,
                        5.036111831665039,
                        4.576556205749512,
                        4.4855637550354,
                        4.027747631072998
                    ],
                    [
                        -1.77747642993927,
                        -0.7526084184646606,
                        0.30863645672798157,
                        0.18116629123687744,
                        3.3121707439422607,
                        0.6320303678512573,
                        0.6176761388778687,
                        -0.5155612230300903,
                        -0.09977622330188751,
                        -1.3847250938415527,
                        -1.4024031162261963,
                        -0.5752865076065063,
                        -1.1005154848098755,
                        -1.1923301219940186,
                        2.1549088954925537,
                        -1.5528191328048706,
                        -1.102028727531433,
                        -0.11238951981067657,
                        -0.508468747138977,
                        0.1448693871498108
                    ],
                    [
                        -2.193824052810669,
                        -1.6581166982650757,
                        -2.9933557510375977,
                        -2.937507390975952,
                        -1.4857814311981201,
                        -2.3458549976348877,
                        -2.1758439540863037,
                        -1.7911962270736694,
                        -2.140129566192627,
                        -2.6956634521484375,
                        -2.158144950866699,
                        -1.4444618225097656,
                        -1.3924028873443604,
                        -2.7709615230560303,
                        -1.3596303462982178,
                        -1.6034268140792847,
                        -2.2582902908325195,
                        -2.4599475860595703,
                        -1.8553926944732666,
                        -2.0305004119873047
                    ]
                ]
            ],
            "states": [
                [
                    [
                        0.0,
                        0.0,
                        426975520.0,
                        110000.0,
                        426975520.0,
                        0.0,
                        3285413.0,
                        23.0
                    ],
                    [
                        0.0,
                        0.0,
                        426975520.0,
                        110000.0,
                        853951040.0,
                        0.0,
                        3286913.0,
                        23.0
                    ],
                    [
                        0.0,
                        0.0,
                        426975520.0,
                        110000.0,
                        1280926592.0,
                        0.0,
                        3288413.0,
                        23.0
                    ],
                    [
                        0.0,
                        0.0,
                        426975520.0,
                        110000.0,
                        1707902080.0,
                        0.0,
                        3289913.0,
                        23.0
                    ],
                    [
                        0.0,
                        0.0,
                        426975520.0,
                        110000.0,
                        0.0,
                        0.0,
                        3291413.0,
                        23.0
                    ],
                    [
                        0.0,
                        0.0,
                        393421088.0,
                        100000.0,
                        9283566592.0,
                        0.0,
                        3307261.0,
                        24.0
                    ],
                    [
                        0.0,
                        0.0,
                        393421088.0,
                        100000.0,
                        9676987392.0,
                        0.0,
                        3307313.0,
                        24.0
                    ],
                    [
                        0.0,
                        0.0,
                        393421088.0,
                        100000.0,
                        10070408192.0,
                        0.0,
                        3307385.0,
                        24.0
                    ],
                    [
                        1.0,
                        150000.0,
                        0.0,
                        90000.0,
                        0.0,
                        0.0,
                        2433646.0,
                        0.0
                    ],
                    [
                        1.0,
                        150000.0,
                        0.0,
                        90000.0,
                        0.0,
                        0.0,
                        2435146.0,
                        0.0
                    ],
                    [
                        0.0,
                        0.0,
                        393421088.0,
                        100000.0,
                        9676987392.0,
                        0.0,
                        3307313.0,
                        24.0
                    ],
                    [
                        0.0,
                        0.0,
                        393421088.0,
                        100000.0,
                        10070408192.0,
                        0.0,
                        3307385.0,
                        24.0
                    ],
                    [
                        1.0,
                        150000.0,
                        0.0,
                        90000.0,
                        0.0,
                        0.0,
                        2433646.0,
                        0.0
                    ],
                    [
                        1.0,
                        150000.0,
                        0.0,
                        90000.0,
                        0.0,
                        0.0,
                        2435146.0,
                        0.0
                    ],
                    [
                        0.0,
                        0.0,
                        393421088.0,
                        100000.0,
                        0.0,
                        0.0,
                        3307457.0,
                        24.0
                    ],
                    [
                        0.0,
                        0.0,
                        393421088.0,
                        100000.0,
                        3540790016.0,
                        0.0,
                        3310937.0,
                        25.0
                    ],
                    [
                        0.0,
                        0.0,
                        393421088.0,
                        100000.0,
                        3934211072.0,
                        0.0,
                        3310989.0,
                        25.0
                    ],
                    [
                        0.0,
                        0.0,
                        393421088.0,
                        100000.0,
                        4327631872.0,
                        0.0,
                        3311041.0,
                        25.0
                    ],
                    [
                        0.0,
                        0.0,
                        393421088.0,
                        100000.0,
                        4721053184.0,
                        0.0,
                        3312541.0,
                        25.0
                    ],
                    [
                        0.0,
                        0.0,
                        393421088.0,
                        100000.0,
                        5114474496.0,
                        0.0,
                        3314041.0,
                        25.0
                    ]
                ]
            ],
            "actions": [
                [
                    [
                        0.3333333432674408
                    ],
                    [
                        0.3333333432674408
                    ],
                    [
                        0.3333333432674408
                    ],
                    [
                        0.3333333432674408
                    ],
                    [
                        0.6666666865348816
                    ],
                    [
                        0.3333333432674408
                    ],
                    [
                        0.3333333432674408
                    ],
                    [
                        0.3333333432674408
                    ],
                    [
                        0.3333333432674408
                    ],
                    [
                        0.3333333432674408
                    ],
                    [
                        0.3333333432674408
                    ],
                    [
                        0.3333333432674408
                    ],
                    [
                        0.3333333432674408
                    ],
                    [
                        0.3333333432674408
                    ],
                    [
                        0.6666666865348816
                    ],
                    [
                        0.3333333432674408
                    ],
                    [
                        0.3333333432674408
                    ],
                    [
                        0.3333333432674408
                    ],
                    [
                        0.3333333432674408
                    ],
                    [
                        0.3333333432674408
                    ]
                ]
            ],
            "returns": [
                [
                    [
                        0.48120832443237305
                    ],
                    [
                        0.4807499945163727
                    ],
                    [
                        0.4802916646003723
                    ],
                    [
                        0.47983333468437195
                    ],
                    [
                        0.4793750047683716
                    ],
                    [
                        0.4789166748523712
                    ],
                    [
                        0.47850000858306885
                    ],
                    [
                        0.4780833423137665
                    ],
                    [
                        0.4776666760444641
                    ],
                    [
                        0.47729167342185974
                    ],
                    [
                        0.47691667079925537
                    ],
                    [
                        0.476500004529953
                    ],
                    [
                        0.47608333826065063
                    ],
                    [
                        0.47570833563804626
                    ],
                    [
                        0.4753333330154419
                    ],
                    [
                        0.4749166667461395
                    ],
                    [
                        0.47450000047683716
                    ],
                    [
                        0.4740833342075348
                    ],
                    [
                        0.4736666679382324
                    ],
                    [
                        0.47325000166893005
                    ]
                ]
            ],
            "timesteps": [
                [
                    240,
                    241,
                    242,
                    243,
                    244,
                    245,
                    246,
                    247,
                    248,
                    249,
                    250,
                    251,
                    252,
                    253,
                    254,
                    255,
                    256,
                    257,
                    258,
                    259
                ]
            ],
            "labels": [
                [
                    0,
                    0,
                    0,
                    0,
                    1,
                    0,
                    0,
                    0,
                    0,
                    0,
                    0,
                    0,
                    0,
                    0,
                    1,
                    0,
                    0,
                    0,
                    0,
                    0
                ]
            ],
            "CPU Usage": 3.6,
            "RAM Usage": 17.4,
            "GPU Usage": 80.0,
            "VRAM Usage": 15400.0,
            "Disk Read Speed (MB/s)": 75057177.68652344,
            "Disk Write Speed (MB/s)": 506878205.03222656
        },
        {
            "step": 2,
            "train_loss": 0.0007003822247497737,
            "actions_pred1": [
                [
                    [
                        4.303375244140625,
                        -2.506077766418457,
                        -1.7896437644958496
                    ],
                    [
                        3.3212385177612305,
                        -1.3575353622436523,
                        -1.9661390781402588
                    ],
                    [
                        3.278057098388672,
                        -0.5121257305145264,
                        -1.8358999490737915
                    ],
                    [
                        3.392181634902954,
                        -0.8311512470245361,
                        -1.6251927614212036
                    ],
                    [
                        -0.9234591126441956,
                        2.0049304962158203,
                        -1.2356570959091187
                    ],
                    [
                        3.7409701347351074,
                        -0.3357583284378052,
                        -1.450875163078308
                    ],
                    [
                        4.026157379150391,
                        -0.659553050994873,
                        -1.622657060623169
                    ],
                    [
                        4.617396831512451,
                        -0.7448755502700806,
                        -1.6446645259857178
                    ],
                    [
                        3.9478325843811035,
                        -1.2807939052581787,
                        -1.5289905071258545
                    ],
                    [
                        3.6390044689178467,
                        -0.8711178302764893,
                        -1.4460886716842651
                    ],
                    [
                        4.671843528747559,
                        -0.3202929198741913,
                        -1.835718035697937
                    ],
                    [
                        4.194578170776367,
                        -0.6347270011901855,
                        -1.5997698307037354
                    ],
                    [
                        4.274901866912842,
                        -0.1298953741788864,
                        -1.5164495706558228
                    ],
                    [
                        3.6818275451660156,
                        0.09357723593711853,
                        -1.6940150260925293
                    ],
                    [
                        -0.6481764316558838,
                        3.784425973892212,
                        -1.2299253940582275
                    ],
                    [
                        3.684595823287964,
                        -0.3281872570514679,
                        -1.4560796022415161
                    ],
                    [
                        3.271573781967163,
                        0.37965232133865356,
                        -1.8018255233764648
                    ],
                    [
                        4.150704383850098,
                        0.022842973470687866,
                        -2.1073124408721924
                    ],
                    [
                        3.853076457977295,
                        -0.6303569078445435,
                        -1.8529994487762451
                    ],
                    [
                        3.6744351387023926,
                        -0.19334381818771362,
                        -1.9232796430587769
                    ]
                ]
            ],
            "actions_pred": [
                [
                    [
                        4.303375244140625,
                        3.3212385177612305,
                        3.278057098388672,
                        3.392181634902954,
                        -0.9234591126441956,
                        3.7409701347351074,
                        4.026157379150391,
                        4.617396831512451,
                        3.9478325843811035,
                        3.6390044689178467,
                        4.671843528747559,
                        4.194578170776367,
                        4.274901866912842,
                        3.6818275451660156,
                        -0.6481764316558838,
                        3.684595823287964,
                        3.271573781967163,
                        4.150704383850098,
