{
    "steps": [
        {
            "step": 0,
            "train_loss": 0.009883319959044456,
            "actions_pred1": [
                [
                    [
                        2.0041003227233887,
                        0.02516970783472061,
                        -1.6316196918487549
                    ],
                    [
                        1.9218366146087646,
                        0.2896597683429718,
                        -1.7381727695465088
                    ],
                    [
                        2.2250819206237793,
                        0.26875564455986023,
                        -1.8426787853240967
                    ],
                    [
                        2.6241674423217773,
                        0.16247111558914185,
                        -1.8667744398117065
                    ],
                    [
                        2.4680886268615723,
                        0.01158914715051651,
                        -1.9919730424880981
                    ],
                    [
                        2.4708051681518555,
                        0.18739575147628784,
                        -2.0272066593170166
                    ],
                    [
                        2.287759780883789,
                        0.12960851192474365,
                        -1.9787224531173706
                    ],
                    [
                        2.6332454681396484,
                        0.3834465444087982,
                        -2.2006778717041016
                    ],
                    [
                        2.3168318271636963,
                        0.2905440628528595,
                        -1.8605018854141235
                    ],
                    [
                        2.2797622680664062,
                        0.14827603101730347,
                        -2.076303005218506
                    ],
                    [
                        2.447885036468506,
                        0.21455198526382446,
                        -2.1434576511383057
                    ],
                    [
                        2.272786855697632,
                        0.31425002217292786,
                        -2.164034366607666
                    ],
                    [
                        2.5559208393096924,
                        0.2947992980480194,
                        -1.9453245401382446
                    ],
                    [
                        2.447540044784546,
                        0.36178717017173767,
                        -1.9982625246047974
                    ],
                    [
                        1.8778526782989502,
                        0.4589315950870514,
                        -2.1294448375701904
                    ],
                    [
                        2.5697126388549805,
                        0.1606036126613617,
                        -2.0950686931610107
                    ],
                    [
                        2.546346664428711,
                        0.027008138597011566,
                        -2.3401920795440674
                    ],
                    [
                        2.557199716567993,
                        -0.05679779499769211,
                        -2.1311440467834473
                    ],
                    [
                        2.437169313430786,
                        -0.1286086142063141,
                        -2.197507381439209
                    ],
                    [
                        2.4139552116394043,
                        0.10178611427545547,
                        -1.9440752267837524
                    ]
                ]
            ],
            "actions_pred": [
                [
                    [
                        2.0041003227233887,
                        1.9218366146087646,
                        2.2250819206237793,
                        2.6241674423217773,
                        2.4680886268615723,
                        2.4708051681518555,
                        2.287759780883789,
                        2.6332454681396484,
                        2.3168318271636963,
                        2.2797622680664062,
                        2.447885036468506,
                        2.272786855697632,
                        2.5559208393096924,
                        2.447540044784546,
                        1.8778526782989502,
                        2.5697126388549805,
                        2.546346664428711,
                        2.557199716567993,
                        2.437169313430786,
                        2.4139552116394043
                    ],
                    [
                        0.02516970783472061,
                        0.2896597683429718,
                        0.26875564455986023,
                        0.16247111558914185,
                        0.01158914715051651,
                        0.18739575147628784,
                        0.12960851192474365,
                        0.3834465444087982,
                        0.2905440628528595,
                        0.14827603101730347,
                        0.21455198526382446,
                        0.31425002217292786,
                        0.2947992980480194,
                        0.36178717017173767,
                        0.4589315950870514,
                        0.1606036126613617,
                        0.027008138597011566,
                        -0.05679779499769211,
                        -0.1286086142063141,
                        0.10178611427545547
                    ],
                    [
                        -1.6316196918487549,
                        -1.7381727695465088,
                        -1.8426787853240967,
                        -1.8667744398117065,
                        -1.9919730424880981,
                        -2.0272066593170166,
                        -1.9787224531173706,
                        -2.2006778717041016,
                        -1.8605018854141235,
                        -2.076303005218506,
                        -2.1434576511383057,
                        -2.164034366607666,
                        -1.9453245401382446,
                        -1.9982625246047974,
                        -2.1294448375701904,
                        -2.0950686931610107,
                        -2.3401920795440674,
                        -2.1311440467834473,
                        -2.197507381439209,
                        -1.9440752267837524
                    ]
                ]
            ],
            "states": [
                [
                    [
                        0.0,
                        0.0,
                        310010816.0,
                        10000.0,
                        17173278720.0,
                        0.0,
                        6744565.0,
                        85.0
                    ],
                    [
                        0.0,
                        0.0,
                        310010816.0,
                        10000.0,
                        17483288576.0,
                        0.0,
                        6744645.0,
                        85.0
                    ],
                    [
                        0.0,
                        0.0,
                        310010816.0,
                        10000.0,
                        17793300480.0,
                        0.0,
                        6744697.0,
                        85.0
                    ],
                    [
                        0.0,
                        0.0,
                        310010816.0,
                        10000.0,
                        18103310336.0,
                        0.0,
                        6744777.0,
                        85.0
                    ],
                    [
                        0.0,
                        0.0,
                        310010816.0,
                        10000.0,
                        18413322240.0,
                        0.0,
                        6744829.0,
                        85.0
                    ],
                    [
                        0.0,
                        0.0,
                        310010816.0,
                        10000.0,
                        6200216064.0,
                        0.0,
                        6749021.0,
                        86.0
                    ],
                    [
                        0.0,
                        0.0,
                        310010816.0,
                        10000.0,
                        6510226944.0,
                        0.0,
                        6749093.0,
                        86.0
                    ],
                    [
                        0.0,
                        0.0,
                        310010816.0,
                        10000.0,
                        6820237824.0,
                        0.0,
                        6749165.0,
                        86.0
                    ],
                    [
                        0.0,
                        0.0,
                        310010816.0,
                        10000.0,
                        7130248192.0,
                        0.0,
                        6749237.0,
                        86.0
                    ],
                    [
                        0.0,
                        0.0,
                        310010816.0,
                        10000.0,
                        7440259072.0,
                        0.0,
                        6749309.0,
                        86.0
                    ],
                    [
                        0.0,
                        0.0,
                        310010816.0,
                        10000.0,
                        6510226944.0,
                        0.0,
                        6749093.0,
                        86.0
                    ],
                    [
                        0.0,
                        0.0,
                        310010816.0,
                        10000.0,
                        6820237824.0,
                        0.0,
                        6749165.0,
                        86.0
                    ],
                    [
                        0.0,
                        0.0,
                        310010816.0,
                        10000.0,
                        7130248192.0,
                        0.0,
                        6749237.0,
                        86.0
                    ],
                    [
                        0.0,
                        0.0,
                        310010816.0,
                        10000.0,
                        7440259072.0,
                        0.0,
                        6749309.0,
                        86.0
                    ],
                    [
                        0.0,
                        0.0,
                        310010816.0,
                        10000.0,
                        0.0,
                        0.0,
                        6749373.0,
                        86.0
                    ],
                    [
                        1.0,
                        120000.0,
                        182844.0,
                        40000.0,
                        2414325.0,
                        0.0,
                        6252646.0,
                        0.0
                    ],
                    [
                        1.0,
                        120000.0,
                        182844.0,
                        40000.0,
                        2414325.0,
                        0.0,
                        6254146.0,
                        0.0
                    ],
                    [
                        0.0,
                        0.0,
                        351618304.0,
                        80000.0,
                        13232581632.0,
                        0.0,
                        6764921.0,
                        87.0
                    ],
                    [
                        0.0,
                        0.0,
                        351618304.0,
                        80000.0,
                        13584200704.0,
                        0.0,
                        6764985.0,
                        87.0
                    ],
                    [
                        0.0,
                        0.0,
                        351618304.0,
                        80000.0,
                        13935818752.0,
                        0.0,
                        6765037.0,
                        87.0
                    ]
                ]
            ],
            "actions": [
                [
                    [
                        0.3333333432674408
                    ],
                    [
                        0.3333333432674408
                    ],
                    [
                        0.3333333432674408
                    ],
                    [
                        0.3333333432674408
                    ],
                    [
                        0.6666666865348816
                    ],
                    [
                        0.3333333432674408
                    ],
                    [
                        0.3333333432674408
                    ],
                    [
                        0.3333333432674408
                    ],
                    [
                        0.3333333432674408
                    ],
                    [
                        0.3333333432674408
                    ],
                    [
                        0.3333333432674408
                    ],
                    [
                        0.3333333432674408
                    ],
                    [
                        0.3333333432674408
                    ],
                    [
                        0.3333333432674408
                    ],
                    [
                        0.6666666865348816
                    ],
                    [
                        0.3333333432674408
                    ],
                    [
                        0.3333333432674408
                    ],
                    [
                        0.3333333432674408
                    ],
                    [
                        0.3333333432674408
                    ],
                    [
                        0.3333333432674408
                    ]
                ]
            ],
            "returns": [
                [
                    [
                        0.19237500429153442
                    ],
                    [
                        0.19233334064483643
                    ],
                    [
                        0.19229166209697723
                    ],
                    [
                        0.19224999845027924
                    ],
                    [
                        0.19220833480358124
                    ],
                    [
                        0.19216667115688324
                    ],
                    [
                        0.19212499260902405
                    ],
                    [
                        0.19208332896232605
                    ],
                    [
                        0.19204166531562805
                    ],
                    [
                        0.19200000166893005
                    ],
                    [
                        0.19195833802223206
                    ],
                    [
                        0.19191665947437286
                    ],
                    [
                        0.19187499582767487
                    ],
                    [
                        0.19183333218097687
                    ],
                    [
                        0.19179166853427887
                    ],
                    [
                        0.19175000488758087
                    ],
                    [
                        0.19158333539962769
                    ],
                    [
                        0.1914166659116745
                    ],
                    [
                        0.19108332693576813
                    ],
                    [
                        0.19075000286102295
                    ]
                ]
            ],
            "timesteps": [
                [
                    860,
                    861,
                    862,
                    863,
                    864,
                    865,
                    866,
                    867,
                    868,
                    869,
                    870,
                    871,
                    872,
                    873,
                    874,
                    875,
                    876,
                    877,
                    878,
                    879
                ]
            ],
            "labels": [
                [
                    0,
                    0,
                    0,
                    0,
                    1,
                    0,
                    0,
                    0,
                    0,
                    0,
                    0,
                    0,
                    0,
                    0,
                    1,
                    0,
                    0,
                    0,
                    0,
                    0
                ]
            ],
            "CPU Usage": 6.5,
            "RAM Usage": 17.4,
            "GPU Usage": 42.0,
            "VRAM Usage": 15400.0,
            "Disk Read Speed (MB/s)": 75057177.68652344,
            "Disk Write Speed (MB/s)": 506878103.90722656
        },
        {
            "step": 1,
            "train_loss": 0.010505559854209423,
            "actions_pred1": [
                [
                    [
                        1.9175909757614136,
                        0.5080775618553162,
                        -1.8127741813659668
                    ],
                    [
                        2.072099208831787,
                        0.11941633373498917,
                        -1.6228197813034058
                    ],
                    [
                        2.3123586177825928,
                        0.31543228030204773,
                        -1.8849313259124756
                    ],
                    [
                        2.3068652153015137,
                        0.3358149826526642,
                        -1.8664522171020508
                    ],
                    [
                        2.4938392639160156,
                        0.38437068462371826,
                        -2.140620708465576
                    ],
                    [
                        2.741502285003662,
                        0.053729720413684845,
                        -2.403540849685669
                    ],
                    [
                        2.5876541137695312,
                        0.37207087874412537,
                        -2.3937771320343018
                    ],
                    [
                        2.8825864791870117,
                        0.3326003849506378,
                        -2.024989604949951
                    ],
                    [
                        2.7229726314544678,
                        0.1941273808479309,
                        -2.331057548522949
                    ],
                    [
                        2.794743299484253,
                        0.31746283173561096,
                        -2.5265090465545654
                    ],
                    [
                        2.3659470081329346,
                        0.3764316439628601,
                        -2.28643536567688
                    ],
                    [
                        2.285315752029419,
                        0.5481258630752563,
                        -2.335653305053711
                    ],
                    [
                        2.4757955074310303,
                        0.21869245171546936,
                        -2.3816165924072266
                    ],
                    [
                        2.2084903717041016,
                        0.5271142721176147,
                        -2.4051737785339355
                    ],
                    [
                        1.9082237482070923,
                        0.5647985339164734,
                        -2.1534745693206787
                    ],
                    [
                        1.6586189270019531,
                        0.6511895656585693,
                        -2.071331024169922
                    ],
                    [
                        1.6932058334350586,
                        0.3928026556968689,
                        -1.8742740154266357
                    ],
                    [
                        1.7786359786987305,
                        0.21626126766204834,
                        -1.840381383895874
                    ],
                    [
                        1.5538694858551025,
                        0.3605501353740692,
                        -1.9967726469039917
                    ],
                    [
                        2.5097341537475586,
                        0.2868855595588684,
                        -2.046687602996826
                    ]
                ]
            ],
            "actions_pred": [
                [
                    [
                        1.9175909757614136,
                        2.072099208831787,
                        2.3123586177825928,
                        2.3068652153015137,
                        2.4938392639160156,
                        2.741502285003662,
                        2.5876541137695312,
                        2.8825864791870117,
                        2.7229726314544678,
                        2.794743299484253,
                        2.3659470081329346,
                        2.285315752029419,
                        2.4757955074310303,
                        2.2084903717041016,
                        1.9082237482070923,
                        1.6586189270019531,
                        1.6932058334350586,
                        1.7786359786987305,
                        1.5538694858551025,
                        2.5097341537475586
                    ],
                    [
                        0.5080775618553162,
                        0.11941633373498917,
                        0.31543228030204773,
                        0.3358149826526642,
                        0.38437068462371826,
                        0.053729720413684845,
                        0.37207087874412537,
                        0.3326003849506378,
                        0.1941273808479309,
                        0.31746283173561096,
                        0.3764316439628601,
                        0.5481258630752563,
                        0.21869245171546936,
                        0.5271142721176147,
                        0.5647985339164734,
                        0.6511895656585693,
                        0.3928026556968689,
                        0.21626126766204834,
                        0.3605501353740692,
                        0.2868855595588684
                    ],
                    [
                        -1.8127741813659668,
                        -1.6228197813034058,
                        -1.8849313259124756,
                        -1.8664522171020508,
                        -2.140620708465576,
                        -2.403540849685669,
                        -2.3937771320343018,
                        -2.024989604949951,
                        -2.331057548522949,
                        -2.5265090465545654,
                        -2.28643536567688,
                        -2.335653305053711,
                        -2.3816165924072266,
                        -2.4051737785339355,
                        -2.1534745693206787,
                        -2.071331024169922,
                        -1.8742740154266357,
                        -1.840381383895874,
                        -1.9967726469039917,
                        -2.046687602996826
                    ]
                ]
            ],
            "states": [
                [
                    [
                        0.0,
                        0.0,
                        495378080.0,
                        110000.0,
                        16729457664.0,
                        0.0,
                        8510201.0,
                        102.0
                    ],
                    [
                        0.0,
                        0.0,
                        495378080.0,
                        110000.0,
                        17224835072.0,
                        0.0,
                        8510265.0,
                        102.0
                    ],
                    [
                        0.0,
                        0.0,
                        495378080.0,
                        110000.0,
                        17720213504.0,
                        0.0,
                        8510317.0,
                        102.0
                    ],
                    [
                        0.0,
                        0.0,
                        495378080.0,
                        110000.0,
                        18215591936.0,
                        0.0,
                        8511817.0,
                        102.0
                    ],
                    [
                        0.0,
                        0.0,
                        495378080.0,
                        110000.0,
                        18710970368.0,
                        0.0,
                        8513317.0,
                        102.0
                    ],
                    [
                        0.0,
                        0.0,
                        265865776.0,
                        70000.0,
                        8205485568.0,
                        0.0,
                        8520729.0,
                        103.0
                    ],
                    [
                        0.0,
                        0.0,
                        265865776.0,
                        70000.0,
                        8471351296.0,
                        0.0,
                        8520781.0,
                        103.0
                    ],
                    [
                        0.0,
                        0.0,
                        265865776.0,
                        70000.0,
                        8737216512.0,
                        0.0,
                        8520833.0,
                        103.0
                    ],
                    [
                        0.0,
                        0.0,
                        265865776.0,
                        70000.0,
                        9003082752.0,
                        0.0,
                        8520885.0,
                        103.0
                    ],
                    [
                        0.0,
                        0.0,
                        265865776.0,
                        70000.0,
                        9268948992.0,
                        0.0,
                        8520937.0,
                        103.0
                    ],
                    [
                        0.0,
                        0.0,
                        265865776.0,
                        70000.0,
                        8471351296.0,
                        0.0,
                        8520781.0,
                        103.0
                    ],
                    [
                        0.0,
                        0.0,
                        265865776.0,
                        70000.0,
                        8737216512.0,
                        0.0,
                        8520833.0,
                        103.0
                    ],
                    [
                        0.0,
                        0.0,
                        265865776.0,
                        70000.0,
                        9003082752.0,
                        0.0,
                        8520885.0,
                        103.0
                    ],
                    [
                        0.0,
                        0.0,
                        265865776.0,
                        70000.0,
                        9268948992.0,
                        0.0,
                        8520937.0,
                        103.0
                    ],
                    [
                        0.0,
                        0.0,
                        265865776.0,
                        70000.0,
                        0.0,
                        0.0,
                        8520989.0,
                        103.0
                    ],
                    [
                        1.0,
                        150000.0,
                        0.0,
                        10000.0,
                        0.0,
                        0.0,
                        9291646.0,
                        0.0
                    ],
                    [
                        1.0,
                        150000.0,
                        0.0,
                        10000.0,
                        0.0,
                        0.0,
                        9293146.0,
                        0.0
                    ],
                    [
                        1.0,
                        150000.0,
                        0.0,
                        10000.0,
                        0.0,
                        0.0,
                        9294646.0,
                        0.0
                    ],
                    [
                        1.0,
                        150000.0,
                        0.0,
                        10000.0,
                        0.0,
                        0.0,
                        9296146.0,
                        0.0
                    ],
                    [
                        0.0,
                        0.0,
                        245733104.0,
                        40000.0,
                        18121478144.0,
                        0.0,
                        8550589.0,
                        104.0
                    ]
                ]
            ],
            "actions": [
                [
                    [
                        0.3333333432674408
                    ],
                    [
                        0.3333333432674408
                    ],
                    [
                        0.3333333432674408
                    ],
                    [
                        0.3333333432674408
                    ],
                    [
                        0.6666666865348816
                    ],
                    [
                        0.3333333432674408
                    ],
                    [
                        0.3333333432674408
                    ],
                    [
                        0.3333333432674408
                    ],
                    [
                        0.3333333432674408
                    ],
                    [
                        0.3333333432674408
                    ],
                    [
                        0.3333333432674408
                    ],
                    [
                        0.3333333432674408
                    ],
                    [
                        0.3333333432674408
                    ],
                    [
                        0.3333333432674408
                    ],
                    [
                        0.6666666865348816
                    ],
                    [
                        0.3333333432674408
                    ],
                    [
                        0.3333333432674408
                    ],
                    [
                        0.3333333432674408
                    ],
                    [
                        0.3333333432674408
                    ],
                    [
                        0.3333333432674408
                    ]
                ]
            ],
            "returns": [
                [
                    [
                        0.12141666561365128
                    ],
                    [
                        0.12095833569765091
                    ],
                    [
                        0.12049999833106995
                    ],
                    [
                        0.12004166841506958
                    ],
                    [
                        0.11958333104848862
                    ],
                    [
                        0.11912500113248825
                    ],
                    [
                        0.11883333325386047
                    ],
                    [
                        0.1185416653752327
                    ],
                    [
                        0.11824999749660492
                    ],
                    [
                        0.11795832961797714
                    ],
                    [
                        0.11766666918992996
                    ],
                    [
                        0.11737500131130219
                    ],
                    [
                        0.11708333343267441
                    ],
                    [
                        0.11679166555404663
                    ],
                    [
                        0.11649999767541885
                    ],
                    [
                        0.11620832979679108
                    ],
                    [
                        0.11616666615009308
                    ],
                    [
                        0.11612500250339508
                    ],
                    [
                        0.11608333140611649
                    ],
                    [
                        0.11604166775941849
                    ]
                ]
            ],
            "timesteps": [
                [
                    1060,
                    1061,
                    1062,
                    1063,
                    1064,
                    1065,
                    1066,
                    1067,
                    1068,
                    1069,
                    1070,
                    1071,
                    1072,
                    1073,
                    1074,
                    1075,
                    1076,
                    1077,
                    1078,
                    1079
                ]
            ],
            "labels": [
                [
                    0,
                    0,
                    0,
                    0,
                    1,
                    0,
                    0,
                    0,
                    0,
                    0,
                    0,
                    0,
                    0,
                    0,
                    1,
                    0,
                    0,
                    0,
                    0,
                    0
                ]
            ],
            "CPU Usage": 5.1,
            "RAM Usage": 17.4,
            "GPU Usage": 80.0,
            "VRAM Usage": 15400.0,
            "Disk Read Speed (MB/s)": 75057177.68652344,
            "Disk Write Speed (MB/s)": 506878103.90722656
        },
        {
            "step": 2,
            "train_loss": 0.008877454325556755,
            "actions_pred1": [
                [
                    [
                        1.8204542398452759,
                        -0.28090593218803406,
                        -1.934162974357605
                    ],
                    [
                        1.614560604095459,
                        -0.46349528431892395,
                        -2.1734097003936768
                    ],
                    [
                        1.989867925643921,
                        -0.15207639336585999,
                        -1.8731958866119385
                    ],
                    [
                        2.4796066284179688,
                        -0.2530612647533417,
                        -1.7507129907608032
                    ],
                    [
                        1.857884407043457,
                        0.10320045799016953,
                        -1.7663532495498657
                    ],
                    [
                        2.190847873687744,
                        -0.27784883975982666,
                        -1.850603461265564
                    ],
                    [
                        2.3914239406585693,
                        -0.12118161469697952,
                        -1.854785442352295
                    ],
                    [
                        2.289259672164917,
                        -0.08683695644140244,
                        -1.9478569030761719
                    ],
                    [
                        2.5328330993652344,
                        -0.07561158388853073,
                        -2.201779842376709
                    ],
                    [
                        2.3481314182281494,
                        -0.029112331569194794,
                        -2.000203847885132
                    ],
                    [
                        2.477889060974121,
                        0.31740501523017883,
                        -1.943834662437439
                    ],
                    [
                        2.4667930603027344,
                        0.029894717037677765,
                        -1.8203223943710327
                    ],
                    [
                        2.4779319763183594,
                        0.19730639457702637,
                        -1.840370535850525
                    ],
                    [
                        2.3503825664520264,
                        0.1280578076839447,
                        -1.898693561553955
                    ],
                    [
                        1.9037270545959473,
                        0.24558746814727783,
                        -1.5948437452316284
                    ],
                    [
                        2.627562999725342,
                        0.054747916758060455,
                        -1.936259388923645
                    ],
                    [
                        2.491661548614502,
                        0.028911493718624115,
                        -1.8060317039489746
                    ],
                    [
                        2.2044589519500732,
                        -0.06030213087797165,
                        -1.8524235486984253
                    ],
                    [
                        2.3469505310058594,
                        -0.040399618446826935,
                        -1.9210807085037231
                    ],
                    [
                        2.401125431060791,
                        0.059069015085697174,
                        -1.9580546617507935
                    ]
                ]
            ],
            "actions_pred": [
                [
                    [
                        1.8204542398452759,
                        1.614560604095459,
                        1.989867925643921,
                        2.4796066284179688,
                        1.857884407043457,
                        2.190847873687744,
                        2.3914239406585693,
                        2.289259672164917,
                        2.5328330993652344,
                        2.3481314182281494,
                        2.477889060974121,
                        2.4667930603027344,
                        2.4779319763183594,
                        2.3503825664520264,
