{
    "steps": [
        {
            "step": 0,
            "train_loss": 0.011086561717092991,
            "actions_pred1": [
                [
                    [
                        1.760597825050354,
                        -0.27375146746635437,
                        -0.8522261381149292
                    ],
                    [
                        1.9201380014419556,
                        -0.33326295018196106,
                        -1.0220928192138672
                    ],
                    [
                        2.1323142051696777,
                        -0.4518049657344818,
                        -1.1005069017410278
                    ],
                    [
                        2.08791446685791,
                        -0.34886088967323303,
                        -1.3876571655273438
                    ],
                    [
                        2.049636125564575,
                        -0.3552451431751251,
                        -0.9607505202293396
                    ],
                    [
                        2.35837721824646,
                        -0.42772331833839417,
                        -1.0247896909713745
                    ],
                    [
                        2.4985547065734863,
                        -0.40611061453819275,
                        -0.9815104603767395
                    ],
                    [
                        2.651200294494629,
                        -0.4576047956943512,
                        -0.6560996174812317
                    ],
                    [
                        2.3769071102142334,
                        -0.5800233483314514,
                        -0.7679253816604614
                    ],
                    [
                        2.3912036418914795,
                        -0.3346613347530365,
                        -0.8968498110771179
                    ],
                    [
                        2.3886404037475586,
                        -0.39880239963531494,
                        -0.795922577381134
                    ],
                    [
                        2.275773763656616,
                        -0.3715761601924896,
                        -0.92463618516922
                    ],
                    [
                        2.216747522354126,
                        -0.39506956934928894,
                        -0.7882923483848572
                    ],
                    [
                        2.3381881713867188,
                        -0.28000539541244507,
                        -1.215482473373413
                    ],
                    [
                        2.219634532928467,
                        -0.3445257544517517,
                        -0.7807968258857727
                    ],
                    [
                        2.560006856918335,
                        -0.4607047736644745,
                        -0.6512405276298523
                    ],
                    [
                        2.6396448612213135,
                        -0.5178853869438171,
                        -0.877712607383728
                    ],
                    [
                        2.382028341293335,
                        -0.18712905049324036,
                        -0.8514674305915833
                    ],
                    [
                        2.584491014480591,
                        -0.2835787534713745,
                        -0.7781400680541992
                    ],
                    [
                        2.3276116847991943,
                        -0.2266506552696228,
                        -0.8063790202140808
                    ]
                ]
            ],
            "actions_pred": [
                [
                    [
                        1.760597825050354,
                        1.9201380014419556,
                        2.1323142051696777,
                        2.08791446685791,
                        2.049636125564575,
                        2.35837721824646,
                        2.4985547065734863,
                        2.651200294494629,
                        2.3769071102142334,
                        2.3912036418914795,
                        2.3886404037475586,
                        2.275773763656616,
                        2.216747522354126,
                        2.3381881713867188,
                        2.219634532928467,
                        2.560006856918335,
                        2.6396448612213135,
                        2.382028341293335,
                        2.584491014480591,
                        2.3276116847991943
                    ],
                    [
                        -0.27375146746635437,
                        -0.33326295018196106,
                        -0.4518049657344818,
                        -0.34886088967323303,
                        -0.3552451431751251,
                        -0.42772331833839417,
                        -0.40611061453819275,
                        -0.4576047956943512,
                        -0.5800233483314514,
                        -0.3346613347530365,
                        -0.39880239963531494,
                        -0.3715761601924896,
                        -0.39506956934928894,
                        -0.28000539541244507,
                        -0.3445257544517517,
                        -0.4607047736644745,
                        -0.5178853869438171,
                        -0.18712905049324036,
                        -0.2835787534713745,
                        -0.2266506552696228
                    ],
                    [
                        -0.8522261381149292,
                        -1.0220928192138672,
                        -1.1005069017410278,
                        -1.3876571655273438,
                        -0.9607505202293396,
                        -1.0247896909713745,
                        -0.9815104603767395,
                        -0.6560996174812317,
                        -0.7679253816604614,
                        -0.8968498110771179,
                        -0.795922577381134,
                        -0.92463618516922,
                        -0.7882923483848572,
                        -1.215482473373413,
                        -0.7807968258857727,
                        -0.6512405276298523,
                        -0.877712607383728,
                        -0.8514674305915833,
                        -0.7781400680541992,
                        -0.8063790202140808
                    ]
                ]
            ],
            "states": [
                [
                    [
                        0.0,
                        0.0,
                        434162208.0,
                        170000.0,
                        1302486656.0,
                        0.0,
                        6191165.0,
                        45.0
                    ],
                    [
                        0.0,
                        0.0,
                        434162208.0,
                        170000.0,
                        1736648832.0,
                        0.0,
                        6192665.0,
                        45.0
                    ],
                    [
                        0.0,
                        0.0,
                        434162208.0,
                        170000.0,
                        2170811136.0,
                        0.0,
                        6194165.0,
                        45.0
                    ],
                    [
                        0.0,
                        0.0,
                        434162208.0,
                        170000.0,
                        2604973312.0,
                        0.0,
                        6194217.0,
                        45.0
                    ],
                    [
                        0.0,
                        0.0,
                        434162208.0,
                        170000.0,
                        0.0,
                        0.0,
                        6195717.0,
                        45.0
                    ],
                    [
                        0.0,
                        0.0,
                        520061568.0,
                        110000.0,
                        5854191616.0,
                        0.0,
                        6206477.0,
                        46.0
                    ],
                    [
                        0.0,
                        0.0,
                        520061568.0,
                        110000.0,
                        6374253568.0,
                        0.0,
                        6207977.0,
                        46.0
                    ],
                    [
                        0.0,
                        0.0,
                        520061568.0,
                        110000.0,
                        6894315008.0,
                        0.0,
                        6209477.0,
                        46.0
                    ],
                    [
                        0.0,
                        0.0,
                        520061568.0,
                        110000.0,
                        7414376448.0,
                        0.0,
                        6210977.0,
                        46.0
                    ],
                    [
                        0.0,
                        0.0,
                        520061568.0,
                        110000.0,
                        7934437888.0,
                        0.0,
                        6212477.0,
                        46.0
                    ],
                    [
                        0.0,
                        0.0,
                        520061568.0,
                        110000.0,
                        6374253568.0,
                        0.0,
                        6207977.0,
                        46.0
                    ],
                    [
                        0.0,
                        0.0,
                        520061568.0,
                        110000.0,
                        6894315008.0,
                        0.0,
                        6209477.0,
                        46.0
                    ],
                    [
                        0.0,
                        0.0,
                        520061568.0,
                        110000.0,
                        7414376448.0,
                        0.0,
                        6210977.0,
                        46.0
                    ],
                    [
                        0.0,
                        0.0,
                        520061568.0,
                        110000.0,
                        7934437888.0,
                        0.0,
                        6212477.0,
                        46.0
                    ],
                    [
                        0.0,
                        0.0,
                        520061568.0,
                        110000.0,
                        0.0,
                        0.0,
                        6213977.0,
                        46.0
                    ],
                    [
                        0.0,
                        0.0,
                        330814560.0,
                        110000.0,
                        12055304192.0,
                        0.0,
                        6229757.0,
                        47.0
                    ],
                    [
                        0.0,
                        0.0,
                        330814560.0,
                        110000.0,
                        12386118656.0,
                        0.0,
                        6231257.0,
                        47.0
                    ],
                    [
                        0.0,
                        0.0,
                        330814560.0,
                        110000.0,
                        12716933120.0,
                        0.0,
                        6232757.0,
                        47.0
                    ],
                    [
                        0.0,
                        0.0,
                        330814560.0,
                        110000.0,
                        13047747584.0,
                        0.0,
                        6234257.0,
                        47.0
                    ],
                    [
                        0.0,
                        0.0,
                        330814560.0,
                        110000.0,
                        13378562048.0,
                        0.0,
                        6234309.0,
                        47.0
                    ]
                ]
            ],
            "actions": [
                [
                    [
                        0.3333333432674408
                    ],
                    [
                        0.3333333432674408
                    ],
                    [
                        0.3333333432674408
                    ],
                    [
                        0.3333333432674408
                    ],
                    [
                        0.6666666865348816
                    ],
                    [
                        0.3333333432674408
                    ],
                    [
                        0.3333333432674408
                    ],
                    [
                        0.3333333432674408
                    ],
                    [
                        0.3333333432674408
                    ],
                    [
                        0.3333333432674408
                    ],
                    [
                        0.3333333432674408
                    ],
                    [
                        0.3333333432674408
                    ],
                    [
                        0.3333333432674408
                    ],
                    [
                        0.3333333432674408
                    ],
                    [
                        0.6666666865348816
                    ],
                    [
                        0.3333333432674408
                    ],
                    [
                        0.3333333432674408
                    ],
                    [
                        0.3333333432674408
                    ],
                    [
                        0.3333333432674408
                    ],
                    [
                        0.3333333432674408
                    ]
                ]
            ],
            "returns": [
                [
                    [
                        0.3800416588783264
                    ],
                    [
                        0.37933334708213806
                    ],
                    [
                        0.3786250054836273
                    ],
                    [
                        0.3779166638851166
                    ],
                    [
                        0.37720832228660583
                    ],
                    [
                        0.3765000104904175
                    ],
                    [
                        0.3760416805744171
                    ],
                    [
                        0.37558332085609436
                    ],
                    [
                        0.375124990940094
                    ],
                    [
                        0.37466666102409363
                    ],
                    [
                        0.37420833110809326
                    ],
                    [
                        0.3737500011920929
                    ],
                    [
                        0.37329167127609253
                    ],
                    [
                        0.37283334136009216
                    ],
                    [
                        0.3723750114440918
                    ],
                    [
                        0.37191668152809143
                    ],
                    [
                        0.3714583218097687
                    ],
                    [
                        0.3709999918937683
                    ],
                    [
                        0.37054166197776794
                    ],
                    [
                        0.3700833320617676
                    ]
                ]
            ],
            "timesteps": [
                [
                    460,
                    461,
                    462,
                    463,
                    464,
                    465,
                    466,
                    467,
                    468,
                    469,
                    470,
                    471,
                    472,
                    473,
                    474,
                    475,
                    476,
                    477,
                    478,
                    479
                ]
            ],
            "labels": [
                [
                    0,
                    0,
                    0,
                    0,
                    1,
                    0,
                    0,
                    0,
                    0,
                    0,
                    0,
                    0,
                    0,
                    0,
                    1,
                    0,
                    0,
                    0,
                    0,
                    0
                ]
            ],
            "CPU Usage": 5.6,
            "RAM Usage": 17.4,
            "GPU Usage": 15.0,
            "VRAM Usage": 15400.0,
            "Disk Read Speed (MB/s)": 75057177.68652344,
            "Disk Write Speed (MB/s)": 506878052.4033203
        },
        {
            "step": 1,
            "train_loss": 0.012156816199421883,
            "actions_pred1": [
                [
                    [
                        1.021999478340149,
                        0.22501994669437408,
                        -0.8720898628234863
                    ],
                    [
                        1.2588964700698853,
                        -0.03174847364425659,
                        -0.5576034784317017
                    ],
                    [
                        1.4164925813674927,
                        -0.17382940649986267,
                        -1.046506643295288
                    ],
                    [
                        1.7807235717773438,
                        -0.04909849166870117,
                        -1.0061845779418945
                    ],
                    [
                        1.977536678314209,
                        0.2540658116340637,
                        -0.7518272399902344
                    ],
                    [
                        1.7402832508087158,
                        -0.18470439314842224,
                        -0.9898191094398499
                    ],
                    [
                        1.8075451850891113,
                        -0.20828011631965637,
                        -0.9888435006141663
                    ],
                    [
                        1.775330901145935,
                        -0.1884804219007492,
                        -1.14984130859375
                    ],
                    [
                        2.167635202407837,
                        -0.12721067667007446,
                        -0.8901668190956116
                    ],
                    [
                        2.0632519721984863,
                        -0.49242085218429565,
                        -1.0854836702346802
                    ],
                    [
                        2.2542243003845215,
                        -0.43738290667533875,
                        -0.8777486681938171
                    ],
                    [
                        2.3185603618621826,
                        -0.45875075459480286,
                        -1.0346529483795166
                    ],
                    [
                        2.2206475734710693,
                        -0.36971616744995117,
                        -0.9750198721885681
                    ],
                    [
                        2.6484084129333496,
                        -0.3883607089519501,
                        -0.7921390533447266
                    ],
                    [
                        2.336744546890259,
                        -0.5742201805114746,
                        -0.8404690623283386
                    ],
                    [
                        2.6708292961120605,
                        -0.44005414843559265,
                        -0.7965338826179504
                    ],
                    [
                        2.601945638656616,
                        -0.6802147030830383,
                        -0.9466241598129272
                    ],
                    [
                        2.449633836746216,
                        -0.43392959237098694,
                        -1.2637215852737427
                    ],
                    [
                        2.5687170028686523,
                        -0.3860420882701874,
                        -1.011178731918335
                    ],
                    [
                        2.6437454223632812,
                        -0.4211058020591736,
                        -0.8787432312965393
                    ]
                ]
            ],
            "actions_pred": [
                [
                    [
                        1.021999478340149,
                        1.2588964700698853,
                        1.4164925813674927,
                        1.7807235717773438,
                        1.977536678314209,
                        1.7402832508087158,
                        1.8075451850891113,
                        1.775330901145935,
                        2.167635202407837,
                        2.0632519721984863,
                        2.2542243003845215,
                        2.3185603618621826,
                        2.2206475734710693,
                        2.6484084129333496,
                        2.336744546890259,
                        2.6708292961120605,
                        2.601945638656616,
                        2.449633836746216,
                        2.5687170028686523,
                        2.6437454223632812
                    ],
                    [
                        0.22501994669437408,
                        -0.03174847364425659,
                        -0.17382940649986267,
                        -0.04909849166870117,
                        0.2540658116340637,
                        -0.18470439314842224,
                        -0.20828011631965637,
                        -0.1884804219007492,
                        -0.12721067667007446,
                        -0.49242085218429565,
                        -0.43738290667533875,
                        -0.45875075459480286,
                        -0.36971616744995117,
                        -0.3883607089519501,
                        -0.5742201805114746,
                        -0.44005414843559265,
                        -0.6802147030830383,
                        -0.43392959237098694,
                        -0.3860420882701874,
                        -0.4211058020591736
                    ],
                    [
                        -0.8720898628234863,
                        -0.5576034784317017,
                        -1.046506643295288,
                        -1.0061845779418945,
                        -0.7518272399902344,
                        -0.9898191094398499,
                        -0.9888435006141663,
                        -1.14984130859375,
                        -0.8901668190956116,
                        -1.0854836702346802,
                        -0.8777486681938171,
                        -1.0346529483795166,
                        -0.9750198721885681,
                        -0.7921390533447266,
                        -0.8404690623283386,
                        -0.7965338826179504,
                        -0.9466241598129272,
                        -1.2637215852737427,
                        -1.011178731918335,
                        -0.8787432312965393
                    ]
                ]
            ],
            "states": [
                [
                    [
                        1.0,
                        150000.0,
                        0.0,
                        0.0,
                        0.0,
                        0.0,
                        6137146.0,
                        0.0
                    ],
                    [
                        1.0,
                        150000.0,
                        0.0,
                        0.0,
                        0.0,
                        0.0,
                        6138646.0,
                        0.0
                    ],
                    [
                        1.0,
                        150000.0,
                        0.0,
                        0.0,
                        0.0,
                        0.0,
                        6140146.0,
                        0.0
                    ],
                    [
                        0.0,
                        0.0,
                        504626496.0,
                        80000.0,
                        5510626304.0,
                        0.0,
                        6703585.0,
                        83.0
                    ],
                    [
                        0.0,
                        0.0,
                        504626496.0,
                        80000.0,
                        0.0,
                        0.0,
                        6703657.0,
                        83.0
                    ],
                    [
                        0.0,
                        0.0,
                        504626496.0,
                        90000.0,
                        7569397760.0,
                        0.0,
                        6713229.0,
                        84.0
                    ],
                    [
                        0.0,
                        0.0,
                        504626496.0,
                        90000.0,
                        8074023936.0,
                        0.0,
                        6713281.0,
                        84.0
                    ],
                    [
                        0.0,
                        0.0,
                        504626496.0,
                        90000.0,
                        8578650624.0,
                        0.0,
                        6714781.0,
                        84.0
                    ],
                    [
                        0.0,
                        0.0,
                        504626496.0,
                        90000.0,
                        9083277312.0,
                        0.0,
                        6714833.0,
                        84.0
                    ],
                    [
                        0.0,
                        0.0,
                        504626496.0,
                        90000.0,
                        9587903488.0,
                        0.0,
                        6716333.0,
                        84.0
                    ],
                    [
                        0.0,
                        0.0,
                        504626496.0,
                        90000.0,
                        8074023936.0,
                        0.0,
                        6713281.0,
                        84.0
                    ],
                    [
                        0.0,
                        0.0,
                        504626496.0,
                        90000.0,
                        8578650624.0,
                        0.0,
                        6714781.0,
                        84.0
                    ],
                    [
                        0.0,
                        0.0,
                        504626496.0,
                        90000.0,
                        9083277312.0,
                        0.0,
                        6714833.0,
                        84.0
                    ],
                    [
                        0.0,
                        0.0,
                        504626496.0,
                        90000.0,
                        9587903488.0,
                        0.0,
                        6716333.0,
                        84.0
                    ],
                    [
                        0.0,
                        0.0,
                        504626496.0,
                        100000.0,
                        0.0,
                        0.0,
                        6716385.0,
                        84.0
                    ],
                    [
                        0.0,
                        0.0,
                        310010816.0,
                        10000.0,
                        16863267840.0,
                        0.0,
                        6744513.0,
                        85.0
                    ],
                    [
                        0.0,
                        0.0,
                        310010816.0,
                        10000.0,
                        17173278720.0,
                        0.0,
                        6744565.0,
                        85.0
                    ],
                    [
                        0.0,
                        0.0,
                        310010816.0,
                        10000.0,
                        17483288576.0,
                        0.0,
                        6744645.0,
                        85.0
                    ],
                    [
                        0.0,
                        0.0,
                        310010816.0,
                        10000.0,
                        17793300480.0,
                        0.0,
                        6744697.0,
                        85.0
                    ],
                    [
                        0.0,
                        0.0,
                        310010816.0,
                        10000.0,
                        18103310336.0,
                        0.0,
                        6744777.0,
                        85.0
                    ]
                ]
            ],
            "actions": [
                [
                    [
                        0.3333333432674408
                    ],
                    [
                        0.3333333432674408
                    ],
                    [
                        0.3333333432674408
                    ],
                    [
                        0.3333333432674408
                    ],
                    [
                        0.6666666865348816
                    ],
                    [
                        0.3333333432674408
                    ],
                    [
                        0.3333333432674408
                    ],
                    [
                        0.3333333432674408
                    ],
                    [
                        0.3333333432674408
                    ],
                    [
                        0.3333333432674408
                    ],
                    [
                        0.3333333432674408
                    ],
                    [
                        0.3333333432674408
                    ],
                    [
                        0.3333333432674408
                    ],
                    [
                        0.3333333432674408
                    ],
                    [
                        0.6666666865348816
                    ],
                    [
                        0.3333333432674408
                    ],
                    [
                        0.3333333432674408
                    ],
                    [
                        0.3333333432674408
                    ],
                    [
                        0.3333333432674408
                    ],
                    [
                        0.3333333432674408
                    ]
                ]
            ],
            "returns": [
                [
                    [
                        0.19704166054725647
                    ],
                    [
                        0.19704166054725647
                    ],
                    [
                        0.19704166054725647
                    ],
                    [
                        0.19704166054725647
                    ],
                    [
                        0.1967083364725113
                    ],
                    [
                        0.19637499749660492
                    ],
                    [
                        0.19599999487400055
                    ],
                    [
                        0.19562500715255737
                    ],
                    [
                        0.195250004529953
                    ],
                    [
                        0.19487500190734863
                    ],
                    [
                        0.19449999928474426
                    ],
                    [
                        0.1941249966621399
                    ],
                    [
                        0.19374999403953552
                    ],
                    [
                        0.19337500631809235
                    ],
                    [
                        0.19300000369548798
                    ],
                    [
                        0.1925833374261856
                    ],
                    [
                        0.1925416737794876
                    ],
                    [
                        0.19249999523162842
                    ],
                    [
                        0.19245833158493042
                    ],
                    [
                        0.19241666793823242
                    ]
                ]
            ],
            "timesteps": [
                [
                    840,
                    841,
                    842,
                    843,
                    844,
                    845,
                    846,
                    847,
                    848,
                    849,
                    850,
                    851,
                    852,
                    853,
                    854,
                    855,
                    856,
                    857,
                    858,
                    859
                ]
            ],
            "labels": [
                [
                    0,
                    0,
                    0,
                    0,
                    1,
                    0,
                    0,
                    0,
                    0,
                    0,
                    0,
                    0,
                    0,
                    0,
                    1,
                    0,
                    0,
                    0,
                    0,
                    0
                ]
            ],
            "CPU Usage": 4.8,
            "RAM Usage": 17.4,
            "GPU Usage": 67.0,
            "VRAM Usage": 15400.0,
            "Disk Read Speed (MB/s)": 75057177.68652344,
            "Disk Write Speed (MB/s)": 506878052.4033203
        },
        {
            "step": 2,
            "train_loss": 0.011725177057087421,
            "actions_pred1": [
                [
                    [
                        1.6660693883895874,
                        -0.5785762071609497,
                        -0.7168354392051697
                    ],
                    [
                        1.9802461862564087,
                        -0.4462430775165558,
                        -0.6567797064781189
                    ],
                    [
                        2.0036160945892334,
                        -0.6506143808364868,
                        -0.7951387763023376
                    ],
                    [
                        2.2245311737060547,
                        -0.5656527280807495,
                        -1.2847529649734497
                    ],
                    [
                        2.416111469268799,
                        -0.4882919490337372,
                        -0.8603957295417786
                    ],
                    [
                        2.231687545776367,
                        -0.2951914370059967,
                        -0.8243411183357239
                    ],
                    [
                        2.249506950378418,
                        -0.3308210074901581,
                        -0.9433231353759766
                    ],
                    [
                        2.3271782398223877,
                        -0.4580003321170807,
                        -1.1037620306015015
                    ],
                    [
                        2.1782538890838623,
                        -0.3106670081615448,
                        -0.9731256365776062
                    ],
                    [
                        2.098698139190674,
                        -0.39991486072540283,
                        -0.8433038592338562
                    ],
                    [
                        2.2059526443481445,
                        -0.5859537124633789,
                        -0.9534899592399597
                    ],
                    [
                        2.3811392784118652,
                        -0.6199860572814941,
                        -0.9859349131584167
                    ],
                    [
                        2.4753925800323486,
                        -0.5831670165061951,
                        -0.9872954487800598
                    ],
                    [
                        2.3542487621307373,
                        -0.3704560101032257,
                        -1.039231538772583
                    ],
                    [
                        2.068591594696045,
                        -0.309726744890213,
                        -1.1747713088989258
                    ],
                    [
                        2.153907537460327,
                        -0.32906392216682434,
                        -1.0835107564926147
                    ],
                    [
                        2.3088419437408447,
                        -0.46058642864227295,
                        -0.9836117625236511
                    ],
                    [
                        2.101592779159546,
                        -0.10269740223884583,
                        -0.67038494348526
                    ],
                    [
                        1.9698951244354248,
                        -0.27962568402290344,
                        -0.6320766806602478
                    ],
                    [
                        2.219710111618042,
                        -0.46369409561157227,
                        -0.6111739277839661
                    ]
                ]
            ],
            "actions_pred": [
                [
                    [
                        1.6660693883895874,
                        1.9802461862564087,
                        2.0036160945892334,
                        2.2245311737060547,
                        2.416111469268799,
                        2.231687545776367,
                        2.249506950378418,
                        2.3271782398223877,
                        2.1782538890838623,
                        2.098698139190674,
                        2.2059526443481445,
                        2.3811392784118652,
                        2.4753925800323486,
                        2.3542487621307373,
