{
    "steps": [
        {
            "step": 0,
            "train_loss": 0.010242091491818428,
            "actions_pred1": [
                [
                    [
                        4.370008945465088,
                        -1.3429397344589233,
                        -1.9850178956985474
                    ],
                    [
                        4.38436222076416,
                        -0.6527604460716248,
                        -2.023162364959717
                    ],
                    [
                        4.680068016052246,
                        -0.4789932668209076,
                        -2.076401710510254
                    ],
                    [
                        4.324881553649902,
                        -0.8071925640106201,
                        -2.2663896083831787
                    ],
                    [
                        3.527559280395508,
                        -0.5611408352851868,
                        -1.2767622470855713
                    ],
                    [
                        3.213865041732788,
                        -0.27630525827407837,
                        -1.2693943977355957
                    ],
                    [
                        3.338685989379883,
                        0.1392025649547577,
                        -1.653847336769104
                    ],
                    [
                        3.700505495071411,
                        0.3530796766281128,
                        -1.0816093683242798
                    ],
                    [
                        3.330803155899048,
                        0.3297196626663208,
                        -1.0247797966003418
                    ],
                    [
                        3.5287973880767822,
                        0.22088629007339478,
                        -1.1625417470932007
                    ],
                    [
                        3.660797357559204,
                        -0.1293325573205948,
                        -1.0486276149749756
                    ],
                    [
                        3.3080458641052246,
                        0.39363470673561096,
                        -1.4003100395202637
                    ],
                    [
                        3.8050127029418945,
                        0.131611168384552,
                        -0.7695246338844299
                    ],
                    [
                        3.7910637855529785,
                        0.4422541856765747,
                        -1.2200515270233154
                    ],
                    [
                        -0.2528209686279297,
                        3.5216023921966553,
                        -0.38573262095451355
                    ],
                    [
                        1.1289939880371094,
                        1.3554599285125732,
                        -0.9888906478881836
                    ],
                    [
                        1.6579909324645996,
                        1.2641520500183105,
                        -1.6763216257095337
                    ],
                    [
                        2.3689372539520264,
                        0.6497288346290588,
                        -2.2042670249938965
                    ],
                    [
                        1.4357284307479858,
                        0.4802454710006714,
                        -1.0549417734146118
                    ],
                    [
                        4.336378574371338,
                        -0.5056788921356201,
                        -1.9040271043777466
                    ]
                ]
            ],
            "actions_pred": [
                [
                    [
                        4.370008945465088,
                        4.38436222076416,
                        4.680068016052246,
                        4.324881553649902,
                        3.527559280395508,
                        3.213865041732788,
                        3.338685989379883,
                        3.700505495071411,
                        3.330803155899048,
                        3.5287973880767822,
                        3.660797357559204,
                        3.3080458641052246,
                        3.8050127029418945,
                        3.7910637855529785,
                        -0.2528209686279297,
                        1.1289939880371094,
                        1.6579909324645996,
                        2.3689372539520264,
                        1.4357284307479858,
                        4.336378574371338
                    ],
                    [
                        -1.3429397344589233,
                        -0.6527604460716248,
                        -0.4789932668209076,
                        -0.8071925640106201,
                        -0.5611408352851868,
                        -0.27630525827407837,
                        0.1392025649547577,
                        0.3530796766281128,
                        0.3297196626663208,
                        0.22088629007339478,
                        -0.1293325573205948,
                        0.39363470673561096,
                        0.131611168384552,
                        0.4422541856765747,
                        3.5216023921966553,
                        1.3554599285125732,
                        1.2641520500183105,
                        0.6497288346290588,
                        0.4802454710006714,
                        -0.5056788921356201
                    ],
                    [
                        -1.9850178956985474,
                        -2.023162364959717,
                        -2.076401710510254,
                        -2.2663896083831787,
                        -1.2767622470855713,
                        -1.2693943977355957,
                        -1.653847336769104,
                        -1.0816093683242798,
                        -1.0247797966003418,
                        -1.1625417470932007,
                        -1.0486276149749756,
                        -1.4003100395202637,
                        -0.7695246338844299,
                        -1.2200515270233154,
                        -0.38573262095451355,
                        -0.9888906478881836,
                        -1.6763216257095337,
                        -2.2042670249938965,
                        -1.0549417734146118,
                        -1.9040271043777466
                    ]
                ]
            ],
            "states": [
                [
                    [
                        0.0,
                        0.0,
                        475293920.0,
                        120000.0,
                        16404959232.0,
                        0.0,
                        3383021.0,
                        27.0
                    ],
                    [
                        0.0,
                        0.0,
                        475293920.0,
                        120000.0,
                        16880252928.0,
                        0.0,
                        3384521.0,
                        27.0
                    ],
                    [
                        0.0,
                        0.0,
                        475293920.0,
                        120000.0,
                        17355546624.0,
                        0.0,
                        3386021.0,
                        27.0
                    ],
                    [
                        0.0,
                        0.0,
                        475293920.0,
                        120000.0,
                        17830840320.0,
                        0.0,
                        3387521.0,
                        27.0
                    ],
                    [
                        0.0,
                        0.0,
                        475293920.0,
                        120000.0,
                        18306134016.0,
                        0.0,
                        3389021.0,
                        27.0
                    ],
                    [
                        0.0,
                        0.0,
                        475293920.0,
                        130000.0,
                        2851763456.0,
                        0.0,
                        3392229.0,
                        28.0
                    ],
                    [
                        0.0,
                        0.0,
                        475293920.0,
                        130000.0,
                        3327057408.0,
                        0.0,
                        3392281.0,
                        28.0
                    ],
                    [
                        0.0,
                        0.0,
                        475293920.0,
                        130000.0,
                        3802351360.0,
                        0.0,
                        3392345.0,
                        28.0
                    ],
                    [
                        0.0,
                        0.0,
                        475293920.0,
                        130000.0,
                        4277645312.0,
                        0.0,
                        3392417.0,
                        28.0
                    ],
                    [
                        0.0,
                        0.0,
                        475293920.0,
                        130000.0,
                        4752939008.0,
                        0.0,
                        3392469.0,
                        28.0
                    ],
                    [
                        0.0,
                        0.0,
                        475293920.0,
                        130000.0,
                        3327057408.0,
                        0.0,
                        3392281.0,
                        28.0
                    ],
                    [
                        0.0,
                        0.0,
                        475293920.0,
                        130000.0,
                        3802351360.0,
                        0.0,
                        3392345.0,
                        28.0
                    ],
                    [
                        0.0,
                        0.0,
                        475293920.0,
                        130000.0,
                        4277645312.0,
                        0.0,
                        3392417.0,
                        28.0
                    ],
                    [
                        0.0,
                        0.0,
                        475293920.0,
                        130000.0,
                        4752939008.0,
                        0.0,
                        3392469.0,
                        28.0
                    ],
                    [
                        0.0,
                        0.0,
                        475293920.0,
                        130000.0,
                        0.0,
                        0.0,
                        3393969.0,
                        28.0
                    ],
                    [
                        1.0,
                        150000.0,
                        0.0,
                        80000.0,
                        0.0,
                        0.0,
                        2451646.0,
                        0.0
                    ],
                    [
                        1.0,
                        150000.0,
                        0.0,
                        80000.0,
                        0.0,
                        0.0,
                        2453146.0,
                        0.0
                    ],
                    [
                        1.0,
                        150000.0,
                        0.0,
                        80000.0,
                        0.0,
                        0.0,
                        2454646.0,
                        0.0
                    ],
                    [
                        1.0,
                        150000.0,
                        0.0,
                        80000.0,
                        0.0,
                        0.0,
                        2456146.0,
                        0.0
                    ],
                    [
                        0.0,
                        0.0,
                        561193280.0,
                        140000.0,
                        7169510912.0,
                        0.0,
                        3403525.0,
                        29.0
                    ]
                ]
            ],
            "actions": [
                [
                    [
                        0.3333333432674408
                    ],
                    [
                        0.3333333432674408
                    ],
                    [
                        0.3333333432674408
                    ],
                    [
                        0.3333333432674408
                    ],
                    [
                        0.6666666865348816
                    ],
                    [
                        0.3333333432674408
                    ],
                    [
                        0.3333333432674408
                    ],
                    [
                        0.3333333432674408
                    ],
                    [
                        0.3333333432674408
                    ],
                    [
                        0.3333333432674408
                    ],
                    [
                        0.3333333432674408
                    ],
                    [
                        0.3333333432674408
                    ],
                    [
                        0.3333333432674408
                    ],
                    [
                        0.3333333432674408
                    ],
                    [
                        0.6666666865348816
                    ],
                    [
                        0.3333333432674408
                    ],
                    [
                        0.3333333432674408
                    ],
                    [
                        0.3333333432674408
                    ],
                    [
                        0.3333333432674408
                    ],
                    [
                        0.3333333432674408
                    ]
                ]
            ],
            "returns": [
                [
                    [
                        0.46187499165534973
                    ],
                    [
                        0.46137499809265137
                    ],
                    [
                        0.460875004529953
                    ],
                    [
                        0.46037501096725464
                    ],
                    [
                        0.4598749876022339
                    ],
                    [
                        0.4593749940395355
                    ],
                    [
                        0.45883333683013916
                    ],
                    [
                        0.4582916796207428
                    ],
                    [
                        0.45774999260902405
                    ],
                    [
                        0.4572083353996277
                    ],
                    [
                        0.4566666781902313
                    ],
                    [
                        0.4561249911785126
                    ],
                    [
                        0.4555833339691162
                    ],
                    [
                        0.45504167675971985
                    ],
                    [
                        0.4544999897480011
                    ],
                    [
                        0.45395833253860474
                    ],
                    [
                        0.45362499356269836
                    ],
                    [
                        0.453291654586792
                    ],
                    [
                        0.452958345413208
                    ],
                    [
                        0.45262500643730164
                    ]
                ]
            ],
            "timesteps": [
                [
                    280,
                    281,
                    282,
                    283,
                    284,
                    285,
                    286,
                    287,
                    288,
                    289,
                    290,
                    291,
                    292,
                    293,
                    294,
                    295,
                    296,
                    297,
                    298,
                    299
                ]
            ],
            "labels": [
                [
                    0,
                    0,
                    0,
                    0,
                    1,
                    0,
                    0,
                    0,
                    0,
                    0,
                    0,
                    0,
                    0,
                    0,
                    1,
                    0,
                    0,
                    0,
                    0,
                    0
                ]
            ],
            "CPU Usage": 4.0,
            "RAM Usage": 17.4,
            "GPU Usage": 30.0,
            "VRAM Usage": 15400.0,
            "Disk Read Speed (MB/s)": 75057177.68652344,
            "Disk Write Speed (MB/s)": 506878178.48535156
        },
        {
            "step": 1,
            "train_loss": 0.002931008581072092,
            "actions_pred1": [
                [
                    [
                        4.4895429611206055,
                        -1.2796509265899658,
                        -1.8550493717193604
                    ],
                    [
                        3.1927080154418945,
                        -0.7136270403862,
                        -2.3157527446746826
                    ],
                    [
                        3.9229257106781006,
                        -0.6150934100151062,
                        -1.9094973802566528
                    ],
                    [
                        4.039416313171387,
                        -0.733557939529419,
                        -1.9794903993606567
                    ],
                    [
                        0.6508072018623352,
                        2.189558267593384,
                        -1.7532011270523071
                    ],
                    [
                        1.4321390390396118,
                        1.374640703201294,
                        -2.2707085609436035
                    ],
                    [
                        4.109646320343018,
                        -0.413232684135437,
                        -1.9307332038879395
                    ],
                    [
                        2.5580413341522217,
                        0.17444086074829102,
                        -2.454068422317505
                    ],
                    [
                        4.3491387367248535,
                        -0.8767045140266418,
                        -2.086090087890625
                    ],
                    [
                        2.2643320560455322,
                        0.6502411961555481,
                        -1.5762187242507935
                    ],
                    [
                        3.772547960281372,
                        -0.8655979037284851,
                        -2.2025153636932373
                    ],
                    [
                        2.3533570766448975,
                        -0.25239506363868713,
                        -1.6170519590377808
                    ],
                    [
                        3.6772992610931396,
                        -0.4352739453315735,
                        -1.059753179550171
                    ],
                    [
                        1.1963039636611938,
                        0.014617359265685081,
                        -1.7289223670959473
                    ],
                    [
                        -0.11138028651475906,
                        2.671609878540039,
                        -1.2143915891647339
                    ],
                    [
                        3.71736478805542,
                        -0.5950896143913269,
                        -1.707180380821228
                    ],
                    [
                        3.021758556365967,
                        -1.4900708198547363,
                        -1.5860594511032104
                    ],
                    [
                        3.025667190551758,
                        -0.1655372679233551,
                        -1.9661797285079956
                    ],
                    [
                        3.990692615509033,
                        -0.7932334542274475,
                        -1.4597246646881104
                    ],
                    [
                        3.925363302230835,
                        -0.8709965348243713,
                        -1.957617998123169
                    ]
                ]
            ],
            "actions_pred": [
                [
                    [
                        4.4895429611206055,
                        3.1927080154418945,
                        3.9229257106781006,
                        4.039416313171387,
                        0.6508072018623352,
                        1.4321390390396118,
                        4.109646320343018,
                        2.5580413341522217,
                        4.3491387367248535,
                        2.2643320560455322,
                        3.772547960281372,
                        2.3533570766448975,
                        3.6772992610931396,
                        1.1963039636611938,
                        -0.11138028651475906,
                        3.71736478805542,
                        3.021758556365967,
                        3.025667190551758,
                        3.990692615509033,
                        3.925363302230835
                    ],
                    [
                        -1.2796509265899658,
                        -0.7136270403862,
                        -0.6150934100151062,
                        -0.733557939529419,
                        2.189558267593384,
                        1.374640703201294,
                        -0.413232684135437,
                        0.17444086074829102,
                        -0.8767045140266418,
                        0.6502411961555481,
                        -0.8655979037284851,
                        -0.25239506363868713,
                        -0.4352739453315735,
                        0.014617359265685081,
                        2.671609878540039,
                        -0.5950896143913269,
                        -1.4900708198547363,
                        -0.1655372679233551,
                        -0.7932334542274475,
                        -0.8709965348243713
                    ],
                    [
                        -1.8550493717193604,
                        -2.3157527446746826,
                        -1.9094973802566528,
                        -1.9794903993606567,
                        -1.7532011270523071,
                        -2.2707085609436035,
                        -1.9307332038879395,
                        -2.454068422317505,
                        -2.086090087890625,
                        -1.5762187242507935,
                        -2.2025153636932373,
                        -1.6170519590377808,
                        -1.059753179550171,
                        -1.7289223670959473,
                        -1.2143915891647339,
                        -1.707180380821228,
                        -1.5860594511032104,
                        -1.9661797285079956,
                        -1.4597246646881104,
                        -1.957617998123169
                    ]
                ]
            ],
            "states": [
                [
                    [
                        1.0,
                        45000.0,
                        43909.0,
                        60000.0,
                        63414504.0,
                        0.0,
                        5879146.0,
                        0.0
                    ],
                    [
                        0.0,
                        0.0,
                        582472832.0,
                        190000.0,
                        6106553344.0,
                        0.0,
                        6499065.0,
                        63.0
                    ],
                    [
                        1.0,
                        45000.0,
                        43909.0,
                        60000.0,
                        63458412.0,
                        0.0,
                        5880646.0,
                        0.0
                    ],
                    [
                        1.0,
                        45000.0,
                        43909.0,
                        60000.0,
                        63502320.0,
                        0.0,
                        5882146.0,
                        0.0
                    ],
                    [
                        0.0,
                        0.0,
                        582472832.0,
                        190000.0,
                        0.0,
                        0.0,
                        6500565.0,
                        63.0
                    ],
                    [
                        1.0,
                        15000.0,
                        0.0,
                        20000.0,
                        0.0,
                        0.0,
                        5900146.0,
                        0.0
                    ],
                    [
                        0.0,
                        0.0,
                        616027264.0,
                        180000.0,
                        4736286720.0,
                        0.0,
                        6509669.0,
                        64.0
                    ],
                    [
                        1.0,
                        15000.0,
                        0.0,
                        20000.0,
                        0.0,
                        0.0,
                        5901646.0,
                        0.0
                    ],
                    [
                        0.0,
                        0.0,
                        616027264.0,
                        180000.0,
                        5352313856.0,
                        0.0,
                        6511169.0,
                        64.0
                    ],
                    [
                        1.0,
                        15000.0,
                        0.0,
                        40000.0,
                        0.0,
                        0.0,
                        5903146.0,
                        0.0
                    ],
                    [
                        0.0,
                        0.0,
                        616027264.0,
                        180000.0,
                        4736286720.0,
                        0.0,
                        6509669.0,
                        64.0
                    ],
                    [
                        1.0,
                        15000.0,
                        0.0,
                        20000.0,
                        0.0,
                        0.0,
                        5901646.0,
                        0.0
                    ],
                    [
                        0.0,
                        0.0,
                        616027264.0,
                        180000.0,
                        5352313856.0,
                        0.0,
                        6511169.0,
                        64.0
                    ],
                    [
                        1.0,
                        15000.0,
                        0.0,
                        40000.0,
                        0.0,
                        0.0,
                        5903146.0,
                        0.0
                    ],
                    [
                        0.0,
                        0.0,
                        616027264.0,
                        220000.0,
                        0.0,
                        0.0,
                        6511221.0,
                        64.0
                    ],
                    [
                        0.0,
                        0.0,
                        658976896.0,
                        230000.0,
                        6503869952.0,
                        0.0,
                        6521877.0,
                        65.0
                    ],
                    [
                        0.0,
                        0.0,
                        658976896.0,
                        230000.0,
                        7162846720.0,
                        0.0,
                        6521929.0,
                        65.0
                    ],
                    [
                        0.0,
                        0.0,
                        658976896.0,
                        230000.0,
                        7821823488.0,
                        0.0,
                        6521981.0,
                        65.0
                    ],
                    [
                        0.0,
                        0.0,
                        658976896.0,
                        230000.0,
                        8480800256.0,
                        0.0,
                        6523481.0,
                        65.0
                    ],
                    [
                        0.0,
                        0.0,
                        658976896.0,
                        230000.0,
                        9139777536.0,
                        0.0,
                        6523533.0,
                        65.0
                    ]
                ]
            ],
            "actions": [
                [
                    [
                        0.3333333432674408
                    ],
                    [
                        0.3333333432674408
                    ],
                    [
                        0.3333333432674408
                    ],
                    [
                        0.3333333432674408
                    ],
                    [
                        0.6666666865348816
                    ],
                    [
                        0.3333333432674408
                    ],
                    [
                        0.3333333432674408
                    ],
                    [
                        0.3333333432674408
                    ],
                    [
                        0.3333333432674408
                    ],
                    [
                        0.3333333432674408
                    ],
                    [
                        0.3333333432674408
                    ],
                    [
                        0.3333333432674408
                    ],
                    [
                        0.3333333432674408
                    ],
                    [
                        0.3333333432674408
                    ],
                    [
                        0.6666666865348816
                    ],
                    [
                        0.3333333432674408
                    ],
                    [
                        0.3333333432674408
                    ],
                    [
                        0.3333333432674408
                    ],
                    [
                        0.3333333432674408
                    ],
                    [
                        0.3333333432674408
                    ]
                ]
            ],
            "returns": [
                [
                    [
                        0.28329166769981384
                    ],
                    [
                        0.28304165601730347
                    ],
                    [
                        0.28224998712539673
                    ],
                    [
                        0.28200000524520874
                    ],
                    [
                        0.28174999356269836
                    ],
                    [
                        0.2809583246707916
                    ],
                    [
                        0.28087499737739563
                    ],
                    [
                        0.2801249921321869
                    ],
                    [
                        0.2800416648387909
                    ],
                    [
                        0.27929165959358215
                    ],
                    [
                        0.27912500500679016
                    ],
                    [
                        0.2783749997615814
                    ],
                    [
                        0.2782916724681854
                    ],
                    [
                        0.2775416672229767
                    ],
                    [
                        0.2773750126361847
                    ],
                    [
                        0.2764583230018616
                    ],
                    [
                        0.27549999952316284
                    ],
                    [
                        0.2745416760444641
                    ],
                    [
                        0.273583322763443
                    ],
                    [
                        0.27262499928474426
                    ]
                ]
            ],
            "timesteps": [
                [
                    640,
                    641,
                    642,
                    643,
                    644,
                    645,
                    646,
                    647,
                    648,
                    649,
                    650,
                    651,
                    652,
                    653,
                    654,
                    655,
                    656,
                    657,
                    658,
                    659
                ]
            ],
            "labels": [
                [
                    0,
                    0,
                    0,
                    0,
                    1,
                    0,
                    0,
                    0,
                    0,
                    0,
                    0,
                    0,
                    0,
                    0,
                    1,
                    0,
                    0,
                    0,
                    0,
                    0
                ]
            ],
            "CPU Usage": 3.4,
            "RAM Usage": 17.4,
            "GPU Usage": 67.0,
            "VRAM Usage": 15400.0,
            "Disk Read Speed (MB/s)": 75057177.68652344,
            "Disk Write Speed (MB/s)": 506878178.48535156
        },
        {
            "step": 2,
            "train_loss": 0.0012936702696606517,
            "actions_pred1": [
                [
                    [
                        1.9176517724990845,
                        -0.8455128073692322,
                        -1.6555763483047485
                    ],
                    [
                        2.604867935180664,
                        -1.1890769004821777,
                        -1.7502336502075195
                    ],
                    [
                        3.527520179748535,
                        -0.5853620171546936,
                        -1.7151330709457397
                    ],
                    [
                        3.938983917236328,
                        -1.0185420513153076,
                        -1.360782504081726
                    ],
                    [
                        0.2936950623989105,
                        1.1992161273956299,
                        -1.629770278930664
                    ],
                    [
                        3.512913227081299,
                        -1.1225318908691406,
                        -1.770829439163208
                    ],
                    [
                        3.8308331966400146,
                        -1.8487560749053955,
                        -2.1032145023345947
                    ],
                    [
                        3.539217948913574,
                        -1.0184532403945923,
                        -2.024763822555542
                    ],
                    [
                        4.5171027183532715,
                        -1.4799400568008423,
                        -1.741790533065796
                    ],
                    [
                        4.333977222442627,
                        -0.7487834095954895,
                        -1.4238965511322021
                    ],
                    [
                        4.360736846923828,
                        -1.336926817893982,
                        -1.8523943424224854
                    ],
                    [
                        3.9706854820251465,
                        -0.884939968585968,
                        -1.903070330619812
                    ],
                    [
                        3.6441831588745117,
                        -0.24018390476703644,
                        -1.4573957920074463
                    ],
                    [
                        4.1184468269348145,
                        -0.8571888208389282,
                        -1.3210179805755615
                    ],
                    [
                        0.17252717912197113,
                        2.7980995178222656,
                        -1.5338550806045532
                    ],
                    [
                        4.1058526039123535,
                        -0.13111478090286255,
                        -1.9737153053283691
                    ],
                    [
                        4.019128799438477,
                        -0.7856821417808533,
                        -1.998208999633789
                    ],
                    [
                        3.3381755352020264,
                        -0.2647703289985657,
                        -2.0351438522338867
                    ],
                    [
                        3.757774591445923,
                        -0.7461909651756287,
                        -1.6333342790603638
                    ],
                    [
                        3.391543388366699,
                        -0.13839766383171082,
                        -1.9127106666564941
                    ]
                ]
            ],
            "actions_pred": [
                [
                    [
                        1.9176517724990845,
                        2.604867935180664,
                        3.527520179748535,
                        3.938983917236328,
                        0.2936950623989105,
                        3.512913227081299,
                        3.8308331966400146,
                        3.539217948913574,
                        4.5171027183532715,
                        4.333977222442627,
                        4.360736846923828,
                        3.9706854820251465,
                        3.6441831588745117,
                        4.1184468269348145,
                        0.17252717912197113,
                        4.1058526039123535,
                        4.019128799438477,
                        3.3381755352020264,
