{
    "steps": [
        {
            "step": 0,
            "train_loss": 0.007912110537290573,
            "actions_pred1": [
                [
                    [
                        3.0090503692626953,
                        0.033343106508255005,
                        -2.093294382095337
                    ],
                    [
                        2.338426351547241,
                        0.026679858565330505,
                        -2.370879650115967
                    ],
                    [
                        2.620250940322876,
                        0.11101225018501282,
                        -2.190748453140259
                    ],
                    [
                        2.7119388580322266,
                        0.16562123596668243,
                        -2.2053756713867188
                    ],
                    [
                        2.2979342937469482,
                        0.5466638207435608,
                        -2.001756191253662
                    ],
                    [
                        1.7427151203155518,
                        0.7563707232475281,
                        -2.2883119583129883
                    ],
                    [
                        2.953735589981079,
                        0.26331135630607605,
                        -2.351924419403076
                    ],
                    [
                        2.4567995071411133,
                        0.3598921000957489,
                        -2.511791467666626
                    ],
                    [
                        2.749195098876953,
                        0.022920608520507812,
                        -2.4096176624298096
                    ],
                    [
                        2.1911540031433105,
                        0.4605339467525482,
                        -1.9661445617675781
                    ],
                    [
                        2.752258539199829,
                        0.05749639868736267,
                        -2.5008318424224854
                    ],
                    [
                        2.13083553314209,
                        0.11297938227653503,
                        -2.1647515296936035
                    ],
                    [
                        2.697364330291748,
                        0.1731744259595871,
                        -2.040433168411255
                    ],
                    [
                        1.7185238599777222,
                        0.16042116284370422,
                        -2.087153673171997
                    ],
                    [
                        1.5927995443344116,
                        0.7217114567756653,
                        -2.02331280708313
                    ],
                    [
                        2.860738515853882,
                        0.02191382646560669,
                        -2.3337268829345703
                    ],
                    [
                        2.756833076477051,
                        -0.24885569512844086,
                        -2.3817138671875
                    ],
                    [
                        2.6886985301971436,
                        0.17263668775558472,
                        -2.3918378353118896
                    ],
                    [
                        3.0987794399261475,
                        -0.002521008253097534,
                        -2.0518174171447754
                    ],
                    [
                        2.915109872817993,
                        0.019258156418800354,
                        -2.5467703342437744
                    ]
                ]
            ],
            "actions_pred": [
                [
                    [
                        3.0090503692626953,
                        2.338426351547241,
                        2.620250940322876,
                        2.7119388580322266,
                        2.2979342937469482,
                        1.7427151203155518,
                        2.953735589981079,
                        2.4567995071411133,
                        2.749195098876953,
                        2.1911540031433105,
                        2.752258539199829,
                        2.13083553314209,
                        2.697364330291748,
                        1.7185238599777222,
                        1.5927995443344116,
                        2.860738515853882,
                        2.756833076477051,
                        2.6886985301971436,
                        3.0987794399261475,
                        2.915109872817993
                    ],
                    [
                        0.033343106508255005,
                        0.026679858565330505,
                        0.11101225018501282,
                        0.16562123596668243,
                        0.5466638207435608,
                        0.7563707232475281,
                        0.26331135630607605,
                        0.3598921000957489,
                        0.022920608520507812,
                        0.4605339467525482,
                        0.05749639868736267,
                        0.11297938227653503,
                        0.1731744259595871,
                        0.16042116284370422,
                        0.7217114567756653,
                        0.02191382646560669,
                        -0.24885569512844086,
                        0.17263668775558472,
                        -0.002521008253097534,
                        0.019258156418800354
                    ],
                    [
                        -2.093294382095337,
                        -2.370879650115967,
                        -2.190748453140259,
                        -2.2053756713867188,
                        -2.001756191253662,
                        -2.2883119583129883,
                        -2.351924419403076,
                        -2.511791467666626,
                        -2.4096176624298096,
                        -1.9661445617675781,
                        -2.5008318424224854,
                        -2.1647515296936035,
                        -2.040433168411255,
                        -2.087153673171997,
                        -2.02331280708313,
                        -2.3337268829345703,
                        -2.3817138671875,
                        -2.3918378353118896,
                        -2.0518174171447754,
                        -2.5467703342437744
                    ]
                ]
            ],
            "states": [
                [
                    [
                        1.0,
                        45000.0,
                        43909.0,
                        60000.0,
                        63414504.0,
                        0.0,
                        5879146.0,
                        0.0
                    ],
                    [
                        0.0,
                        0.0,
                        582472832.0,
                        190000.0,
                        6106553344.0,
                        0.0,
                        6499065.0,
                        63.0
                    ],
                    [
                        1.0,
                        45000.0,
                        43909.0,
                        60000.0,
                        63458412.0,
                        0.0,
                        5880646.0,
                        0.0
                    ],
                    [
                        1.0,
                        45000.0,
                        43909.0,
                        60000.0,
                        63502320.0,
                        0.0,
                        5882146.0,
                        0.0
                    ],
                    [
                        0.0,
                        0.0,
                        582472832.0,
                        190000.0,
                        0.0,
                        0.0,
                        6500565.0,
                        63.0
                    ],
                    [
                        1.0,
                        15000.0,
                        0.0,
                        20000.0,
                        0.0,
                        0.0,
                        5900146.0,
                        0.0
                    ],
                    [
                        0.0,
                        0.0,
                        616027264.0,
                        180000.0,
                        4736286720.0,
                        0.0,
                        6509669.0,
                        64.0
                    ],
                    [
                        1.0,
                        15000.0,
                        0.0,
                        20000.0,
                        0.0,
                        0.0,
                        5901646.0,
                        0.0
                    ],
                    [
                        0.0,
                        0.0,
                        616027264.0,
                        180000.0,
                        5352313856.0,
                        0.0,
                        6511169.0,
                        64.0
                    ],
                    [
                        1.0,
                        15000.0,
                        0.0,
                        40000.0,
                        0.0,
                        0.0,
                        5903146.0,
                        0.0
                    ],
                    [
                        0.0,
                        0.0,
                        616027264.0,
                        180000.0,
                        4736286720.0,
                        0.0,
                        6509669.0,
                        64.0
                    ],
                    [
                        1.0,
                        15000.0,
                        0.0,
                        20000.0,
                        0.0,
                        0.0,
                        5901646.0,
                        0.0
                    ],
                    [
                        0.0,
                        0.0,
                        616027264.0,
                        180000.0,
                        5352313856.0,
                        0.0,
                        6511169.0,
                        64.0
                    ],
                    [
                        1.0,
                        15000.0,
                        0.0,
                        40000.0,
                        0.0,
                        0.0,
                        5903146.0,
                        0.0
                    ],
                    [
                        0.0,
                        0.0,
                        616027264.0,
                        220000.0,
                        0.0,
                        0.0,
                        6511221.0,
                        64.0
                    ],
                    [
                        0.0,
                        0.0,
                        658976896.0,
                        230000.0,
                        6503869952.0,
                        0.0,
                        6521877.0,
                        65.0
                    ],
                    [
                        0.0,
                        0.0,
                        658976896.0,
                        230000.0,
                        7162846720.0,
                        0.0,
                        6521929.0,
                        65.0
                    ],
                    [
                        0.0,
                        0.0,
                        658976896.0,
                        230000.0,
                        7821823488.0,
                        0.0,
                        6521981.0,
                        65.0
                    ],
                    [
                        0.0,
                        0.0,
                        658976896.0,
                        230000.0,
                        8480800256.0,
                        0.0,
                        6523481.0,
                        65.0
                    ],
                    [
                        0.0,
                        0.0,
                        658976896.0,
                        230000.0,
                        9139777536.0,
                        0.0,
                        6523533.0,
                        65.0
                    ]
                ]
            ],
            "actions": [
                [
                    [
                        0.3333333432674408
                    ],
                    [
                        0.3333333432674408
                    ],
                    [
                        0.3333333432674408
                    ],
                    [
                        0.3333333432674408
                    ],
                    [
                        0.6666666865348816
                    ],
                    [
                        0.3333333432674408
                    ],
                    [
                        0.3333333432674408
                    ],
                    [
                        0.3333333432674408
                    ],
                    [
                        0.3333333432674408
                    ],
                    [
                        0.3333333432674408
                    ],
                    [
                        0.3333333432674408
                    ],
                    [
                        0.3333333432674408
                    ],
                    [
                        0.3333333432674408
                    ],
                    [
                        0.3333333432674408
                    ],
                    [
                        0.6666666865348816
                    ],
                    [
                        0.3333333432674408
                    ],
                    [
                        0.3333333432674408
                    ],
                    [
                        0.3333333432674408
                    ],
                    [
                        0.3333333432674408
                    ],
                    [
                        0.3333333432674408
                    ]
                ]
            ],
            "returns": [
                [
                    [
                        0.28329166769981384
                    ],
                    [
                        0.28304165601730347
                    ],
                    [
                        0.28224998712539673
                    ],
                    [
                        0.28200000524520874
                    ],
                    [
                        0.28174999356269836
                    ],
                    [
                        0.2809583246707916
                    ],
                    [
                        0.28087499737739563
                    ],
                    [
                        0.2801249921321869
                    ],
                    [
                        0.2800416648387909
                    ],
                    [
                        0.27929165959358215
                    ],
                    [
                        0.27912500500679016
                    ],
                    [
                        0.2783749997615814
                    ],
                    [
                        0.2782916724681854
                    ],
                    [
                        0.2775416672229767
                    ],
                    [
                        0.2773750126361847
                    ],
                    [
                        0.2764583230018616
                    ],
                    [
                        0.27549999952316284
                    ],
                    [
                        0.2745416760444641
                    ],
                    [
                        0.273583322763443
                    ],
                    [
                        0.27262499928474426
                    ]
                ]
            ],
            "timesteps": [
                [
                    640,
                    641,
                    642,
                    643,
                    644,
                    645,
                    646,
                    647,
                    648,
                    649,
                    650,
                    651,
                    652,
                    653,
                    654,
                    655,
                    656,
                    657,
                    658,
                    659
                ]
            ],
            "labels": [
                [
                    0,
                    0,
                    0,
                    0,
                    1,
                    0,
                    0,
                    0,
                    0,
                    0,
                    0,
                    0,
                    0,
                    0,
                    1,
                    0,
                    0,
                    0,
                    0,
                    0
                ]
            ],
            "CPU Usage": 4.2,
            "RAM Usage": 17.4,
            "GPU Usage": 41.0,
            "VRAM Usage": 15400.0,
            "Disk Read Speed (MB/s)": 75057177.68652344,
            "Disk Write Speed (MB/s)": 506878126.20410156
        },
        {
            "step": 1,
            "train_loss": 0.07125386595726013,
            "actions_pred1": [
                [
                    [
                        2.439742088317871,
                        0.03271549940109253,
                        -2.0440218448638916
                    ],
                    [
                        2.3100507259368896,
                        -0.05943754315376282,
                        -2.223722219467163
                    ],
                    [
                        2.5785739421844482,
                        0.07317820191383362,
                        -1.9927868843078613
                    ],
                    [
                        2.5696237087249756,
                        -0.06252780556678772,
                        -1.7046936750411987
                    ],
                    [
                        2.9941205978393555,
                        -0.22412902116775513,
                        -2.158846855163574
                    ],
                    [
                        2.7595937252044678,
                        0.04231072962284088,
                        -1.740243911743164
                    ],
                    [
                        2.6872637271881104,
                        0.24081367254257202,
                        -1.9716252088546753
                    ],
                    [
                        2.6866140365600586,
                        0.01110994815826416,
                        -2.0096089839935303
                    ],
                    [
                        2.5695960521698,
                        0.271641343832016,
                        -1.950125813484192
                    ],
                    [
                        2.8164141178131104,
                        0.17200925946235657,
                        -1.7697898149490356
                    ],
                    [
                        2.6646728515625,
                        0.2577212154865265,
                        -2.156703233718872
                    ],
                    [
                        2.5889265537261963,
                        0.33128464221954346,
                        -1.9448860883712769
                    ],
                    [
                        2.447526216506958,
                        0.12796221673488617,
                        -1.9030683040618896
                    ],
                    [
                        2.454152822494507,
                        0.3766595721244812,
                        -2.201401710510254
                    ],
                    [
                        2.5341577529907227,
                        0.2350081503391266,
                        -1.962553858757019
                    ],
                    [
                        2.3348774909973145,
                        0.3946177065372467,
                        -1.8336305618286133
                    ],
                    [
                        2.5577173233032227,
                        0.34611496329307556,
                        -2.029413938522339
                    ],
                    [
                        2.649601936340332,
                        0.17007339000701904,
                        -1.9174659252166748
                    ],
                    [
                        2.4916555881500244,
                        0.4413262903690338,
                        -1.9290614128112793
                    ],
                    [
                        2.4395596981048584,
                        0.29617956280708313,
                        -1.8895044326782227
                    ]
                ]
            ],
            "actions_pred": [
                [
                    [
                        2.439742088317871,
                        2.3100507259368896,
                        2.5785739421844482,
                        2.5696237087249756,
                        2.9941205978393555,
                        2.7595937252044678,
                        2.6872637271881104,
                        2.6866140365600586,
                        2.5695960521698,
                        2.8164141178131104,
                        2.6646728515625,
                        2.5889265537261963,
                        2.447526216506958,
                        2.454152822494507,
                        2.5341577529907227,
                        2.3348774909973145,
                        2.5577173233032227,
                        2.649601936340332,
                        2.4916555881500244,
                        2.4395596981048584
                    ],
                    [
                        0.03271549940109253,
                        -0.05943754315376282,
                        0.07317820191383362,
                        -0.06252780556678772,
                        -0.22412902116775513,
                        0.04231072962284088,
                        0.24081367254257202,
                        0.01110994815826416,
                        0.271641343832016,
                        0.17200925946235657,
                        0.2577212154865265,
                        0.33128464221954346,
                        0.12796221673488617,
                        0.3766595721244812,
                        0.2350081503391266,
                        0.3946177065372467,
                        0.34611496329307556,
                        0.17007339000701904,
                        0.4413262903690338,
                        0.29617956280708313
                    ],
                    [
                        -2.0440218448638916,
                        -2.223722219467163,
                        -1.9927868843078613,
                        -1.7046936750411987,
                        -2.158846855163574,
                        -1.740243911743164,
                        -1.9716252088546753,
                        -2.0096089839935303,
                        -1.950125813484192,
                        -1.7697898149490356,
                        -2.156703233718872,
                        -1.9448860883712769,
                        -1.9030683040618896,
                        -2.201401710510254,
                        -1.962553858757019,
                        -1.8336305618286133,
                        -2.029413938522339,
                        -1.9174659252166748,
                        -1.9290614128112793,
                        -1.8895044326782227
                    ]
                ]
            ],
            "states": [
                [
                    [
                        0.0,
                        0.0,
                        114919328.0,
                        60000.0,
                        17688748032.0,
                        0.0,
                        2853037.0,
                        4.0
                    ],
                    [
                        0.0,
                        0.0,
                        114919328.0,
                        60000.0,
                        17803667456.0,
                        0.0,
                        2854537.0,
                        4.0
                    ],
                    [
                        0.0,
                        0.0,
                        114919328.0,
                        60000.0,
                        17918584832.0,
                        0.0,
                        2856037.0,
                        4.0
                    ],
                    [
                        0.0,
                        0.0,
                        114919328.0,
                        60000.0,
                        18033504256.0,
                        0.0,
                        2857537.0,
                        4.0
                    ],
                    [
                        0.0,
                        0.0,
                        114919328.0,
                        60000.0,
                        18148423680.0,
                        0.0,
                        2859037.0,
                        4.0
                    ],
                    [
                        0.0,
                        0.0,
                        114919328.0,
                        60000.0,
                        18952859648.0,
                        0.0,
                        2869537.0,
                        4.0
                    ],
                    [
                        0.0,
                        0.0,
                        114919328.0,
                        60000.0,
                        19067779072.0,
                        0.0,
                        2871037.0,
                        4.0
                    ],
                    [
                        0.0,
                        0.0,
                        114919328.0,
                        60000.0,
                        19182698496.0,
                        0.0,
                        2872537.0,
                        4.0
                    ],
                    [
                        0.0,
                        0.0,
                        114919328.0,
                        60000.0,
                        19297617920.0,
                        0.0,
                        2874037.0,
                        4.0
                    ],
                    [
                        0.0,
                        0.0,
                        114919328.0,
                        60000.0,
                        19412537344.0,
                        0.0,
                        2875537.0,
                        4.0
                    ],
                    [
                        0.0,
                        0.0,
                        114919328.0,
                        60000.0,
                        19067779072.0,
                        0.0,
                        2871037.0,
                        4.0
                    ],
                    [
                        0.0,
                        0.0,
                        114919328.0,
                        60000.0,
                        19182698496.0,
                        0.0,
                        2872537.0,
                        4.0
                    ],
                    [
                        0.0,
                        0.0,
                        114919328.0,
                        60000.0,
                        19297617920.0,
                        0.0,
                        2874037.0,
                        4.0
                    ],
                    [
                        0.0,
                        0.0,
                        114919328.0,
                        60000.0,
                        19412537344.0,
                        0.0,
                        2875537.0,
                        4.0
                    ],
                    [
                        0.0,
                        0.0,
                        114919328.0,
                        60000.0,
                        19527456768.0,
                        0.0,
                        2877037.0,
                        4.0
                    ],
                    [
                        0.0,
                        0.0,
                        281349312.0,
                        150000.0,
                        12424854528.0,
                        0.0,
                        2991573.0,
                        5.0
                    ],
                    [
                        0.0,
                        0.0,
                        281349312.0,
                        150000.0,
                        12706203648.0,
                        0.0,
                        2993073.0,
                        5.0
                    ],
                    [
                        0.0,
                        0.0,
                        281349312.0,
                        150000.0,
                        12987552768.0,
                        0.0,
                        2993125.0,
                        5.0
                    ],
                    [
                        0.0,
                        0.0,
                        281349312.0,
                        150000.0,
                        13268901888.0,
                        0.0,
                        2993177.0,
                        5.0
                    ],
                    [
                        0.0,
                        0.0,
                        281349312.0,
                        150000.0,
                        13550251008.0,
                        0.0,
                        2994677.0,
                        5.0
                    ]
                ]
            ],
            "actions": [
                [
                    [
                        0.3333333432674408
                    ],
                    [
                        0.3333333432674408
                    ],
                    [
                        0.3333333432674408
                    ],
                    [
                        0.3333333432674408
                    ],
                    [
                        0.3333333432674408
                    ],
                    [
                        1.0
                    ],
                    [
                        1.0
                    ],
                    [
                        1.0
                    ],
                    [
                        1.0
                    ],
                    [
                        1.0
                    ],
                    [
                        1.0
                    ],
                    [
                        1.0
                    ],
                    [
                        1.0
                    ],
                    [
                        1.0
                    ],
                    [
                        0.6666666865348816
                    ],
                    [
                        0.3333333432674408
                    ],
                    [
                        0.3333333432674408
                    ],
                    [
                        0.3333333432674408
                    ],
                    [
                        0.3333333432674408
                    ],
                    [
                        0.3333333432674408
                    ]
                ]
            ],
            "returns": [
                [
                    [
                        0.6083333492279053
                    ],
                    [
                        0.6080833077430725
                    ],
                    [
                        0.6078333258628845
                    ],
                    [
                        0.6075833439826965
                    ],
                    [
                        0.6073333621025085
                    ],
                    [
                        0.6070833206176758
                    ],
                    [
                        0.6068333387374878
                    ],
                    [
                        0.6065833568572998
                    ],
                    [
                        0.606333315372467
                    ],
                    [
                        0.606083333492279
                    ],
                    [
                        0.6058333516120911
                    ],
                    [
                        0.6055833101272583
                    ],
                    [
                        0.6053333282470703
                    ],
                    [
                        0.6050833463668823
                    ],
                    [
                        0.6048333048820496
                    ],
                    [
                        0.6045833230018616
                    ],
                    [
                        0.6039583086967468
                    ],
                    [
                        0.6033333539962769
                    ],
                    [
                        0.6027083396911621
                    ],
                    [
                        0.6020833253860474
                    ]
                ]
            ],
            "timesteps": [
                [
                    40,
                    41,
                    42,
                    43,
                    44,
                    45,
                    46,
                    47,
                    48,
                    49,
                    50,
                    51,
                    52,
                    53,
                    54,
                    55,
                    56,
                    57,
                    58,
                    59
                ]
            ],
            "labels": [
                [
                    0,
                    0,
                    0,
                    0,
                    0,
                    2,
                    2,
                    2,
                    2,
                    2,
                    2,
                    2,
                    2,
                    2,
                    1,
                    0,
                    0,
                    0,
                    0,
                    0
                ]
            ],
            "CPU Usage": 5.2,
            "RAM Usage": 17.4,
            "GPU Usage": 81.0,
            "VRAM Usage": 15400.0,
            "Disk Read Speed (MB/s)": 75057177.68652344,
            "Disk Write Speed (MB/s)": 506878126.2236328
        },
        {
            "step": 2,
            "train_loss": 0.008575034327805042,
            "actions_pred1": [
                [
                    [
                        2.3203961849212646,
                        0.19335418939590454,
                        -1.4276334047317505
                    ],
                    [
                        2.167484760284424,
                        0.25922515988349915,
                        -1.439287543296814
                    ],
                    [
                        2.5457708835601807,
                        0.12289926409721375,
                        -1.6692348718643188
                    ],
                    [
                        2.3397154808044434,
                        0.04377216100692749,
                        -1.6609547138214111
                    ],
                    [
                        2.457064151763916,
                        -0.14967535436153412,
                        -1.9522466659545898
                    ],
                    [
                        2.7906582355499268,
                        0.0063211023807525635,
                        -1.7858083248138428
                    ],
                    [
                        2.35172438621521,
                        0.03460139036178589,
                        -2.052067756652832
                    ],
                    [
                        2.242249011993408,
                        0.029943063855171204,
                        -2.0998706817626953
                    ],
                    [
                        2.3440442085266113,
                        0.027142956852912903,
                        -2.431570291519165
                    ],
                    [
                        2.2766218185424805,
                        0.055496856570243835,
                        -2.12817120552063
                    ],
                    [
                        2.631495714187622,
                        -0.054580509662628174,
                        -2.2859365940093994
                    ],
                    [
                        2.03169322013855,
                        0.10333475470542908,
                        -2.2040581703186035
                    ],
                    [
                        2.3519394397735596,
                        -0.03171278536319733,
                        -2.255033254623413
                    ],
                    [
                        2.240307092666626,
                        0.09763838350772858,
                        -2.041853427886963
                    ],
                    [
                        2.224545955657959,
                        0.15901003777980804,
                        -1.969510793685913
                    ],
                    [
                        2.288661003112793,
                        -0.04189276695251465,
                        -2.0763251781463623
                    ],
                    [
                        2.37609601020813,
                        0.19422446191310883,
                        -2.03639817237854
                    ],
                    [
                        2.612905502319336,
                        0.1053948849439621,
                        -2.2050344944000244
                    ],
                    [
                        2.404876470565796,
                        0.04540319740772247,
                        -2.3217873573303223
                    ],
                    [
                        1.8026394844055176,
                        1.0017297267913818,
                        -1.6994965076446533
                    ]
                ]
            ],
            "actions_pred": [
                [
                    [
                        2.3203961849212646,
                        2.167484760284424,
                        2.5457708835601807,
                        2.3397154808044434,
                        2.457064151763916,
                        2.7906582355499268,
                        2.35172438621521,
                        2.242249011993408,
                        2.3440442085266113,
                        2.2766218185424805,
                        2.631495714187622,
                        2.03169322013855,
                        2.3519394397735596,
                        2.240307092666626,
                        2.224545955657959,
                        2.288661003112793,
                        2.37609601020813,
                        2.612905502319336,
                        2.404876470565796,
                        1.8026394844055176
                    ],
                    [
