{
    "steps": [
        {
            "step": 0,
            "train_loss": 0.0120887141674757,
            "actions_pred1": [
                [
                    [
                        1.8981430530548096,
                        -0.17470906674861908,
                        -0.45874571800231934
                    ],
                    [
                        1.7849102020263672,
                        -0.14308865368366241,
                        -0.47430750727653503
                    ],
                    [
                        2.0874521732330322,
                        -0.24581845104694366,
                        -0.5742700695991516
                    ],
                    [
                        1.9913257360458374,
                        -0.3127833902835846,
                        -0.46414536237716675
                    ],
                    [
                        2.0606138706207275,
                        -0.47623416781425476,
                        -0.6626351475715637
                    ],
                    [
                        2.3929519653320312,
                        -0.42669910192489624,
                        -0.5792962312698364
                    ],
                    [
                        2.1029603481292725,
                        -0.41359782218933105,
                        -0.7780635952949524
                    ],
                    [
                        2.02462100982666,
                        -0.416745662689209,
                        -0.7697514295578003
                    ],
                    [
                        2.0169177055358887,
                        -0.3637348711490631,
                        -1.0375820398330688
                    ],
                    [
                        2.0755155086517334,
                        -0.4334748089313507,
                        -0.8120978474617004
                    ],
                    [
                        2.380383014678955,
                        -0.664686381816864,
                        -1.0115423202514648
                    ],
                    [
                        1.6378446817398071,
                        -0.3584331274032593,
                        -1.0509164333343506
                    ],
                    [
                        2.0775113105773926,
                        -0.5277774333953857,
                        -0.9105919003486633
                    ],
                    [
                        2.111219882965088,
                        -0.42843031883239746,
                        -0.7972427010536194
                    ],
                    [
                        2.0192792415618896,
                        -0.33310458064079285,
                        -0.697729229927063
                    ],
                    [
                        2.0997824668884277,
                        -0.47063422203063965,
                        -0.8002181053161621
                    ],
                    [
                        2.1833338737487793,
                        -0.3608114719390869,
                        -0.7906203269958496
                    ],
                    [
                        2.3357112407684326,
                        -0.4052162170410156,
                        -0.836480975151062
                    ],
                    [
                        2.1346819400787354,
                        -0.4711882174015045,
                        -1.003801703453064
                    ],
                    [
                        2.3351306915283203,
                        -0.13629166781902313,
                        -0.5623282194137573
                    ]
                ]
            ],
            "actions_pred": [
                [
                    [
                        1.8981430530548096,
                        1.7849102020263672,
                        2.0874521732330322,
                        1.9913257360458374,
                        2.0606138706207275,
                        2.3929519653320312,
                        2.1029603481292725,
                        2.02462100982666,
                        2.0169177055358887,
                        2.0755155086517334,
                        2.380383014678955,
                        1.6378446817398071,
                        2.0775113105773926,
                        2.111219882965088,
                        2.0192792415618896,
                        2.0997824668884277,
                        2.1833338737487793,
                        2.3357112407684326,
                        2.1346819400787354,
                        2.3351306915283203
                    ],
                    [
                        -0.17470906674861908,
                        -0.14308865368366241,
                        -0.24581845104694366,
                        -0.3127833902835846,
                        -0.47623416781425476,
                        -0.42669910192489624,
                        -0.41359782218933105,
                        -0.416745662689209,
                        -0.3637348711490631,
                        -0.4334748089313507,
                        -0.664686381816864,
                        -0.3584331274032593,
                        -0.5277774333953857,
                        -0.42843031883239746,
                        -0.33310458064079285,
                        -0.47063422203063965,
                        -0.3608114719390869,
                        -0.4052162170410156,
                        -0.4711882174015045,
                        -0.13629166781902313
                    ],
                    [
                        -0.45874571800231934,
                        -0.47430750727653503,
                        -0.5742700695991516,
                        -0.46414536237716675,
                        -0.6626351475715637,
                        -0.5792962312698364,
                        -0.7780635952949524,
                        -0.7697514295578003,
                        -1.0375820398330688,
                        -0.8120978474617004,
                        -1.0115423202514648,
                        -1.0509164333343506,
                        -0.9105919003486633,
                        -0.7972427010536194,
                        -0.697729229927063,
                        -0.8002181053161621,
                        -0.7906203269958496,
                        -0.836480975151062,
                        -1.003801703453064,
                        -0.5623282194137573
                    ]
                ]
            ],
            "states": [
                [
                    [
                        0.0,
                        0.0,
                        362267936.0,
                        180000.0,
                        16417097728.0,
                        0.0,
                        10191985.0,
                        116.0
                    ],
                    [
                        0.0,
                        0.0,
                        362267936.0,
                        180000.0,
                        16779366400.0,
                        0.0,
                        10193485.0,
                        116.0
                    ],
                    [
                        0.0,
                        0.0,
                        362267936.0,
                        180000.0,
                        17141634048.0,
                        0.0,
                        10194985.0,
                        116.0
                    ],
                    [
                        0.0,
                        0.0,
                        362267936.0,
                        180000.0,
                        17503901696.0,
                        0.0,
                        10196485.0,
                        116.0
                    ],
                    [
                        0.0,
                        0.0,
                        362267936.0,
                        180000.0,
                        17866170368.0,
                        0.0,
                        10197985.0,
                        116.0
                    ],
                    [
                        0.0,
                        0.0,
                        362267936.0,
                        180000.0,
                        16779366400.0,
                        0.0,
                        10193485.0,
                        116.0
                    ],
                    [
                        0.0,
                        0.0,
                        362267936.0,
                        180000.0,
                        17141634048.0,
                        0.0,
                        10194985.0,
                        116.0
                    ],
                    [
                        0.0,
                        0.0,
                        362267936.0,
                        180000.0,
                        17503901696.0,
                        0.0,
                        10196485.0,
                        116.0
                    ],
                    [
                        0.0,
                        0.0,
                        362267936.0,
                        180000.0,
                        17866170368.0,
                        0.0,
                        10197985.0,
                        116.0
                    ],
                    [
                        0.0,
                        0.0,
                        405217600.0,
                        190000.0,
                        18271387648.0,
                        0.0,
                        10198037.0,
                        116.0
                    ],
                    [
                        0.0,
                        0.0,
                        491116928.0,
                        150000.0,
                        13573866496.0,
                        0.0,
                        10240141.0,
                        117.0
                    ],
                    [
                        0.0,
                        0.0,
                        491116928.0,
                        120000.0,
                        14064984064.0,
                        0.0,
                        10240193.0,
                        117.0
                    ],
                    [
                        0.0,
                        0.0,
                        491116928.0,
                        120000.0,
                        14556100608.0,
                        0.0,
                        10241693.0,
                        117.0
                    ],
                    [
                        0.0,
                        0.0,
                        491116928.0,
                        120000.0,
                        15047218176.0,
                        0.0,
                        10243193.0,
                        117.0
                    ],
                    [
                        0.0,
                        0.0,
                        331397856.0,
                        120000.0,
                        15378615296.0,
                        0.0,
                        10243245.0,
                        117.0
                    ],
                    [
                        0.0,
                        0.0,
                        491116928.0,
                        120000.0,
                        14064984064.0,
                        0.0,
                        10240193.0,
                        117.0
                    ],
                    [
                        0.0,
                        0.0,
                        491116928.0,
                        120000.0,
                        14556100608.0,
                        0.0,
                        10241693.0,
                        117.0
                    ],
                    [
                        0.0,
                        0.0,
                        491116928.0,
                        120000.0,
                        15047218176.0,
                        0.0,
                        10243193.0,
                        117.0
                    ],
                    [
                        0.0,
                        0.0,
                        331397856.0,
                        120000.0,
                        15378615296.0,
                        0.0,
                        10243245.0,
                        117.0
                    ],
                    [
                        0.0,
                        0.0,
                        331397856.0,
                        120000.0,
                        0.0,
                        0.0,
                        10243297.0,
                        117.0
                    ]
                ]
            ],
            "actions": [
                [
                    [
                        0.3333333432674408
                    ],
                    [
                        0.3333333432674408
                    ],
                    [
                        0.3333333432674408
                    ],
                    [
                        0.3333333432674408
                    ],
                    [
                        0.3333333432674408
                    ],
                    [
                        0.3333333432674408
                    ],
                    [
                        0.3333333432674408
                    ],
                    [
                        0.3333333432674408
                    ],
                    [
                        0.3333333432674408
                    ],
                    [
                        0.6666666865348816
                    ],
                    [
                        0.3333333432674408
                    ],
                    [
                        0.3333333432674408
                    ],
                    [
                        0.3333333432674408
                    ],
                    [
                        0.3333333432674408
                    ],
                    [
                        0.3333333432674408
                    ],
                    [
                        0.3333333432674408
                    ],
                    [
                        0.3333333432674408
                    ],
                    [
                        0.3333333432674408
                    ],
                    [
                        0.3333333432674408
                    ],
                    [
                        0.6666666865348816
                    ]
                ]
            ],
            "returns": [
                [
                    [
                        0.06941666454076767
                    ],
                    [
                        0.06866666674613953
                    ],
                    [
                        0.06791666895151138
                    ],
                    [
                        0.06716666370630264
                    ],
                    [
                        0.0664166659116745
                    ],
                    [
                        0.06566666811704636
                    ],
                    [
                        0.06491667032241821
                    ],
                    [
                        0.06416666507720947
                    ],
                    [
                        0.06341666728258133
                    ],
                    [
                        0.06266666948795319
                    ],
                    [
                        0.06187500059604645
                    ],
                    [
                        0.061250001192092896
                    ],
                    [
                        0.060750000178813934
                    ],
                    [
                        0.06024999916553497
                    ],
                    [
                        0.05974999815225601
                    ],
                    [
                        0.05925000086426735
                    ],
                    [
                        0.05874999985098839
                    ],
                    [
                        0.05824999883770943
                    ],
                    [
                        0.057750001549720764
                    ],
                    [
                        0.0572500005364418
                    ]
                ]
            ],
            "timesteps": [
                [
                    1220,
                    1221,
                    1222,
                    1223,
                    1224,
                    1225,
                    1226,
                    1227,
                    1228,
                    1229,
                    1230,
                    1231,
                    1232,
                    1233,
                    1234,
                    1235,
                    1236,
                    1237,
                    1238,
                    1239
                ]
            ],
            "labels": [
                [
                    0,
                    0,
                    0,
                    0,
                    0,
                    0,
                    0,
                    0,
                    0,
                    1,
                    0,
                    0,
                    0,
                    0,
                    0,
                    0,
                    0,
                    0,
                    0,
                    1
                ]
            ],
            "CPU Usage": 5.3,
            "RAM Usage": 17.4,
            "GPU Usage": 41.0,
            "VRAM Usage": 15400.0,
            "Disk Read Speed (MB/s)": 75057177.68652344,
            "Disk Write Speed (MB/s)": 506878045.8876953
        },
        {
            "step": 1,
            "train_loss": 0.011718636378645897,
            "actions_pred1": [
                [
                    [
                        0.7216430902481079,
                        -0.05866677686572075,
                        -0.7096164226531982
                    ],
                    [
                        1.2485257387161255,
                        -0.14261533319950104,
                        -0.7382051944732666
                    ],
                    [
                        1.474962592124939,
                        -0.1072511225938797,
                        -0.7305420637130737
                    ],
                    [
                        1.6516023874282837,
                        -0.1899859756231308,
                        -0.6918393969535828
                    ],
                    [
                        1.4779857397079468,
                        -0.16250447928905487,
                        -0.5896797180175781
                    ],
                    [
                        2.3485114574432373,
                        -0.47162702679634094,
                        -0.7540720105171204
                    ],
                    [
                        2.1002724170684814,
                        -0.31257516145706177,
                        -0.8372952342033386
                    ],
                    [
                        2.1494204998016357,
                        -0.26389771699905396,
                        -0.803260862827301
                    ],
                    [
                        2.124467372894287,
                        -0.4060274660587311,
                        -0.9282968044281006
                    ],
                    [
                        2.100346565246582,
                        -0.37755560874938965,
                        -1.0459152460098267
                    ],
                    [
                        2.2518961429595947,
                        -0.3544747829437256,
                        -1.0754594802856445
                    ],
                    [
                        2.1728053092956543,
                        -0.07422889769077301,
                        -1.2567780017852783
                    ],
                    [
                        1.9839608669281006,
                        -0.24840082228183746,
                        -0.8698278665542603
                    ],
                    [
                        2.056807279586792,
                        -0.19707955420017242,
                        -0.9781239032745361
                    ],
                    [
                        2.060840368270874,
                        -0.3282146453857422,
                        -0.8378337621688843
                    ],
                    [
                        2.0315945148468018,
                        -0.365750253200531,
                        -0.9443313479423523
                    ],
                    [
                        2.02044415473938,
                        -0.3174489736557007,
                        -1.0534335374832153
                    ],
                    [
                        2.2373321056365967,
                        -0.36939769983291626,
                        -0.6840624809265137
                    ],
                    [
                        2.4142563343048096,
                        -0.3724208176136017,
                        -1.0056047439575195
                    ],
                    [
                        2.328474998474121,
                        -0.5274533033370972,
                        -0.9836077690124512
                    ]
                ]
            ],
            "actions_pred": [
                [
                    [
                        0.7216430902481079,
                        1.2485257387161255,
                        1.474962592124939,
                        1.6516023874282837,
                        1.4779857397079468,
                        2.3485114574432373,
                        2.1002724170684814,
                        2.1494204998016357,
                        2.124467372894287,
                        2.100346565246582,
                        2.2518961429595947,
                        2.1728053092956543,
                        1.9839608669281006,
                        2.056807279586792,
                        2.060840368270874,
                        2.0315945148468018,
                        2.02044415473938,
                        2.2373321056365967,
                        2.4142563343048096,
                        2.328474998474121
                    ],
                    [
                        -0.05866677686572075,
                        -0.14261533319950104,
                        -0.1072511225938797,
                        -0.1899859756231308,
                        -0.16250447928905487,
                        -0.47162702679634094,
                        -0.31257516145706177,
                        -0.26389771699905396,
                        -0.4060274660587311,
                        -0.37755560874938965,
                        -0.3544747829437256,
                        -0.07422889769077301,
                        -0.24840082228183746,
                        -0.19707955420017242,
                        -0.3282146453857422,
                        -0.365750253200531,
                        -0.3174489736557007,
                        -0.36939769983291626,
                        -0.3724208176136017,
                        -0.5274533033370972
                    ],
                    [
                        -0.7096164226531982,
                        -0.7382051944732666,
                        -0.7305420637130737,
                        -0.6918393969535828,
                        -0.5896797180175781,
                        -0.7540720105171204,
                        -0.8372952342033386,
                        -0.803260862827301,
                        -0.9282968044281006,
                        -1.0459152460098267,
                        -1.0754594802856445,
                        -1.2567780017852783,
                        -0.8698278665542603,
                        -0.9781239032745361,
                        -0.8378337621688843,
                        -0.9443313479423523,
                        -1.0534335374832153,
                        -0.6840624809265137,
                        -1.0056047439575195,
                        -0.9836077690124512
                    ]
                ]
            ],
            "states": [
                [
                    [
                        1.0,
                        150000.0,
                        0.0,
                        30000.0,
                        0.0,
                        0.0,
                        2469646.0,
                        0.0
                    ],
                    [
                        0.0,
                        0.0,
                        565219776.0,
                        110000.0,
                        2248799488.0,
                        0.0,
                        3414469.0,
                        31.0
                    ],
                    [
                        1.0,
                        150000.0,
                        0.0,
                        30000.0,
                        0.0,
                        0.0,
                        2471146.0,
                        0.0
                    ],
                    [
                        0.0,
                        0.0,
                        565219776.0,
                        110000.0,
                        2814019328.0,
                        0.0,
                        3414541.0,
                        31.0
                    ],
                    [
                        0.0,
                        0.0,
                        565219776.0,
                        110000.0,
                        0.0,
                        0.0,
                        3416041.0,
                        31.0
                    ],
                    [
                        0.0,
                        0.0,
                        503479648.0,
                        90000.0,
                        6422934016.0,
                        0.0,
                        3416693.0,
                        32.0
                    ],
                    [
                        0.0,
                        0.0,
                        503479648.0,
                        90000.0,
                        6926413824.0,
                        0.0,
                        3416745.0,
                        32.0
                    ],
                    [
                        0.0,
                        0.0,
                        503479648.0,
                        90000.0,
                        7429893120.0,
                        0.0,
                        3416797.0,
                        32.0
                    ],
                    [
                        0.0,
                        0.0,
                        503479648.0,
                        90000.0,
                        7933372928.0,
                        0.0,
                        3416849.0,
                        32.0
                    ],
                    [
                        0.0,
                        0.0,
                        503479648.0,
                        90000.0,
                        8436852736.0,
                        0.0,
                        3416901.0,
                        32.0
                    ],
                    [
                        0.0,
                        0.0,
                        503479648.0,
                        90000.0,
                        6926413824.0,
                        0.0,
                        3416745.0,
                        32.0
                    ],
                    [
                        0.0,
                        0.0,
                        503479648.0,
                        90000.0,
                        7429893120.0,
                        0.0,
                        3416797.0,
                        32.0
                    ],
                    [
                        0.0,
                        0.0,
                        503479648.0,
                        90000.0,
                        7933372928.0,
                        0.0,
                        3416849.0,
                        32.0
                    ],
                    [
                        0.0,
                        0.0,
                        503479648.0,
                        90000.0,
                        8436852736.0,
                        0.0,
                        3416901.0,
                        32.0
                    ],
                    [
                        0.0,
                        0.0,
                        503479648.0,
                        90000.0,
                        0.0,
                        0.0,
                        3416953.0,
                        32.0
                    ],
                    [
                        0.0,
                        0.0,
                        546429312.0,
                        120000.0,
                        11837729792.0,
                        0.0,
                        3418485.0,
                        33.0
                    ],
                    [
                        0.0,
                        0.0,
                        546429312.0,
                        120000.0,
                        12384158720.0,
                        0.0,
                        3418557.0,
                        33.0
                    ],
                    [
                        0.0,
                        0.0,
                        546429312.0,
                        120000.0,
                        12930588672.0,
                        0.0,
                        3418629.0,
                        33.0
                    ],
                    [
                        0.0,
                        0.0,
                        546429312.0,
                        120000.0,
                        13477017600.0,
                        0.0,
                        3418709.0,
                        33.0
                    ],
                    [
                        0.0,
                        0.0,
                        546429312.0,
                        120000.0,
                        14023446528.0,
                        0.0,
                        3418761.0,
                        33.0
                    ]
                ]
            ],
            "actions": [
                [
                    [
                        0.3333333432674408
                    ],
                    [
                        0.3333333432674408
                    ],
                    [
                        0.3333333432674408
                    ],
                    [
                        0.3333333432674408
                    ],
                    [
                        0.6666666865348816
                    ],
                    [
                        0.3333333432674408
                    ],
                    [
                        0.3333333432674408
                    ],
                    [
                        0.3333333432674408
                    ],
                    [
                        0.3333333432674408
                    ],
                    [
                        0.3333333432674408
                    ],
                    [
                        0.3333333432674408
                    ],
                    [
                        0.3333333432674408
                    ],
                    [
                        0.3333333432674408
                    ],
                    [
                        0.3333333432674408
                    ],
                    [
                        0.6666666865348816
                    ],
                    [
                        0.3333333432674408
                    ],
                    [
                        0.3333333432674408
                    ],
                    [
                        0.3333333432674408
                    ],
                    [
                        0.3333333432674408
                    ],
                    [
                        0.3333333432674408
                    ]
                ]
            ],
            "returns": [
                [
                    [
                        0.44316667318344116
                    ],
                    [
                        0.4430416524410248
                    ],
                    [
                        0.4425833225250244
                    ],
                    [
                        0.4424583315849304
                    ],
                    [
                        0.44200000166893005
                    ],
                    [
                        0.4415416717529297
                    ],
                    [
                        0.4411666691303253
                    ],
                    [
                        0.44079166650772095
                    ],
                    [
                        0.4404166638851166
                    ],
                    [
                        0.4400416612625122
                    ],
                    [
                        0.43966665863990784
                    ],
                    [
                        0.43929165601730347
                    ],
                    [
                        0.4389166533946991
                    ],
                    [
                        0.4385416805744171
                    ],
                    [
                        0.43816667795181274
                    ],
                    [
                        0.4377916753292084
                    ],
                    [
                        0.4372916519641876
                    ],
                    [
                        0.43679165840148926
                    ],
                    [
                        0.4362916648387909
                    ],
                    [
                        0.43579167127609253
                    ]
                ]
            ],
            "timesteps": [
                [
                    320,
                    321,
                    322,
                    323,
                    324,
                    325,
                    326,
                    327,
                    328,
                    329,
                    330,
                    331,
                    332,
                    333,
                    334,
                    335,
                    336,
                    337,
                    338,
                    339
                ]
            ],
            "labels": [
                [
                    0,
                    0,
                    0,
                    0,
                    1,
                    0,
                    0,
                    0,
                    0,
                    0,
                    0,
                    0,
                    0,
                    0,
                    1,
                    0,
                    0,
                    0,
                    0,
                    0
                ]
            ],
            "CPU Usage": 4.9,
            "RAM Usage": 17.4,
            "GPU Usage": 42.0,
            "VRAM Usage": 15400.0,
            "Disk Read Speed (MB/s)": 75057177.68652344,
            "Disk Write Speed (MB/s)": 506878045.8876953
        },
        {
            "step": 2,
            "train_loss": 0.05260317772626877,
            "actions_pred1": [
                [
                    [
                        1.522323727607727,
                        0.0687154084444046,
                        -0.9964393377304077
                    ],
                    [
                        1.7190347909927368,
                        -0.2107560783624649,
                        -1.1400948762893677
                    ],
                    [
                        2.1662826538085938,
                        -0.15977342426776886,
                        -0.89899080991745
                    ],
                    [
                        2.128445625305176,
                        -0.3019895553588867,
                        -0.8276586532592773
                    ],
                    [
                        2.591892719268799,
                        -0.522403359413147,
                        -1.0426526069641113
                    ],
                    [
                        2.4340901374816895,
                        -0.3827778995037079,
                        -0.6657741069793701
                    ],
                    [
                        2.3912696838378906,
                        -0.289384126663208,
                        -0.8763840198516846
                    ],
                    [
                        2.4102087020874023,
                        -0.40772828459739685,
                        -0.8177376389503479
                    ],
                    [
                        2.392401695251465,
                        -0.34267014265060425,
                        -0.7100551128387451
                    ],
                    [
                        2.5479795932769775,
                        -0.35795316100120544,
                        -0.6136178970336914
                    ],
                    [
                        2.4768521785736084,
                        -0.3338707685470581,
                        -0.7855860590934753
                    ],
                    [
                        2.5221869945526123,
                        -0.32033398747444153,
                        -0.6435858607292175
                    ],
                    [
                        2.3358662128448486,
                        -0.46740809082984924,
                        -0.6467796564102173
                    ],
                    [
                        2.3460288047790527,
                        -0.35448169708251953,
                        -0.8768868446350098
                    ],
                    [
                        2.3765580654144287,
                        -0.39612919092178345,
                        -0.6742875576019287
                    ],
                    [
                        2.2166993618011475,
                        -0.22344394028186798,
                        -0.5873721837997437
                    ],
                    [
                        2.346370220184326,
                        -0.23505212366580963,
                        -0.7402893900871277
                    ],
                    [
                        2.3392088413238525,
                        -0.2961103320121765,
                        -0.6831580400466919
                    ],
                    [
                        2.3257319927215576,
                        -0.1841510683298111,
                        -0.6254924535751343
                    ],
                    [
                        2.2792797088623047,
                        -0.30587834119796753,
                        -0.6076948642730713
                    ]
                ]
            ],
            "actions_pred": [
                [
                    [
                        1.522323727607727,
                        1.7190347909927368,
                        2.1662826538085938,
                        2.128445625305176,
                        2.591892719268799,
                        2.4340901374816895,
                        2.3912696838378906,
                        2.4102087020874023,
                        2.392401695251465,
                        2.5479795932769775,
                        2.4768521785736084,
