{
    "steps": [
        {
            "step": 0,
            "train_loss": 0.0213951226323843,
            "actions_pred1": [
                [
                    [
                        0.735506534576416,
                        -0.04664798080921173,
                        -0.04362991452217102
                    ],
                    [
                        0.6999932527542114,
                        -0.006829218938946724,
                        -0.07146868854761124
                    ],
                    [
                        0.5528973937034607,
                        0.08320847153663635,
                        0.10654503852128983
                    ],
                    [
                        1.0203988552093506,
                        -0.006407545879483223,
                        0.08329713344573975
                    ],
                    [
                        1.017947793006897,
                        0.25414711236953735,
                        0.06711170077323914
                    ],
                    [
                        1.404187798500061,
                        0.11688776314258575,
                        -0.2310732752084732
                    ],
                    [
                        1.166236162185669,
                        0.2650432288646698,
                        -0.15751291811466217
                    ],
                    [
                        1.064018726348877,
                        0.11535893380641937,
                        -0.3401451110839844
                    ],
                    [
                        0.9200782179832458,
                        0.19891037046909332,
                        -0.13538776338100433
                    ],
                    [
                        1.0064361095428467,
                        0.04336784780025482,
                        0.01778007671236992
                    ],
                    [
                        1.0402789115905762,
                        0.11730681359767914,
                        -0.05329502746462822
                    ],
                    [
                        0.9387256503105164,
                        0.25786349177360535,
                        0.010086906142532825
                    ],
                    [
                        1.236014723777771,
                        0.034522756934165955,
                        0.012218830175697803
                    ],
                    [
                        1.1192845106124878,
                        0.06218315660953522,
                        -0.015193122439086437
                    ],
                    [
                        1.1604912281036377,
                        0.08865390717983246,
                        0.07840730249881744
                    ],
                    [
                        1.0711342096328735,
                        0.14321881532669067,
                        -0.1066342443227768
                    ],
                    [
                        1.0681827068328857,
                        0.26133522391319275,
                        -0.05028829351067543
                    ],
                    [
                        0.6109626889228821,
                        0.11528690159320831,
                        -0.07040687650442123
                    ],
                    [
                        0.7905400991439819,
                        0.21799705922603607,
                        0.04009192809462547
                    ],
                    [
                        0.8427909016609192,
                        0.31759122014045715,
                        0.10665443539619446
                    ]
                ]
            ],
            "actions_pred": [
                [
                    [
                        0.735506534576416,
                        0.6999932527542114,
                        0.5528973937034607,
                        1.0203988552093506,
                        1.017947793006897,
                        1.404187798500061,
                        1.166236162185669,
                        1.064018726348877,
                        0.9200782179832458,
                        1.0064361095428467,
                        1.0402789115905762,
                        0.9387256503105164,
                        1.236014723777771,
                        1.1192845106124878,
                        1.1604912281036377,
                        1.0711342096328735,
                        1.0681827068328857,
                        0.6109626889228821,
                        0.7905400991439819,
                        0.8427909016609192
                    ],
                    [
                        -0.04664798080921173,
                        -0.006829218938946724,
                        0.08320847153663635,
                        -0.006407545879483223,
                        0.25414711236953735,
                        0.11688776314258575,
                        0.2650432288646698,
                        0.11535893380641937,
                        0.19891037046909332,
                        0.04336784780025482,
                        0.11730681359767914,
                        0.25786349177360535,
                        0.034522756934165955,
                        0.06218315660953522,
                        0.08865390717983246,
                        0.14321881532669067,
                        0.26133522391319275,
                        0.11528690159320831,
                        0.21799705922603607,
                        0.31759122014045715
                    ],
                    [
                        -0.04362991452217102,
                        -0.07146868854761124,
                        0.10654503852128983,
                        0.08329713344573975,
                        0.06711170077323914,
                        -0.2310732752084732,
                        -0.15751291811466217,
                        -0.3401451110839844,
                        -0.13538776338100433,
                        0.01778007671236992,
                        -0.05329502746462822,
                        0.010086906142532825,
                        0.012218830175697803,
                        -0.015193122439086437,
                        0.07840730249881744,
                        -0.1066342443227768,
                        -0.05028829351067543,
                        -0.07040687650442123,
                        0.04009192809462547,
                        0.10665443539619446
                    ]
                ]
            ],
            "states": [
                [
                    [
                        1.0,
                        150000.0,
                        0.0,
                        20000.0,
                        0.0,
                        0.0,
                        9000646.0,
                        0.0
                    ],
                    [
                        0.0,
                        0.0,
                        181308608.0,
                        100000.0,
                        17986263040.0,
                        0.0,
                        8339865.0,
                        98.0
                    ],
                    [
                        1.0,
                        150000.0,
                        0.0,
                        20000.0,
                        0.0,
                        0.0,
                        9002146.0,
                        0.0
                    ],
                    [
                        0.0,
                        0.0,
                        181308608.0,
                        100000.0,
                        18167570432.0,
                        0.0,
                        8341365.0,
                        98.0
                    ],
                    [
                        0.0,
                        0.0,
                        181308608.0,
                        100000.0,
                        18348879872.0,
                        0.0,
                        8341417.0,
                        98.0
                    ],
                    [
                        0.0,
                        0.0,
                        148425264.0,
                        60000.0,
                        17844506624.0,
                        0.0,
                        8425129.0,
                        99.0
                    ],
                    [
                        0.0,
                        0.0,
                        148425264.0,
                        60000.0,
                        17992931328.0,
                        0.0,
                        8425193.0,
                        99.0
                    ],
                    [
                        1.0,
                        120000.0,
                        240516.0,
                        60000.0,
                        1920181.0,
                        0.0,
                        9131146.0,
                        0.0
                    ],
                    [
                        1.0,
                        120000.0,
                        240516.0,
                        60000.0,
                        2160697.0,
                        0.0,
                        9132646.0,
                        0.0
                    ],
                    [
                        0.0,
                        0.0,
                        148425264.0,
                        60000.0,
                        18141356032.0,
                        0.0,
                        8426693.0,
                        99.0
                    ],
                    [
                        0.0,
                        0.0,
                        148425264.0,
                        60000.0,
                        17992931328.0,
                        0.0,
                        8425193.0,
                        99.0
                    ],
                    [
                        1.0,
                        120000.0,
                        240516.0,
                        60000.0,
                        1920181.0,
                        0.0,
                        9131146.0,
                        0.0
                    ],
                    [
                        1.0,
                        120000.0,
                        240516.0,
                        60000.0,
                        2160697.0,
                        0.0,
                        9132646.0,
                        0.0
                    ],
                    [
                        0.0,
                        0.0,
                        148425264.0,
                        60000.0,
                        18141356032.0,
                        0.0,
                        8426693.0,
                        99.0
                    ],
                    [
                        0.0,
                        0.0,
                        148425264.0,
                        60000.0,
                        18289780736.0,
                        0.0,
                        8426757.0,
                        99.0
                    ],
                    [
                        0.0,
                        0.0,
                        326263744.0,
                        150000.0,
                        16953800704.0,
                        0.0,
                        8487041.0,
                        100.0
                    ],
                    [
                        1.0,
                        15000.0,
                        10852103.0,
                        140000.0,
                        587691328.0,
                        0.0,
                        9239146.0,
                        0.0
                    ],
                    [
                        0.0,
                        0.0,
                        326263744.0,
                        160000.0,
                        17280065536.0,
                        0.0,
                        8487093.0,
                        100.0
                    ],
                    [
                        0.0,
                        0.0,
                        326263744.0,
                        160000.0,
                        17606328320.0,
                        0.0,
                        8487157.0,
                        100.0
                    ],
                    [
                        0.0,
                        0.0,
                        326263744.0,
                        160000.0,
                        17932593152.0,
                        0.0,
                        8487209.0,
                        100.0
                    ]
                ]
            ],
            "actions": [
                [
                    [
                        0.3333333432674408
                    ],
                    [
                        0.3333333432674408
                    ],
                    [
                        0.3333333432674408
                    ],
                    [
                        0.3333333432674408
                    ],
                    [
                        0.6666666865348816
                    ],
                    [
                        0.3333333432674408
                    ],
                    [
                        0.3333333432674408
                    ],
                    [
                        0.3333333432674408
                    ],
                    [
                        0.3333333432674408
                    ],
                    [
                        0.3333333432674408
                    ],
                    [
                        0.3333333432674408
                    ],
                    [
                        0.3333333432674408
                    ],
                    [
                        0.3333333432674408
                    ],
                    [
                        0.3333333432674408
                    ],
                    [
                        0.6666666865348816
                    ],
                    [
                        0.3333333432674408
                    ],
                    [
                        0.3333333432674408
                    ],
                    [
                        0.3333333432674408
                    ],
                    [
                        0.3333333432674408
                    ],
                    [
                        0.3333333432674408
                    ]
                ]
            ],
            "returns": [
                [
                    [
                        0.13950000703334808
                    ],
                    [
                        0.1394166648387909
                    ],
                    [
                        0.13899999856948853
                    ],
                    [
                        0.13891667127609253
                    ],
                    [
                        0.13850000500679016
                    ],
                    [
                        0.1380833387374878
                    ],
                    [
                        0.13783332705497742
                    ],
                    [
                        0.13758333027362823
                    ],
                    [
                        0.13733333349227905
                    ],
                    [
                        0.13708333671092987
                    ],
                    [
                        0.1368333399295807
                    ],
                    [
                        0.1365833282470703
                    ],
                    [
                        0.13633333146572113
                    ],
                    [
                        0.13608333468437195
                    ],
                    [
                        0.13583333790302277
                    ],
                    [
                        0.1355833262205124
                    ],
                    [
                        0.13495832681655884
                    ],
                    [
                        0.13437500596046448
                    ],
                    [
                        0.13370832800865173
                    ],
                    [
                        0.13304166495800018
                    ]
                ]
            ],
            "timesteps": [
                [
                    1020,
                    1021,
                    1022,
                    1023,
                    1024,
                    1025,
                    1026,
                    1027,
                    1028,
                    1029,
                    1030,
                    1031,
                    1032,
                    1033,
                    1034,
                    1035,
                    1036,
                    1037,
                    1038,
                    1039
                ]
            ],
            "labels": [
                [
                    0,
                    0,
                    0,
                    0,
                    1,
                    0,
                    0,
                    0,
                    0,
                    0,
                    0,
                    0,
                    0,
                    0,
                    1,
                    0,
                    0,
                    0,
                    0,
                    0
                ]
            ],
            "CPU Usage": 5.3,
            "RAM Usage": 17.4,
            "GPU Usage": 32.0,
            "VRAM Usage": 15400.0,
            "Disk Read Speed (MB/s)": 75057177.68652344,
            "Disk Write Speed (MB/s)": 506877953.89941406
        },
        {
            "step": 1,
            "train_loss": 0.03008807823061943,
            "actions_pred1": [
                [
                    [
                        0.44433632493019104,
                        0.3208988308906555,
                        -0.3740602135658264
                    ],
                    [
                        0.32100340723991394,
                        0.35676267743110657,
                        -0.18817512691020966
                    ],
                    [
                        0.2703319787979126,
                        0.5375959277153015,
                        -0.16911663115024567
                    ],
                    [
                        0.12319174408912659,
                        0.5860582590103149,
                        -0.6013006567955017
                    ],
                    [
                        0.20769697427749634,
                        0.437848299741745,
                        -0.22698543965816498
                    ],
                    [
                        0.4169156849384308,
                        0.4373090863227844,
                        -0.33037716150283813
                    ],
                    [
                        0.3968657851219177,
                        0.4025023281574249,
                        -0.4211732745170593
                    ],
                    [
                        0.2355959713459015,
                        0.2953096628189087,
                        -0.177245631814003
                    ],
                    [
                        0.11681604385375977,
                        0.34917452931404114,
                        -0.28033944964408875
                    ],
                    [
                        0.23965592682361603,
                        0.33413079380989075,
                        -0.05392656847834587
                    ],
                    [
                        0.2867334485054016,
                        0.43223145604133606,
                        -0.33339136838912964
                    ],
                    [
                        0.19887478649616241,
                        0.2958601415157318,
                        -0.21151615679264069
                    ],
                    [
                        0.317740261554718,
                        0.2803739607334137,
                        -0.07260885834693909
                    ],
                    [
                        0.4427638351917267,
                        0.5228328108787537,
                        -0.2437622994184494
                    ],
                    [
                        0.6469568610191345,
                        0.27265509963035583,
                        -0.28721532225608826
                    ],
                    [
                        0.5759857892990112,
                        0.2235070914030075,
                        -0.22139520943164825
                    ],
                    [
                        0.4866804778575897,
                        0.2650667726993561,
                        -0.24416907131671906
                    ],
                    [
                        0.5777317881584167,
                        0.40758612751960754,
                        -0.3281504809856415
                    ],
                    [
                        0.3082916736602783,
                        0.20657779276371002,
                        -0.22760269045829773
                    ],
                    [
                        0.6584827899932861,
                        0.15985886752605438,
                        0.04885506257414818
                    ]
                ]
            ],
            "actions_pred": [
                [
                    [
                        0.44433632493019104,
                        0.32100340723991394,
                        0.2703319787979126,
                        0.12319174408912659,
                        0.20769697427749634,
                        0.4169156849384308,
                        0.3968657851219177,
                        0.2355959713459015,
                        0.11681604385375977,
                        0.23965592682361603,
                        0.2867334485054016,
                        0.19887478649616241,
                        0.317740261554718,
                        0.4427638351917267,
                        0.6469568610191345,
                        0.5759857892990112,
                        0.4866804778575897,
                        0.5777317881584167,
                        0.3082916736602783,
                        0.6584827899932861
                    ],
                    [
                        0.3208988308906555,
                        0.35676267743110657,
                        0.5375959277153015,
                        0.5860582590103149,
                        0.437848299741745,
                        0.4373090863227844,
                        0.4025023281574249,
                        0.2953096628189087,
                        0.34917452931404114,
                        0.33413079380989075,
                        0.43223145604133606,
                        0.2958601415157318,
                        0.2803739607334137,
                        0.5228328108787537,
                        0.27265509963035583,
                        0.2235070914030075,
                        0.2650667726993561,
                        0.40758612751960754,
                        0.20657779276371002,
                        0.15985886752605438
                    ],
                    [
                        -0.3740602135658264,
                        -0.18817512691020966,
                        -0.16911663115024567,
                        -0.6013006567955017,
                        -0.22698543965816498,
                        -0.33037716150283813,
                        -0.4211732745170593,
                        -0.177245631814003,
                        -0.28033944964408875,
                        -0.05392656847834587,
                        -0.33339136838912964,
                        -0.21151615679264069,
                        -0.07260885834693909,
                        -0.2437622994184494,
                        -0.28721532225608826,
                        -0.22139520943164825,
                        -0.24416907131671906,
                        -0.3281504809856415,
                        -0.22760269045829773,
                        0.04885506257414818
                    ]
                ]
            ],
            "states": [
                [
                    [
                        1.0,
                        0.0,
                        3228302.0,
                        80000.0,
                        54889640.0,
                        0.0,
                        6126646.0,
                        0.0
                    ],
                    [
                        0.0,
                        0.0,
                        508653056.0,
                        130000.0,
                        14240621568.0,
                        0.0,
                        6650849.0,
                        77.0
                    ],
                    [
                        1.0,
                        0.0,
                        3228302.0,
                        80000.0,
                        58117940.0,
                        0.0,
                        6128146.0,
                        0.0
                    ],
                    [
                        0.0,
                        0.0,
                        508653056.0,
                        130000.0,
                        14749275136.0,
                        0.0,
                        6650901.0,
                        77.0
                    ],
                    [
                        0.0,
                        0.0,
                        508653056.0,
                        130000.0,
                        0.0,
                        0.0,
                        6650981.0,
                        77.0
                    ],
                    [
                        0.0,
                        0.0,
                        508653056.0,
                        130000.0,
                        508653056.0,
                        0.0,
                        6651061.0,
                        78.0
                    ],
                    [
                        0.0,
                        0.0,
                        508653056.0,
                        130000.0,
                        1017306112.0,
                        0.0,
                        6651141.0,
                        78.0
                    ],
                    [
                        0.0,
                        0.0,
                        508653056.0,
                        130000.0,
                        1525959168.0,
                        0.0,
                        6651193.0,
                        78.0
                    ],
                    [
                        0.0,
                        0.0,
                        508653056.0,
                        130000.0,
                        2034612224.0,
                        0.0,
                        6651245.0,
                        78.0
                    ],
                    [
                        0.0,
                        0.0,
                        508653056.0,
                        130000.0,
                        2543265280.0,
                        0.0,
                        6651297.0,
                        78.0
                    ],
                    [
                        0.0,
                        0.0,
                        508653056.0,
                        130000.0,
                        1017306112.0,
                        0.0,
                        6651141.0,
                        78.0
                    ],
                    [
                        0.0,
                        0.0,
                        508653056.0,
                        130000.0,
                        1525959168.0,
                        0.0,
                        6651193.0,
                        78.0
                    ],
                    [
                        0.0,
                        0.0,
                        508653056.0,
                        130000.0,
                        2034612224.0,
                        0.0,
                        6651245.0,
                        78.0
                    ],
                    [
                        0.0,
                        0.0,
                        508653056.0,
                        130000.0,
                        2543265280.0,
                        0.0,
                        6651297.0,
                        78.0
                    ],
                    [
                        0.0,
                        0.0,
                        508653056.0,
                        130000.0,
                        0.0,
                        0.0,
                        6651369.0,
                        78.0
                    ],
                    [
                        0.0,
                        0.0,
                        508653056.0,
                        130000.0,
                        0.0,
                        0.0,
                        6651369.0,
                        78.0
                    ],
                    [
                        0.0,
                        0.0,
                        508653056.0,
                        140000.0,
                        508653056.0,
                        0.0,
                        6651421.0,
                        79.0
                    ],
                    [
                        0.0,
                        0.0,
                        551602688.0,
                        140000.0,
                        1060255744.0,
                        0.0,
                        6651473.0,
                        79.0
                    ],
                    [
                        0.0,
                        0.0,
                        551602688.0,
                        140000.0,
                        1611858432.0,
                        0.0,
                        6651525.0,
                        79.0
                    ],
                    [
                        0.0,
                        0.0,
                        551602688.0,
                        140000.0,
                        2163461120.0,
                        0.0,
                        6651577.0,
                        79.0
                    ]
                ]
            ],
            "actions": [
                [
                    [
                        0.3333333432674408
                    ],
                    [
                        0.3333333432674408
                    ],
                    [
                        0.3333333432674408
                    ],
                    [
                        0.3333333432674408
                    ],
                    [
                        0.6666666865348816
                    ],
                    [
                        0.3333333432674408
                    ],
                    [
                        0.3333333432674408
                    ],
                    [
                        0.3333333432674408
                    ],
                    [
                        0.3333333432674408
                    ],
                    [
                        0.3333333432674408
                    ],
                    [
                        0.3333333432674408
                    ],
                    [
                        0.3333333432674408
                    ],
                    [
                        0.3333333432674408
                    ],
                    [
                        0.3333333432674408
                    ],
                    [
                        0.6666666865348816
                    ],
                    [
                        0.6666666865348816
                    ],
                    [
                        0.3333333432674408
                    ],
                    [
                        0.3333333432674408
                    ],
                    [
                        0.3333333432674408
                    ],
                    [
                        0.3333333432674408
                    ]
                ]
            ],
            "returns": [
                [
                    [
                        0.22637499868869781
                    ],
                    [
                        0.22604165971279144
                    ],
                    [
                        0.22550000250339508
                    ],
                    [
                        0.2251666635274887
                    ],
                    [
                        0.22462500631809235
                    ],
                    [
                        0.2240833342075348
                    ],
                    [
                        0.22354166209697723
                    ],
                    [
                        0.22300000488758087
                    ],
                    [
                        0.22245833277702332
                    ],
                    [
                        0.22191666066646576
                    ],
                    [
                        0.2213750034570694
                    ],
                    [
                        0.22083333134651184
                    ],
                    [
                        0.22029165923595428
                    ],
                    [
                        0.21975000202655792
                    ],
                    [
                        0.21920832991600037
                    ],
                    [
                        0.218666672706604
                    ],
                    [
                        0.21812500059604645
                    ],
                    [
                        0.2175416648387909
                    ],
                    [
                        0.21695832908153534
                    ],
                    [
                        0.21637499332427979
                    ]
                ]
            ],
            "timesteps": [
                [
                    780,
                    781,
                    782,
                    783,
                    784,
                    785,
                    786,
                    787,
                    788,
                    789,
                    790,
                    791,
                    792,
                    793,
                    794,
                    795,
                    796,
                    797,
                    798,
                    799
                ]
            ],
            "labels": [
                [
                    0,
                    0,
                    0,
                    0,
                    1,
                    0,
                    0,
                    0,
                    0,
                    0,
                    0,
                    0,
                    0,
                    0,
                    1,
                    1,
                    0,
                    0,
                    0,
                    0
                ]
            ],
            "CPU Usage": 4.5,
            "RAM Usage": 17.4,
            "GPU Usage": 68.0,
            "VRAM Usage": 15400.0,
            "Disk Read Speed (MB/s)": 75057177.68652344,
            "Disk Write Speed (MB/s)": 506877953.89941406
        },
        {
            "step": 2,
            "train_loss": 0.022583434358239174,
            "actions_pred1": [
                [
                    [
                        0.5441146492958069,
                        0.22007377445697784,
                        -0.15753363072872162
                    ],
                    [
                        0.46328917145729065,
                        0.2584538757801056,
                        -0.23073171079158783
                    ],
                    [
                        0.6007429957389832,
                        0.13340958952903748,
                        -0.23818089067935944
                    ],
                    [
                        0.5676170587539673,
                        0.2053101509809494,
                        -0.5175173282623291
                    ],
                    [
                        0.630599319934845,
                        0.17067629098892212,
                        -0.1702287346124649
                    ],
                    [
                        0.8642227053642273,
                        0.1128283441066742,
                        -0.20532773435115814
                    ],
                    [
                        0.9394792914390564,
                        0.14007045328617096,
                        -0.21406079828739166
                    ],
                    [
                        1.198858618736267,
                        0.08827142417430878,
                        0.040471967309713364
                    ],
                    [
                        0.8592092394828796,
                        0.02358431927859783,
                        -0.08573698997497559
                    ],
                    [
                        0.9678411483764648,
                        0.265794962644577,
                        -0.1787385195493698
                    ],
                    [
                        0.885603129863739,
                        0.18965037167072296,
                        -0.06647402048110962
                    ],
                    [
                        0.6101118922233582,
                        0.26292261481285095,
                        -0.20912955701351166
                    ],
                    [
                        0.712550163269043,
                        0.18739520013332367,
                        -0.04503485932946205
                    ],
                    [
                        0.6803262233734131,
                        0.3141023814678192,
                        -0.42581862211227417
                    ],
                    [
                        0.820911705493927,
                        0.11481916904449463,
                        -0.0074943481013178825
                    ],
                    [
                        0.985261857509613,
                        0.04654742777347565,
                        0.14986629784107208
                    ],
                    [
                        1.043696403503418,
                        0.06302432715892792,
                        -0.03314362093806267
                    ],
                    [
                        0.8536106944084167,
                        0.34007543325424194,
                        -0.07565498352050781
                    ],
                    [
                        1.0432180166244507,
                        0.23466336727142334,
                        0.03080996498465538
                    ],
                    [
                        0.8190387487411499,
                        0.35495758056640625,
                        -0.020714234560728073
                    ]
                ]
            ],
            "actions_pred": [
                [
                    [
                        0.5441146492958069,
                        0.46328917145729065,
                        0.6007429957389832,
                        0.5676170587539673,
                        0.630599319934845,
                        0.8642227053642273,
                        0.9394792914390564,
                        1.198858618736267,
                        0.8592092394828796,
                        0.9678411483764648,
                        0.885603129863739,
                        0.6101118922233582,
