{
    "steps": [
        {
            "step": 0,
            "train_loss": 0.025533024221658707,
            "actions_pred1": [
                [
                    [
                        0.49553701281547546,
                        0.28987738490104675,
                        0.05547482147812843
                    ],
                    [
                        0.6890580654144287,
                        0.3963647186756134,
                        -0.028607096523046494
                    ],
                    [
                        0.8559494018554688,
                        0.3569386899471283,
                        0.07338327169418335
                    ],
                    [
                        0.493115097284317,
                        0.3467804491519928,
                        -0.1671033650636673
                    ],
                    [
                        0.6544944047927856,
                        0.40033239126205444,
                        -0.10053548216819763
                    ],
                    [
                        0.8382372260093689,
                        0.40877747535705566,
                        -0.20384936034679413
                    ],
                    [
                        0.8831685781478882,
                        0.3694009482860565,
                        -0.02731349691748619
                    ],
                    [
                        0.8923983573913574,
                        0.3156876862049103,
                        -0.21805338561534882
                    ],
                    [
                        1.072597861289978,
                        0.279547780752182,
                        0.09665393829345703
                    ],
                    [
                        0.7171148061752319,
                        0.5565407276153564,
                        -0.27825742959976196
                    ],
                    [
                        0.5780223608016968,
                        0.24961085617542267,
                        0.01474832370877266
                    ],
                    [
                        0.719570517539978,
                        0.3490627706050873,
                        -0.10186243057250977
                    ],
                    [
                        0.5288934707641602,
                        0.2955178916454315,
                        0.030707810074090958
                    ],
                    [
                        0.6241800785064697,
                        0.20381827652454376,
                        -0.045115161687135696
                    ],
                    [
                        0.5914103984832764,
                        0.2392001897096634,
                        0.19864827394485474
                    ],
                    [
                        0.8437184691429138,
                        0.42064419388771057,
                        0.09035544097423553
                    ],
                    [
                        0.8403659462928772,
                        0.2278442233800888,
                        0.07808542251586914
                    ],
                    [
                        0.7794812917709351,
                        0.16757483780384064,
                        0.11563451588153839
                    ],
                    [
                        0.7469942569732666,
                        0.3363102376461029,
                        0.23713000118732452
                    ],
                    [
                        0.7454298734664917,
                        0.1542063057422638,
                        -0.07794244587421417
                    ]
                ]
            ],
            "actions_pred": [
                [
                    [
                        0.49553701281547546,
                        0.6890580654144287,
                        0.8559494018554688,
                        0.493115097284317,
                        0.6544944047927856,
                        0.8382372260093689,
                        0.8831685781478882,
                        0.8923983573913574,
                        1.072597861289978,
                        0.7171148061752319,
                        0.5780223608016968,
                        0.719570517539978,
                        0.5288934707641602,
                        0.6241800785064697,
                        0.5914103984832764,
                        0.8437184691429138,
                        0.8403659462928772,
                        0.7794812917709351,
                        0.7469942569732666,
                        0.7454298734664917
                    ],
                    [
                        0.28987738490104675,
                        0.3963647186756134,
                        0.3569386899471283,
                        0.3467804491519928,
                        0.40033239126205444,
                        0.40877747535705566,
                        0.3694009482860565,
                        0.3156876862049103,
                        0.279547780752182,
                        0.5565407276153564,
                        0.24961085617542267,
                        0.3490627706050873,
                        0.2955178916454315,
                        0.20381827652454376,
                        0.2392001897096634,
                        0.42064419388771057,
                        0.2278442233800888,
                        0.16757483780384064,
                        0.3363102376461029,
                        0.1542063057422638
                    ],
                    [
                        0.05547482147812843,
                        -0.028607096523046494,
                        0.07338327169418335,
                        -0.1671033650636673,
                        -0.10053548216819763,
                        -0.20384936034679413,
                        -0.02731349691748619,
                        -0.21805338561534882,
                        0.09665393829345703,
                        -0.27825742959976196,
                        0.01474832370877266,
                        -0.10186243057250977,
                        0.030707810074090958,
                        -0.045115161687135696,
                        0.19864827394485474,
                        0.09035544097423553,
                        0.07808542251586914,
                        0.11563451588153839,
                        0.23713000118732452,
                        -0.07794244587421417
                    ]
                ]
            ],
            "states": [
                [
                    [
                        0.0,
                        0.0,
                        401474176.0,
                        110000.0,
                        2408845056.0,
                        0.0,
                        3264413.0,
                        21.0
                    ],
                    [
                        0.0,
                        0.0,
                        401474176.0,
                        110000.0,
                        2810319104.0,
                        0.0,
                        3265913.0,
                        21.0
                    ],
                    [
                        0.0,
                        0.0,
                        401474176.0,
                        110000.0,
                        3211793408.0,
                        0.0,
                        3267413.0,
                        21.0
                    ],
                    [
                        0.0,
                        0.0,
                        401474176.0,
                        110000.0,
                        3613267456.0,
                        0.0,
                        3268913.0,
                        21.0
                    ],
                    [
                        0.0,
                        0.0,
                        401474176.0,
                        110000.0,
                        0.0,
                        0.0,
                        3270413.0,
                        21.0
                    ],
                    [
                        1.0,
                        120000.0,
                        9830.0,
                        10000.0,
                        196595.0,
                        0.0,
                        2393146.0,
                        0.0
                    ],
                    [
                        0.0,
                        0.0,
                        426975520.0,
                        110000.0,
                        2032872192.0,
                        0.0,
                        3277913.0,
                        22.0
                    ],
                    [
                        0.0,
                        0.0,
                        426975520.0,
                        110000.0,
                        2459847680.0,
                        0.0,
                        3279413.0,
                        22.0
                    ],
                    [
                        0.0,
                        0.0,
                        426975520.0,
                        110000.0,
                        2886823168.0,
                        0.0,
                        3280913.0,
                        22.0
                    ],
                    [
                        0.0,
                        0.0,
                        426975520.0,
                        110000.0,
                        3313798912.0,
                        0.0,
                        3282413.0,
                        22.0
                    ],
                    [
                        0.0,
                        0.0,
                        426975520.0,
                        110000.0,
                        2032872192.0,
                        0.0,
                        3277913.0,
                        22.0
                    ],
                    [
                        0.0,
                        0.0,
                        426975520.0,
                        110000.0,
                        2459847680.0,
                        0.0,
                        3279413.0,
                        22.0
                    ],
                    [
                        0.0,
                        0.0,
                        426975520.0,
                        110000.0,
                        2886823168.0,
                        0.0,
                        3280913.0,
                        22.0
                    ],
                    [
                        0.0,
                        0.0,
                        426975520.0,
                        110000.0,
                        3313798912.0,
                        0.0,
                        3282413.0,
                        22.0
                    ],
                    [
                        0.0,
                        0.0,
                        426975520.0,
                        110000.0,
                        0.0,
                        0.0,
                        3283913.0,
                        22.0
                    ],
                    [
                        0.0,
                        0.0,
                        426975520.0,
                        110000.0,
                        0.0,
                        0.0,
                        3283913.0,
                        22.0
                    ],
                    [
                        0.0,
                        0.0,
                        426975520.0,
                        110000.0,
                        426975520.0,
                        0.0,
                        3285413.0,
                        23.0
                    ],
                    [
                        0.0,
                        0.0,
                        426975520.0,
                        110000.0,
                        853951040.0,
                        0.0,
                        3286913.0,
                        23.0
                    ],
                    [
                        0.0,
                        0.0,
                        426975520.0,
                        110000.0,
                        1280926592.0,
                        0.0,
                        3288413.0,
                        23.0
                    ],
                    [
                        0.0,
                        0.0,
                        426975520.0,
                        110000.0,
                        1707902080.0,
                        0.0,
                        3289913.0,
                        23.0
                    ]
                ]
            ],
            "actions": [
                [
                    [
                        0.3333333432674408
                    ],
                    [
                        0.3333333432674408
                    ],
                    [
                        0.3333333432674408
                    ],
                    [
                        0.3333333432674408
                    ],
                    [
                        0.6666666865348816
                    ],
                    [
                        0.3333333432674408
                    ],
                    [
                        0.3333333432674408
                    ],
                    [
                        0.3333333432674408
                    ],
                    [
                        0.3333333432674408
                    ],
                    [
                        0.3333333432674408
                    ],
                    [
                        0.3333333432674408
                    ],
                    [
                        0.3333333432674408
                    ],
                    [
                        0.3333333432674408
                    ],
                    [
                        0.3333333432674408
                    ],
                    [
                        0.6666666865348816
                    ],
                    [
                        0.6666666865348816
                    ],
                    [
                        0.3333333432674408
                    ],
                    [
                        0.3333333432674408
                    ],
                    [
                        0.3333333432674408
                    ],
                    [
                        0.3333333432674408
                    ]
                ]
            ],
            "returns": [
                [
                    [
                        0.48995834589004517
                    ],
                    [
                        0.4894999861717224
                    ],
                    [
                        0.48904165625572205
                    ],
                    [
                        0.4885833263397217
                    ],
                    [
                        0.4881249964237213
                    ],
                    [
                        0.48766666650772095
                    ],
                    [
                        0.48762500286102295
                    ],
                    [
                        0.4871666729450226
                    ],
                    [
                        0.4867083430290222
                    ],
                    [
                        0.48625001311302185
                    ],
                    [
                        0.4857916533946991
                    ],
                    [
                        0.48533332347869873
                    ],
                    [
                        0.48487499356269836
                    ],
                    [
                        0.484416663646698
                    ],
                    [
                        0.48395833373069763
                    ],
                    [
                        0.48350000381469727
                    ],
                    [
                        0.4830416738986969
                    ],
                    [
                        0.48258334398269653
                    ],
                    [
                        0.48212501406669617
                    ],
                    [
                        0.4816666543483734
                    ]
                ]
            ],
            "timesteps": [
                [
                    220,
                    221,
                    222,
                    223,
                    224,
                    225,
                    226,
                    227,
                    228,
                    229,
                    230,
                    231,
                    232,
                    233,
                    234,
                    235,
                    236,
                    237,
                    238,
                    239
                ]
            ],
            "labels": [
                [
                    0,
                    0,
                    0,
                    0,
                    1,
                    0,
                    0,
                    0,
                    0,
                    0,
                    0,
                    0,
                    0,
                    0,
                    1,
                    1,
                    0,
                    0,
                    0,
                    0
                ]
            ],
            "CPU Usage": 6.4,
            "RAM Usage": 17.4,
            "GPU Usage": 20.0,
            "VRAM Usage": 15400.0,
            "Disk Read Speed (MB/s)": 75057177.68652344,
            "Disk Write Speed (MB/s)": 506877894.01660156
        },
        {
            "step": 1,
            "train_loss": 0.030573058873414993,
            "actions_pred1": [
                [
                    [
                        0.32013753056526184,
                        0.3552437126636505,
                        -0.484235554933548
                    ],
                    [
                        0.2975497543811798,
                        0.5353540182113647,
                        -0.6243509650230408
                    ],
                    [
                        0.2552301585674286,
                        0.6692906022071838,
                        -0.5000501275062561
                    ],
                    [
                        0.445075660943985,
                        0.48693588376045227,
                        -0.17220237851142883
                    ],
                    [
                        0.34182658791542053,
                        0.49912789463996887,
                        -0.08449892699718475
                    ],
                    [
                        0.4539150893688202,
                        0.4845781922340393,
                        0.022246886044740677
                    ],
                    [
                        0.1868951916694641,
                        0.5836464166641235,
                        0.0790027379989624
                    ],
                    [
                        0.35944923758506775,
                        0.550683319568634,
                        -0.21245244145393372
                    ],
                    [
                        0.49925389885902405,
                        0.4597703516483307,
                        0.048658911138772964
                    ],
                    [
                        0.5155723094940186,
                        0.40909260511398315,
                        0.24373294413089752
                    ],
                    [
                        0.7241830825805664,
                        0.33687931299209595,
                        0.2642444968223572
                    ],
                    [
                        0.48891642689704895,
                        0.3584331274032593,
                        -0.028150830417871475
                    ],
                    [
                        0.6385576725006104,
                        0.11560084670782089,
                        0.32822155952453613
                    ],
                    [
                        0.4536912739276886,
                        0.2964049279689789,
                        -0.03759608417749405
                    ],
                    [
                        0.49976029992103577,
                        0.2059769183397293,
                        -0.08779577910900116
                    ],
                    [
                        0.7197574377059937,
                        0.251497745513916,
                        0.15905790030956268
                    ],
                    [
                        0.6524238586425781,
                        0.32263854146003723,
                        0.29228341579437256
                    ],
                    [
                        0.3112962245941162,
                        0.5311961770057678,
                        -0.1419408768415451
                    ],
                    [
                        0.6220294237136841,
                        0.503058135509491,
                        0.2795080542564392
                    ],
                    [
                        0.5922706723213196,
                        0.23475362360477448,
                        0.10619089007377625
                    ]
                ]
            ],
            "actions_pred": [
                [
                    [
                        0.32013753056526184,
                        0.2975497543811798,
                        0.2552301585674286,
                        0.445075660943985,
                        0.34182658791542053,
                        0.4539150893688202,
                        0.1868951916694641,
                        0.35944923758506775,
                        0.49925389885902405,
                        0.5155723094940186,
                        0.7241830825805664,
                        0.48891642689704895,
                        0.6385576725006104,
                        0.4536912739276886,
                        0.49976029992103577,
                        0.7197574377059937,
                        0.6524238586425781,
                        0.3112962245941162,
                        0.6220294237136841,
                        0.5922706723213196
                    ],
                    [
                        0.3552437126636505,
                        0.5353540182113647,
                        0.6692906022071838,
                        0.48693588376045227,
                        0.49912789463996887,
                        0.4845781922340393,
                        0.5836464166641235,
                        0.550683319568634,
                        0.4597703516483307,
                        0.40909260511398315,
                        0.33687931299209595,
                        0.3584331274032593,
                        0.11560084670782089,
                        0.2964049279689789,
                        0.2059769183397293,
                        0.251497745513916,
                        0.32263854146003723,
                        0.5311961770057678,
                        0.503058135509491,
                        0.23475362360477448
                    ],
                    [
                        -0.484235554933548,
                        -0.6243509650230408,
                        -0.5000501275062561,
                        -0.17220237851142883,
                        -0.08449892699718475,
                        0.022246886044740677,
                        0.0790027379989624,
                        -0.21245244145393372,
                        0.048658911138772964,
                        0.24373294413089752,
                        0.2642444968223572,
                        -0.028150830417871475,
                        0.32822155952453613,
                        -0.03759608417749405,
                        -0.08779577910900116,
                        0.15905790030956268,
                        0.29228341579437256,
                        -0.1419408768415451,
                        0.2795080542564392,
                        0.10619089007377625
                    ]
                ]
            ],
            "states": [
                [
                    [
                        0.0,
                        0.0,
                        53266996.0,
                        70000.0,
                        18037262336.0,
                        0.0,
                        11292673.0,
                        122.0
                    ],
                    [
                        0.0,
                        0.0,
                        53266996.0,
                        70000.0,
                        18090528768.0,
                        0.0,
                        11292725.0,
                        122.0
                    ],
                    [
                        0.0,
                        0.0,
                        53266996.0,
                        70000.0,
                        18143795200.0,
                        0.0,
                        11292777.0,
                        122.0
                    ],
                    [
                        0.0,
                        0.0,
                        53266996.0,
                        70000.0,
                        18197061632.0,
                        0.0,
                        11292829.0,
                        122.0
                    ],
                    [
                        0.0,
                        0.0,
                        53266996.0,
                        70000.0,
                        18250330112.0,
                        0.0,
                        11292881.0,
                        122.0
                    ],
                    [
                        0.0,
                        0.0,
                        53266996.0,
                        70000.0,
                        18090528768.0,
                        0.0,
                        11292725.0,
                        122.0
                    ],
                    [
                        0.0,
                        0.0,
                        53266996.0,
                        70000.0,
                        18143795200.0,
                        0.0,
                        11292777.0,
                        122.0
                    ],
                    [
                        0.0,
                        0.0,
                        53266996.0,
                        70000.0,
                        18197061632.0,
                        0.0,
                        11292829.0,
                        122.0
                    ],
                    [
                        0.0,
                        0.0,
                        53266996.0,
                        70000.0,
                        18250330112.0,
                        0.0,
                        11292881.0,
                        122.0
                    ],
                    [
                        0.0,
                        0.0,
                        53266996.0,
                        70000.0,
                        18303596544.0,
                        0.0,
                        11292933.0,
                        122.0
                    ],
                    [
                        0.0,
                        0.0,
                        190840160.0,
                        140000.0,
                        10373738496.0,
                        0.0,
                        11449833.0,
                        123.0
                    ],
                    [
                        0.0,
                        0.0,
                        190840160.0,
                        140000.0,
                        10564579328.0,
                        0.0,
                        11449885.0,
                        123.0
                    ],
                    [
                        0.0,
                        0.0,
                        190840160.0,
                        140000.0,
                        10755419136.0,
                        0.0,
                        11449937.0,
                        123.0
                    ],
                    [
                        0.0,
                        0.0,
                        190840160.0,
                        140000.0,
                        10946259968.0,
                        0.0,
                        11449989.0,
                        123.0
                    ],
                    [
                        0.0,
                        0.0,
                        190840160.0,
                        140000.0,
                        11137099776.0,
                        0.0,
                        11451489.0,
                        123.0
                    ],
                    [
                        0.0,
                        0.0,
                        190840160.0,
                        140000.0,
                        10564579328.0,
                        0.0,
                        11449885.0,
                        123.0
                    ],
                    [
                        0.0,
                        0.0,
                        190840160.0,
                        140000.0,
                        10755419136.0,
                        0.0,
                        11449937.0,
                        123.0
                    ],
                    [
                        0.0,
                        0.0,
                        190840160.0,
                        140000.0,
                        10946259968.0,
                        0.0,
                        11449989.0,
                        123.0
                    ],
                    [
                        0.0,
                        0.0,
                        190840160.0,
                        140000.0,
                        11137099776.0,
                        0.0,
                        11451489.0,
                        123.0
                    ],
                    [
                        0.0,
                        0.0,
                        190840160.0,
                        140000.0,
                        0.0,
                        0.0,
                        11452989.0,
                        123.0
                    ]
                ]
            ],
            "actions": [
                [
                    [
                        0.3333333432674408
                    ],
                    [
                        0.3333333432674408
                    ],
                    [
                        0.3333333432674408
                    ],
                    [
                        0.3333333432674408
                    ],
                    [
                        0.3333333432674408
                    ],
                    [
                        0.3333333432674408
                    ],
                    [
                        0.3333333432674408
                    ],
                    [
                        0.3333333432674408
                    ],
                    [
                        0.3333333432674408
                    ],
                    [
                        0.6666666865348816
                    ],
                    [
                        0.3333333432674408
                    ],
                    [
                        0.3333333432674408
                    ],
                    [
                        0.3333333432674408
                    ],
                    [
                        0.3333333432674408
                    ],
                    [
                        0.3333333432674408
                    ],
                    [
                        0.3333333432674408
                    ],
                    [
                        0.3333333432674408
                    ],
                    [
                        0.3333333432674408
                    ],
                    [
                        0.3333333432674408
                    ],
                    [
                        1.0
                    ]
                ]
            ],
            "returns": [
                [
                    [
                        0.041875001043081284
                    ],
                    [
                        0.041583333164453506
                    ],
                    [
                        0.04129166528582573
                    ],
                    [
                        0.04100000113248825
                    ],
                    [
                        0.040708333253860474
                    ],
                    [
                        0.0404166653752327
                    ],
                    [
                        0.04012500122189522
                    ],
                    [
                        0.03983333334326744
                    ],
                    [
                        0.039541665464639664
                    ],
                    [
                        0.039250001311302185
                    ],
                    [
                        0.03895833343267441
                    ],
                    [
                        0.03837500140070915
                    ],
                    [
                        0.0377916656434536
                    ],
                    [
                        0.03720833361148834
                    ],
                    [
                        0.03662500157952309
                    ],
                    [
                        0.03604166582226753
                    ],
                    [
                        0.03545833379030228
                    ],
                    [
                        0.03487500175833702
                    ],
                    [
                        0.03429166600108147
                    ],
                    [
                        0.03370833396911621
                    ]
                ]
            ],
            "timesteps": [
                [
                    1280,
                    1281,
                    1282,
                    1283,
                    1284,
                    1285,
                    1286,
                    1287,
                    1288,
                    1289,
                    1290,
                    1291,
                    1292,
                    1293,
                    1294,
                    1295,
                    1296,
                    1297,
                    1298,
                    1299
                ]
            ],
            "labels": [
                [
                    0,
                    0,
                    0,
                    0,
                    0,
                    0,
                    0,
                    0,
                    0,
                    1,
                    0,
                    0,
                    0,
                    0,
                    0,
                    0,
                    0,
                    0,
                    0,
                    2
                ]
            ],
            "CPU Usage": 4.5,
            "RAM Usage": 17.4,
            "GPU Usage": 53.0,
            "VRAM Usage": 15400.0,
            "Disk Read Speed (MB/s)": 75057177.68652344,
            "Disk Write Speed (MB/s)": 506877894.20410156
        },
        {
            "step": 2,
            "train_loss": 0.028987819328904152,
            "actions_pred1": [
                [
                    [
                        0.555214524269104,
                        0.4544813930988312,
                        0.3687346279621124
                    ],
                    [
                        0.48422127962112427,
                        0.3758697211742401,
                        0.3365623950958252
                    ],
                    [
                        0.2380511313676834,
                        0.39840587973594666,
                        0.29930952191352844
                    ],
                    [
                        0.16307027637958527,
                        0.43301182985305786,
                        0.2663393020629883
                    ],
                    [
                        0.5454369783401489,
                        0.28601112961769104,
                        0.46869203448295593
                    ],
                    [
                        0.5576868653297424,
                        0.2557983100414276,
                        0.35866305232048035
                    ],
                    [
                        0.5102582573890686,
                        0.2905932068824768,
                        0.20957963168621063
                    ],
                    [
                        0.8466508388519287,
                        0.15815114974975586,
                        0.18990708887577057
                    ],
                    [
                        0.8325262665748596,
                        0.2448410838842392,
                        0.4052746891975403
                    ],
                    [
                        0.772469162940979,
                        0.32449284195899963,
                        0.3481709063053131
                    ],
                    [
                        0.9268125295639038,
                        0.20827968418598175,
                        0.420305460691452
                    ],
                    [
                        0.4850011467933655,
                        0.3268561363220215,
                        0.45992326736450195
                    ],
                    [
                        0.6142387986183167,
                        0.10831143707036972,
                        0.5526560544967651
                    ],
                    [
                        0.8282670378684998,
                        0.29440823197364807,
                        0.41827863454818726
                    ],
                    [
                        0.5916822552680969,
                        0.2971780598163605,
                        0.3470214903354645
                    ],
                    [
                        0.8310656547546387,
                        0.3409497141838074,
                        0.3386097550392151
                    ],
                    [
                        0.9003424644470215,
                        0.2321736067533493,
                        0.4804794490337372
                    ],
                    [
                        0.711359977722168,
                        0.2721145749092102,
                        0.3047056794166565
                    ],
                    [
                        0.9962717294692993,
                        0.33415642380714417,
                        0.36211058497428894
                    ],
                    [
                        0.7599561214447021,
                        0.39086708426475525,
                        0.15956202149391174
                    ]
                ]
            ],
            "actions_pred": [
                [
                    [
                        0.555214524269104,
                        0.48422127962112427,
                        0.2380511313676834,
                        0.16307027637958527,
                        0.5454369783401489,
                        0.5576868653297424,
                        0.5102582573890686,
                        0.8466508388519287,
                        0.8325262665748596,
                        0.772469162940979,
                        0.9268125295639038,
                        0.4850011467933655,
