{
    "steps": [
        {
            "step": 0,
            "train_loss": 0.006832094397395849,
            "actions_pred1": [
                [
                    [
                        3.1242258548736572,
                        -1.812256932258606,
                        -2.1379220485687256
                    ],
                    [
                        3.2810754776000977,
                        -0.6687445044517517,
                        -2.4497036933898926
                    ],
                    [
                        3.153515100479126,
                        -0.215533047914505,
                        -2.214622974395752
                    ],
                    [
                        3.0417287349700928,
                        0.2417493462562561,
                        -2.7318334579467773
                    ],
                    [
                        3.1757051944732666,
                        -0.22085556387901306,
                        -2.6035265922546387
                    ],
                    [
                        4.060449123382568,
                        0.32889366149902344,
                        -1.9660558700561523
                    ],
                    [
                        3.539046287536621,
                        0.6057327389717102,
                        -2.4725170135498047
                    ],
                    [
                        3.119483709335327,
                        0.6337700486183167,
                        -2.5501644611358643
                    ],
                    [
                        2.9219589233398438,
                        0.8347595930099487,
                        -2.3582546710968018
                    ],
                    [
                        2.756443500518799,
                        0.4948566257953644,
                        -2.2046735286712646
                    ],
                    [
                        3.788032293319702,
                        0.6019020080566406,
                        -2.654571294784546
                    ],
                    [
                        2.5487215518951416,
                        0.6827399134635925,
                        -2.5646209716796875
                    ],
                    [
                        4.015316963195801,
                        -0.14595860242843628,
                        -2.71543025970459
                    ],
                    [
                        4.098617076873779,
                        -0.09121430665254593,
                        -2.8462610244750977
                    ],
                    [
                        0.27909794449806213,
                        2.7152762413024902,
                        -2.506412982940674
                    ],
                    [
                        4.0603227615356445,
                        -0.18255335092544556,
                        -2.23195481300354
                    ],
                    [
                        3.7896764278411865,
                        0.2859634757041931,
                        -2.7954046726226807
                    ],
                    [
                        4.304792881011963,
                        -0.6689891815185547,
                        -2.417649984359741
                    ],
                    [
                        3.568453311920166,
                        -0.02831268683075905,
                        -2.146195650100708
                    ],
                    [
                        4.092911243438721,
                        -0.04459162428975105,
                        -2.6365787982940674
                    ]
                ]
            ],
            "actions_pred": [
                [
                    [
                        3.1242258548736572,
                        3.2810754776000977,
                        3.153515100479126,
                        3.0417287349700928,
                        3.1757051944732666,
                        4.060449123382568,
                        3.539046287536621,
                        3.119483709335327,
                        2.9219589233398438,
                        2.756443500518799,
                        3.788032293319702,
                        2.5487215518951416,
                        4.015316963195801,
                        4.098617076873779,
                        0.27909794449806213,
                        4.0603227615356445,
                        3.7896764278411865,
                        4.304792881011963,
                        3.568453311920166,
                        4.092911243438721
                    ],
                    [
                        -1.812256932258606,
                        -0.6687445044517517,
                        -0.215533047914505,
                        0.2417493462562561,
                        -0.22085556387901306,
                        0.32889366149902344,
                        0.6057327389717102,
                        0.6337700486183167,
                        0.8347595930099487,
                        0.4948566257953644,
                        0.6019020080566406,
                        0.6827399134635925,
                        -0.14595860242843628,
                        -0.09121430665254593,
                        2.7152762413024902,
                        -0.18255335092544556,
                        0.2859634757041931,
                        -0.6689891815185547,
                        -0.02831268683075905,
                        -0.04459162428975105
                    ],
                    [
                        -2.1379220485687256,
                        -2.4497036933898926,
                        -2.214622974395752,
                        -2.7318334579467773,
                        -2.6035265922546387,
                        -1.9660558700561523,
                        -2.4725170135498047,
                        -2.5501644611358643,
                        -2.3582546710968018,
                        -2.2046735286712646,
                        -2.654571294784546,
                        -2.5646209716796875,
                        -2.71543025970459,
                        -2.8462610244750977,
                        -2.506412982940674,
                        -2.23195481300354,
                        -2.7954046726226807,
                        -2.417649984359741,
                        -2.146195650100708,
                        -2.6365787982940674
                    ]
                ]
            ],
            "states": [
                [
                    [
                        1.0,
                        15000.0,
                        10852103.0,
                        140000.0,
                        587691328.0,
                        0.0,
                        9239146.0,
                        0.0
                    ],
                    [
                        0.0,
                        0.0,
                        326263744.0,
                        160000.0,
                        17280065536.0,
                        0.0,
                        8487093.0,
                        100.0
                    ],
                    [
                        0.0,
                        0.0,
                        326263744.0,
                        160000.0,
                        17606328320.0,
                        0.0,
                        8487157.0,
                        100.0
                    ],
                    [
                        0.0,
                        0.0,
                        326263744.0,
                        160000.0,
                        17932593152.0,
                        0.0,
                        8487209.0,
                        100.0
                    ],
                    [
                        0.0,
                        0.0,
                        326263744.0,
                        160000.0,
                        18258855936.0,
                        0.0,
                        8488709.0,
                        100.0
                    ],
                    [
                        0.0,
                        0.0,
                        369213408.0,
                        130000.0,
                        2086431488.0,
                        0.0,
                        8491929.0,
                        101.0
                    ],
                    [
                        0.0,
                        0.0,
                        369213408.0,
                        130000.0,
                        2455644928.0,
                        0.0,
                        8493429.0,
                        101.0
                    ],
                    [
                        1.0,
                        0.0,
                        18401850.0,
                        130000.0,
                        606093184.0,
                        0.0,
                        9240646.0,
                        0.0
                    ],
                    [
                        1.0,
                        0.0,
                        18401850.0,
                        130000.0,
                        624495040.0,
                        0.0,
                        9242146.0,
                        0.0
                    ],
                    [
                        0.0,
                        0.0,
                        369213408.0,
                        130000.0,
                        2824858368.0,
                        0.0,
                        8493481.0,
                        101.0
                    ],
                    [
                        0.0,
                        0.0,
                        369213408.0,
                        130000.0,
                        2455644928.0,
                        0.0,
                        8493429.0,
                        101.0
                    ],
                    [
                        1.0,
                        0.0,
                        18401850.0,
                        130000.0,
                        606093184.0,
                        0.0,
                        9240646.0,
                        0.0
                    ],
                    [
                        1.0,
                        0.0,
                        18401850.0,
                        130000.0,
                        624495040.0,
                        0.0,
                        9242146.0,
                        0.0
                    ],
                    [
                        0.0,
                        0.0,
                        369213408.0,
                        130000.0,
                        2824858368.0,
                        0.0,
                        8493481.0,
                        101.0
                    ],
                    [
                        0.0,
                        0.0,
                        369213408.0,
                        130000.0,
                        0.0,
                        0.0,
                        8493533.0,
                        101.0
                    ],
                    [
                        0.0,
                        0.0,
                        495378080.0,
                        110000.0,
                        16234080256.0,
                        0.0,
                        8510137.0,
                        102.0
                    ],
                    [
                        0.0,
                        0.0,
                        495378080.0,
                        110000.0,
                        16729457664.0,
                        0.0,
                        8510201.0,
                        102.0
                    ],
                    [
                        0.0,
                        0.0,
                        495378080.0,
                        110000.0,
                        17224835072.0,
                        0.0,
                        8510265.0,
                        102.0
                    ],
                    [
                        0.0,
                        0.0,
                        495378080.0,
                        110000.0,
                        17720213504.0,
                        0.0,
                        8510317.0,
                        102.0
                    ],
                    [
                        0.0,
                        0.0,
                        495378080.0,
                        110000.0,
                        18215591936.0,
                        0.0,
                        8511817.0,
                        102.0
                    ]
                ]
            ],
            "actions": [
                [
                    [
                        0.3333333432674408
                    ],
                    [
                        0.3333333432674408
                    ],
                    [
                        0.3333333432674408
                    ],
                    [
                        0.3333333432674408
                    ],
                    [
                        0.6666666865348816
                    ],
                    [
                        0.3333333432674408
                    ],
                    [
                        0.3333333432674408
                    ],
                    [
                        0.3333333432674408
                    ],
                    [
                        0.3333333432674408
                    ],
                    [
                        0.3333333432674408
                    ],
                    [
                        0.3333333432674408
                    ],
                    [
                        0.3333333432674408
                    ],
                    [
                        0.3333333432674408
                    ],
                    [
                        0.3333333432674408
                    ],
                    [
                        0.6666666865348816
                    ],
                    [
                        0.3333333432674408
                    ],
                    [
                        0.3333333432674408
                    ],
                    [
                        0.3333333432674408
                    ],
                    [
                        0.3333333432674408
                    ],
                    [
                        0.3333333432674408
                    ]
                ]
            ],
            "returns": [
                [
                    [
                        0.13237500190734863
                    ],
                    [
                        0.13179166615009308
                    ],
                    [
                        0.13112500309944153
                    ],
                    [
                        0.13045834004878998
                    ],
                    [
                        0.12979166209697723
                    ],
                    [
                        0.12912499904632568
                    ],
                    [
                        0.12858332693576813
                    ],
                    [
                        0.12804166972637177
                    ],
                    [
                        0.1274999976158142
                    ],
                    [
                        0.12695834040641785
                    ],
                    [
                        0.1264166682958603
                    ],
                    [
                        0.12587499618530273
                    ],
                    [
                        0.12533333897590637
                    ],
                    [
                        0.12479166686534882
                    ],
                    [
                        0.12425000220537186
                    ],
                    [
                        0.1237083300948143
                    ],
                    [
                        0.12325000017881393
                    ],
                    [
                        0.12279167026281357
                    ],
                    [
                        0.1223333328962326
                    ],
                    [
                        0.12187500298023224
                    ]
                ]
            ],
            "timesteps": [
                [
                    1040,
                    1041,
                    1042,
                    1043,
                    1044,
                    1045,
                    1046,
                    1047,
                    1048,
                    1049,
                    1050,
                    1051,
                    1052,
                    1053,
                    1054,
                    1055,
                    1056,
                    1057,
                    1058,
                    1059
                ]
            ],
            "labels": [
                [
                    0,
                    0,
                    0,
                    0,
                    1,
                    0,
                    0,
                    0,
                    0,
                    0,
                    0,
                    0,
                    0,
                    0,
                    1,
                    0,
                    0,
                    0,
                    0,
                    0
                ]
            ],
            "CPU Usage": 4.7,
            "RAM Usage": 17.5,
            "GPU Usage": 42.0,
            "VRAM Usage": 15400.0,
            "Disk Read Speed (MB/s)": 75057177.68652344,
            "Disk Write Speed (MB/s)": 506878175.37597656
        },
        {
            "step": 1,
            "train_loss": 0.0019393969560042024,
            "actions_pred1": [
                [
                    [
                        2.7003321647644043,
                        -0.2449582815170288,
                        -1.871138572692871
                    ],
                    [
                        2.752962827682495,
                        -0.2967515289783478,
                        -1.5270525217056274
                    ],
                    [
                        3.614382028579712,
                        -0.6670495271682739,
                        -1.9076108932495117
                    ],
                    [
                        4.024905204772949,
                        -0.9997079372406006,
                        -2.5801644325256348
                    ],
                    [
                        0.23734694719314575,
                        1.7755345106124878,
                        -1.7116166353225708
                    ],
                    [
                        4.148279190063477,
                        0.09141252189874649,
                        -2.3078153133392334
                    ],
                    [
                        3.9543490409851074,
                        -0.24683618545532227,
                        -2.1881096363067627
                    ],
                    [
                        3.535402774810791,
                        -0.3326705992221832,
                        -2.0447263717651367
                    ],
                    [
                        3.9350061416625977,
                        -0.40248095989227295,
                        -1.7651642560958862
                    ],
                    [
                        3.0289390087127686,
                        0.37441009283065796,
                        -1.5974853038787842
                    ],
                    [
                        2.6291277408599854,
                        0.6496026515960693,
                        -2.326730251312256
                    ],
                    [
                        3.5915839672088623,
                        0.07848141342401505,
                        -1.4832468032836914
                    ],
                    [
                        3.129666328430176,
                        -0.28327736258506775,
                        -1.3543970584869385
                    ],
                    [
                        3.4142937660217285,
                        0.2683083117008209,
                        -1.7765544652938843
                    ],
                    [
                        0.2053975760936737,
                        2.664762258529663,
                        -1.987955927848816
                    ],
                    [
                        0.017385561019182205,
                        2.1368021965026855,
                        -1.770764708518982
                    ],
                    [
                        3.026700496673584,
                        -0.17210644483566284,
                        -1.5688048601150513
                    ],
                    [
                        3.1911072731018066,
                        0.2810625433921814,
                        -1.4369326829910278
                    ],
                    [
                        3.261749744415283,
                        0.18511991202831268,
                        -2.0726678371429443
                    ],
                    [
                        2.6290476322174072,
                        -0.10082776099443436,
                        -1.5763182640075684
                    ]
                ]
            ],
            "actions_pred": [
                [
                    [
                        2.7003321647644043,
                        2.752962827682495,
                        3.614382028579712,
                        4.024905204772949,
                        0.23734694719314575,
                        4.148279190063477,
                        3.9543490409851074,
                        3.535402774810791,
                        3.9350061416625977,
                        3.0289390087127686,
                        2.6291277408599854,
                        3.5915839672088623,
                        3.129666328430176,
                        3.4142937660217285,
                        0.2053975760936737,
                        0.017385561019182205,
                        3.026700496673584,
                        3.1911072731018066,
                        3.261749744415283,
                        2.6290476322174072
                    ],
                    [
                        -0.2449582815170288,
                        -0.2967515289783478,
                        -0.6670495271682739,
                        -0.9997079372406006,
                        1.7755345106124878,
                        0.09141252189874649,
                        -0.24683618545532227,
                        -0.3326705992221832,
                        -0.40248095989227295,
                        0.37441009283065796,
                        0.6496026515960693,
                        0.07848141342401505,
                        -0.28327736258506775,
                        0.2683083117008209,
                        2.664762258529663,
                        2.1368021965026855,
                        -0.17210644483566284,
                        0.2810625433921814,
                        0.18511991202831268,
                        -0.10082776099443436
                    ],
                    [
                        -1.871138572692871,
                        -1.5270525217056274,
                        -1.9076108932495117,
                        -2.5801644325256348,
                        -1.7116166353225708,
                        -2.3078153133392334,
                        -2.1881096363067627,
                        -2.0447263717651367,
                        -1.7651642560958862,
                        -1.5974853038787842,
                        -2.326730251312256,
                        -1.4832468032836914,
                        -1.3543970584869385,
                        -1.7765544652938843,
                        -1.987955927848816,
                        -1.770764708518982,
                        -1.5688048601150513,
                        -1.4369326829910278,
                        -2.0726678371429443,
                        -1.5763182640075684
                    ]
                ]
            ],
            "states": [
                [
                    [
                        1.0,
                        0.0,
                        3228302.0,
                        80000.0,
                        54889640.0,
                        0.0,
                        6126646.0,
                        0.0
                    ],
                    [
                        0.0,
                        0.0,
                        508653056.0,
                        130000.0,
                        14240621568.0,
                        0.0,
                        6650849.0,
                        77.0
                    ],
                    [
                        1.0,
                        0.0,
                        3228302.0,
                        80000.0,
                        58117940.0,
                        0.0,
                        6128146.0,
                        0.0
                    ],
                    [
                        0.0,
                        0.0,
                        508653056.0,
                        130000.0,
                        14749275136.0,
                        0.0,
                        6650901.0,
                        77.0
                    ],
                    [
                        0.0,
                        0.0,
                        508653056.0,
                        130000.0,
                        0.0,
                        0.0,
                        6650981.0,
                        77.0
                    ],
                    [
                        0.0,
                        0.0,
                        508653056.0,
                        130000.0,
                        508653056.0,
                        0.0,
                        6651061.0,
                        78.0
                    ],
                    [
                        0.0,
                        0.0,
                        508653056.0,
                        130000.0,
                        1017306112.0,
                        0.0,
                        6651141.0,
                        78.0
                    ],
                    [
                        0.0,
                        0.0,
                        508653056.0,
                        130000.0,
                        1525959168.0,
                        0.0,
                        6651193.0,
                        78.0
                    ],
                    [
                        0.0,
                        0.0,
                        508653056.0,
                        130000.0,
                        2034612224.0,
                        0.0,
                        6651245.0,
                        78.0
                    ],
                    [
                        0.0,
                        0.0,
                        508653056.0,
                        130000.0,
                        2543265280.0,
                        0.0,
                        6651297.0,
                        78.0
                    ],
                    [
                        0.0,
                        0.0,
                        508653056.0,
                        130000.0,
                        1017306112.0,
                        0.0,
                        6651141.0,
                        78.0
                    ],
                    [
                        0.0,
                        0.0,
                        508653056.0,
                        130000.0,
                        1525959168.0,
                        0.0,
                        6651193.0,
                        78.0
                    ],
                    [
                        0.0,
                        0.0,
                        508653056.0,
                        130000.0,
                        2034612224.0,
                        0.0,
                        6651245.0,
                        78.0
                    ],
                    [
                        0.0,
                        0.0,
                        508653056.0,
                        130000.0,
                        2543265280.0,
                        0.0,
                        6651297.0,
                        78.0
                    ],
                    [
                        0.0,
                        0.0,
                        508653056.0,
                        130000.0,
                        0.0,
                        0.0,
                        6651369.0,
                        78.0
                    ],
                    [
                        0.0,
                        0.0,
                        508653056.0,
                        130000.0,
                        0.0,
                        0.0,
                        6651369.0,
                        78.0
                    ],
                    [
                        0.0,
                        0.0,
                        508653056.0,
                        140000.0,
                        508653056.0,
                        0.0,
                        6651421.0,
                        79.0
                    ],
                    [
                        0.0,
                        0.0,
                        551602688.0,
                        140000.0,
                        1060255744.0,
                        0.0,
                        6651473.0,
                        79.0
                    ],
                    [
                        0.0,
                        0.0,
                        551602688.0,
                        140000.0,
                        1611858432.0,
                        0.0,
                        6651525.0,
                        79.0
                    ],
                    [
                        0.0,
                        0.0,
                        551602688.0,
                        140000.0,
                        2163461120.0,
                        0.0,
                        6651577.0,
                        79.0
                    ]
                ]
            ],
            "actions": [
                [
                    [
                        0.3333333432674408
                    ],
                    [
                        0.3333333432674408
                    ],
                    [
                        0.3333333432674408
                    ],
                    [
                        0.3333333432674408
                    ],
                    [
                        0.6666666865348816
                    ],
                    [
                        0.3333333432674408
                    ],
                    [
                        0.3333333432674408
                    ],
                    [
                        0.3333333432674408
                    ],
                    [
                        0.3333333432674408
                    ],
                    [
                        0.3333333432674408
                    ],
                    [
                        0.3333333432674408
                    ],
                    [
                        0.3333333432674408
                    ],
                    [
                        0.3333333432674408
                    ],
                    [
                        0.3333333432674408
                    ],
                    [
                        0.6666666865348816
                    ],
                    [
                        0.6666666865348816
                    ],
                    [
                        0.3333333432674408
                    ],
                    [
                        0.3333333432674408
                    ],
                    [
                        0.3333333432674408
                    ],
                    [
                        0.3333333432674408
                    ]
                ]
            ],
            "returns": [
                [
                    [
                        0.22637499868869781
                    ],
                    [
                        0.22604165971279144
                    ],
                    [
                        0.22550000250339508
                    ],
                    [
                        0.2251666635274887
                    ],
                    [
                        0.22462500631809235
                    ],
                    [
                        0.2240833342075348
                    ],
                    [
                        0.22354166209697723
                    ],
                    [
                        0.22300000488758087
                    ],
                    [
                        0.22245833277702332
                    ],
                    [
                        0.22191666066646576
                    ],
                    [
                        0.2213750034570694
                    ],
                    [
                        0.22083333134651184
                    ],
                    [
                        0.22029165923595428
                    ],
                    [
                        0.21975000202655792
                    ],
                    [
                        0.21920832991600037
                    ],
                    [
                        0.218666672706604
                    ],
                    [
                        0.21812500059604645
                    ],
                    [
                        0.2175416648387909
                    ],
                    [
                        0.21695832908153534
                    ],
                    [
                        0.21637499332427979
                    ]
                ]
            ],
            "timesteps": [
                [
                    780,
                    781,
                    782,
                    783,
                    784,
                    785,
                    786,
                    787,
                    788,
                    789,
                    790,
                    791,
                    792,
                    793,
                    794,
                    795,
                    796,
                    797,
                    798,
                    799
                ]
            ],
            "labels": [
                [
                    0,
                    0,
                    0,
                    0,
                    1,
                    0,
                    0,
                    0,
                    0,
                    0,
                    0,
                    0,
                    0,
                    0,
                    1,
                    1,
                    0,
                    0,
                    0,
                    0
                ]
            ],
            "CPU Usage": 3.8,
            "RAM Usage": 17.5,
            "GPU Usage": 81.0,
            "VRAM Usage": 15400.0,
            "Disk Read Speed (MB/s)": 75057177.68652344,
            "Disk Write Speed (MB/s)": 506878175.37597656
        },
        {
            "step": 2,
            "train_loss": 0.003111338708549738,
            "actions_pred1": [
                [
                    [
                        2.9007527828216553,
                        -0.7310144901275635,
                        -2.032702684402466
                    ],
                    [
                        3.076894521713257,
                        -0.5665643215179443,
                        -2.617196559906006
                    ],
                    [
                        3.932543992996216,
                        -0.5143822431564331,
                        -2.903442144393921
                    ],
                    [
                        3.8420937061309814,
                        -0.4164477288722992,
                        -2.2852957248687744
                    ],
                    [
                        0.3492256999015808,
                        2.4151034355163574,
                        -2.131849527359009
                    ],
                    [
                        0.7295255661010742,
                        1.220560908317566,
                        -2.079030990600586
                    ],
                    [
                        3.7630279064178467,
                        -0.6748830080032349,
                        -2.623621940612793
                    ],
                    [
                        3.084733724594116,
                        -0.19787755608558655,
                        -2.0133073329925537
                    ],
                    [
                        3.4272546768188477,
                        -0.7381928563117981,
                        -2.1705751419067383
                    ],
                    [
                        3.6402132511138916,
                        -0.3012803792953491,
                        -2.308953285217285
                    ],
                    [
                        3.9651784896850586,
                        -0.7345964908599854,
                        -2.133049726486206
                    ],
                    [
                        3.7272210121154785,
                        -0.520313024520874,
                        -2.5701651573181152
                    ],
                    [
                        2.8651535511016846,
                        0.8689780235290527,
                        -2.6115403175354004
                    ],
                    [
                        4.099773406982422,
                        -0.49317309260368347,
                        -2.0416035652160645
                    ],
                    [
                        0.7893933057785034,
                        1.754406213760376,
                        -1.9734452962875366
                    ],
                    [
                        3.6675469875335693,
                        -0.40303805470466614,
                        -2.4622654914855957
                    ],
                    [
                        3.2604401111602783,
                        -0.31499922275543213,
                        -2.156236171722412
                    ],
                    [
                        3.466395854949951,
                        0.2831488847732544,
                        -2.6152124404907227
                    ],
                    [
                        2.7416696548461914,
                        -0.0019157426431775093,
                        -2.0365171432495117
                    ],
                    [
                        4.138581275939941,
                        -0.9433454275131226,
                        -1.822561502456665
                    ]
                ]
            ],
            "actions_pred": [
                [
                    [
                        2.9007527828216553,
                        3.076894521713257,
                        3.932543992996216,
                        3.8420937061309814,
                        0.3492256999015808,
                        0.7295255661010742,
                        3.7630279064178467,
                        3.084733724594116,
                        3.4272546768188477,
                        3.6402132511138916,
                        3.9651784896850586,
                        3.7272210121154785,
                        2.8651535511016846,
                        4.099773406982422,
