{
    "steps": [
        {
            "step": 0,
            "train_loss": 0.0003961368929594755,
            "actions_pred1": [
                [
                    [
                        6.8090009689331055,
                        -0.8722739815711975,
                        -2.60388445854187
                    ],
                    [
                        4.643101692199707,
                        0.21104475855827332,
                        -2.7973711490631104
                    ],
                    [
                        4.240584373474121,
                        0.05014732480049133,
                        -2.6038689613342285
                    ],
                    [
                        4.578486919403076,
                        0.09030375629663467,
                        -2.371593952178955
                    ],
                    [
                        -0.4818967878818512,
                        5.0821614265441895,
                        -0.5829595327377319
                    ],
                    [
                        4.370716094970703,
                        -0.0894947201013565,
                        -2.4744346141815186
                    ],
                    [
                        4.8821001052856445,
                        -0.17154626548290253,
                        -2.846888780593872
                    ],
                    [
                        4.89150333404541,
                        -0.6216902136802673,
                        -1.9823054075241089
                    ],
                    [
                        5.36378288269043,
                        -1.2760969400405884,
                        -1.6077948808670044
                    ],
                    [
                        4.212028503417969,
                        -0.7574089169502258,
                        -1.804181694984436
                    ],
                    [
                        3.5757157802581787,
                        -0.1333819031715393,
                        -1.3247712850570679
                    ],
                    [
                        4.524935722351074,
                        0.06846306473016739,
                        -1.7452058792114258
                    ],
                    [
                        4.365915775299072,
                        0.2758287787437439,
                        -1.8964568376541138
                    ],
                    [
                        4.551709175109863,
                        0.498446524143219,
                        -2.138439893722534
                    ],
                    [
                        -0.06444092839956284,
                        4.804839134216309,
                        -1.35215163230896
                    ],
                    [
                        4.48817777633667,
                        0.6145361065864563,
                        -1.7263422012329102
                    ],
                    [
                        4.320009231567383,
                        -0.12046012282371521,
                        -2.028432846069336
                    ],
                    [
                        4.834847927093506,
                        0.07495477795600891,
                        -1.7157068252563477
                    ],
                    [
                        5.085898399353027,
                        0.2931670546531677,
                        -2.529966115951538
                    ],
                    [
                        4.373904228210449,
                        0.49995702505111694,
                        -1.6423364877700806
                    ]
                ]
            ],
            "actions_pred": [
                [
                    [
                        6.8090009689331055,
                        4.643101692199707,
                        4.240584373474121,
                        4.578486919403076,
                        -0.4818967878818512,
                        4.370716094970703,
                        4.8821001052856445,
                        4.89150333404541,
                        5.36378288269043,
                        4.212028503417969,
                        3.5757157802581787,
                        4.524935722351074,
                        4.365915775299072,
                        4.551709175109863,
                        -0.06444092839956284,
                        4.48817777633667,
                        4.320009231567383,
                        4.834847927093506,
                        5.085898399353027,
                        4.373904228210449
                    ],
                    [
                        -0.8722739815711975,
                        0.21104475855827332,
                        0.05014732480049133,
                        0.09030375629663467,
                        5.0821614265441895,
                        -0.0894947201013565,
                        -0.17154626548290253,
                        -0.6216902136802673,
                        -1.2760969400405884,
                        -0.7574089169502258,
                        -0.1333819031715393,
                        0.06846306473016739,
                        0.2758287787437439,
                        0.498446524143219,
                        4.804839134216309,
                        0.6145361065864563,
                        -0.12046012282371521,
                        0.07495477795600891,
                        0.2931670546531677,
                        0.49995702505111694
                    ],
                    [
                        -2.60388445854187,
                        -2.7973711490631104,
                        -2.6038689613342285,
                        -2.371593952178955,
                        -0.5829595327377319,
                        -2.4744346141815186,
                        -2.846888780593872,
                        -1.9823054075241089,
                        -1.6077948808670044,
                        -1.804181694984436,
                        -1.3247712850570679,
                        -1.7452058792114258,
                        -1.8964568376541138,
                        -2.138439893722534,
                        -1.35215163230896,
                        -1.7263422012329102,
                        -2.028432846069336,
                        -1.7157068252563477,
                        -2.529966115951538,
                        -1.6423364877700806
                    ]
                ]
            ],
            "states": [
                [
                    [
                        0.0,
                        0.0,
                        685344640.0,
                        230000.0,
                        12121455616.0,
                        0.0,
                        3149265.0,
                        15.0
                    ],
                    [
                        0.0,
                        0.0,
                        685344640.0,
                        230000.0,
                        12806800384.0,
                        0.0,
                        3150765.0,
                        15.0
                    ],
                    [
                        0.0,
                        0.0,
                        685344640.0,
                        230000.0,
                        13492145152.0,
                        0.0,
                        3152265.0,
                        15.0
                    ],
                    [
                        0.0,
                        0.0,
                        685344640.0,
                        230000.0,
                        14177489920.0,
                        0.0,
                        3153765.0,
                        15.0
                    ],
                    [
                        0.0,
                        0.0,
                        685344640.0,
                        200000.0,
                        0.0,
                        0.0,
                        3155265.0,
                        15.0
                    ],
                    [
                        0.0,
                        0.0,
                        685344640.0,
                        200000.0,
                        685344640.0,
                        0.0,
                        3156765.0,
                        16.0
                    ],
                    [
                        0.0,
                        0.0,
                        685344640.0,
                        200000.0,
                        1370689280.0,
                        0.0,
                        3158265.0,
                        16.0
                    ],
                    [
                        0.0,
                        0.0,
                        685344640.0,
                        200000.0,
                        2056033920.0,
                        0.0,
                        3158317.0,
                        16.0
                    ],
                    [
                        0.0,
                        0.0,
                        685344640.0,
                        200000.0,
                        2741378560.0,
                        0.0,
                        3159817.0,
                        16.0
                    ],
                    [
                        0.0,
                        0.0,
                        685344640.0,
                        200000.0,
                        3426723328.0,
                        0.0,
                        3161317.0,
                        16.0
                    ],
                    [
                        0.0,
                        0.0,
                        685344640.0,
                        200000.0,
                        1370689280.0,
                        0.0,
                        3158265.0,
                        16.0
                    ],
                    [
                        0.0,
                        0.0,
                        685344640.0,
                        200000.0,
                        2056033920.0,
                        0.0,
                        3158317.0,
                        16.0
                    ],
                    [
                        0.0,
                        0.0,
                        685344640.0,
                        200000.0,
                        2741378560.0,
                        0.0,
                        3159817.0,
                        16.0
                    ],
                    [
                        0.0,
                        0.0,
                        685344640.0,
                        200000.0,
                        3426723328.0,
                        0.0,
                        3161317.0,
                        16.0
                    ],
                    [
                        0.0,
                        0.0,
                        685344640.0,
                        200000.0,
                        0.0,
                        0.0,
                        3162817.0,
                        16.0
                    ],
                    [
                        0.0,
                        0.0,
                        202160848.0,
                        60000.0,
                        17231663104.0,
                        0.0,
                        3184841.0,
                        17.0
                    ],
                    [
                        0.0,
                        0.0,
                        202160848.0,
                        60000.0,
                        17433825280.0,
                        0.0,
                        3186341.0,
                        17.0
                    ],
                    [
                        0.0,
                        0.0,
                        202160848.0,
                        60000.0,
                        17635985408.0,
                        0.0,
                        3186393.0,
                        17.0
                    ],
                    [
                        0.0,
                        0.0,
                        248465952.0,
                        60000.0,
                        17884450816.0,
                        0.0,
                        3186445.0,
                        17.0
                    ],
                    [
                        0.0,
                        0.0,
                        248465952.0,
                        60000.0,
                        18132916224.0,
                        0.0,
                        3187945.0,
                        17.0
                    ]
                ]
            ],
            "actions": [
                [
                    [
                        0.3333333432674408
                    ],
                    [
                        0.3333333432674408
                    ],
                    [
                        0.3333333432674408
                    ],
                    [
                        0.3333333432674408
                    ],
                    [
                        0.6666666865348816
                    ],
                    [
                        0.3333333432674408
                    ],
                    [
                        0.3333333432674408
                    ],
                    [
                        0.3333333432674408
                    ],
                    [
                        0.3333333432674408
                    ],
                    [
                        0.3333333432674408
                    ],
                    [
                        0.3333333432674408
                    ],
                    [
                        0.3333333432674408
                    ],
                    [
                        0.3333333432674408
                    ],
                    [
                        0.3333333432674408
                    ],
                    [
                        0.6666666865348816
                    ],
                    [
                        0.3333333432674408
                    ],
                    [
                        0.3333333432674408
                    ],
                    [
                        0.3333333432674408
                    ],
                    [
                        0.3333333432674408
                    ],
                    [
                        0.3333333432674408
                    ]
                ]
            ],
            "returns": [
                [
                    [
                        0.5189999938011169
                    ],
                    [
                        0.5180416703224182
                    ],
                    [
                        0.5170833468437195
                    ],
                    [
                        0.5161250233650208
                    ],
                    [
                        0.5151666402816772
                    ],
                    [
                        0.5143333077430725
                    ],
                    [
                        0.5134999752044678
                    ],
                    [
                        0.512666642665863
                    ],
                    [
                        0.5118333101272583
                    ],
                    [
                        0.5109999775886536
                    ],
                    [
                        0.5101666450500488
                    ],
                    [
                        0.5093333125114441
                    ],
                    [
                        0.5084999799728394
                    ],
                    [
                        0.5076666474342346
                    ],
                    [
                        0.5068333148956299
                    ],
                    [
                        0.5059999823570251
                    ],
                    [
                        0.5057500004768372
                    ],
                    [
                        0.5055000185966492
                    ],
                    [
                        0.5052499771118164
                    ],
                    [
                        0.5049999952316284
                    ]
                ]
            ],
            "timesteps": [
                [
                    160,
                    161,
                    162,
                    163,
                    164,
                    165,
                    166,
                    167,
                    168,
                    169,
                    170,
                    171,
                    172,
                    173,
                    174,
                    175,
                    176,
                    177,
                    178,
                    179
                ]
            ],
            "labels": [
                [
                    0,
                    0,
                    0,
                    0,
                    1,
                    0,
                    0,
                    0,
                    0,
                    0,
                    0,
                    0,
                    0,
                    0,
                    1,
                    0,
                    0,
                    0,
                    0,
                    0
                ]
            ],
            "CPU Usage": 5.1,
            "RAM Usage": 17.4,
            "GPU Usage": 41.0,
            "VRAM Usage": 15400.0,
            "Disk Read Speed (MB/s)": 75057177.68652344,
            "Disk Write Speed (MB/s)": 506878249.61816406
        },
        {
            "step": 1,
            "train_loss": 0.000837892119307071,
            "actions_pred1": [
                [
                    [
                        5.0836334228515625,
                        -1.2074204683303833,
                        -2.8027138710021973
                    ],
                    [
                        3.0505523681640625,
                        -0.3536999821662903,
                        -2.0675244331359863
                    ],
                    [
                        3.0251848697662354,
                        -0.7143609523773193,
                        -2.24617075920105
                    ],
                    [
                        3.0252556800842285,
                        -0.49484944343566895,
                        -2.0928966999053955
                    ],
                    [
                        -1.2307616472244263,
                        2.2235710620880127,
                        -2.2491424083709717
                    ],
                    [
                        3.511894941329956,
                        -1.3004142045974731,
                        -1.9037967920303345
                    ],
                    [
                        3.271817207336426,
                        -0.9821492433547974,
                        -1.8998034000396729
                    ],
                    [
                        -1.7461967468261719,
                        3.0129733085632324,
                        -1.2415947914123535
                    ],
                    [
                        3.747330904006958,
                        -1.1022766828536987,
                        -1.554744839668274
                    ],
                    [
                        2.9093575477600098,
                        -0.478889524936676,
                        -1.9771020412445068
                    ],
                    [
                        3.8051984310150146,
                        -0.28631675243377686,
                        -1.885515570640564
                    ],
                    [
                        -1.3494096994400024,
                        4.825132846832275,
                        -0.6130547523498535
                    ],
                    [
                        3.7009027004241943,
                        -1.2588778734207153,
                        -2.332848310470581
                    ],
                    [
                        3.396047592163086,
                        -0.1607247143983841,
                        -1.659662127494812
                    ],
                    [
                        -0.31721732020378113,
                        3.147799491882324,
                        -1.4815703630447388
                    ],
                    [
                        3.788189649581909,
                        -0.5730463266372681,
                        -2.1042115688323975
                    ],
                    [
                        3.6727242469787598,
                        -0.3632184863090515,
                        -1.8394365310668945
                    ],
                    [
                        3.653386116027832,
                        0.12830208241939545,
                        -1.6080069541931152
                    ],
                    [
                        3.8049709796905518,
                        -0.13047130405902863,
                        -1.6315572261810303
                    ],
                    [
                        3.3640706539154053,
                        0.76176917552948,
                        -1.704366683959961
                    ]
                ]
            ],
            "actions_pred": [
                [
                    [
                        5.0836334228515625,
                        3.0505523681640625,
                        3.0251848697662354,
                        3.0252556800842285,
                        -1.2307616472244263,
                        3.511894941329956,
                        3.271817207336426,
                        -1.7461967468261719,
                        3.747330904006958,
                        2.9093575477600098,
                        3.8051984310150146,
                        -1.3494096994400024,
                        3.7009027004241943,
                        3.396047592163086,
                        -0.31721732020378113,
                        3.788189649581909,
                        3.6727242469787598,
                        3.653386116027832,
                        3.8049709796905518,
                        3.3640706539154053
                    ],
                    [
                        -1.2074204683303833,
                        -0.3536999821662903,
                        -0.7143609523773193,
                        -0.49484944343566895,
                        2.2235710620880127,
                        -1.3004142045974731,
                        -0.9821492433547974,
                        3.0129733085632324,
                        -1.1022766828536987,
                        -0.478889524936676,
                        -0.28631675243377686,
                        4.825132846832275,
                        -1.2588778734207153,
                        -0.1607247143983841,
                        3.147799491882324,
                        -0.5730463266372681,
                        -0.3632184863090515,
                        0.12830208241939545,
                        -0.13047130405902863,
                        0.76176917552948
                    ],
                    [
                        -2.8027138710021973,
                        -2.0675244331359863,
                        -2.24617075920105,
                        -2.0928966999053955,
                        -2.2491424083709717,
                        -1.9037967920303345,
                        -1.8998034000396729,
                        -1.2415947914123535,
                        -1.554744839668274,
                        -1.9771020412445068,
                        -1.885515570640564,
                        -0.6130547523498535,
                        -2.332848310470581,
                        -1.659662127494812,
                        -1.4815703630447388,
                        -2.1042115688323975,
                        -1.8394365310668945,
                        -1.6080069541931152,
                        -1.6315572261810303,
                        -1.704366683959961
                    ]
                ]
            ],
            "states": [
                [
                    [
                        0.0,
                        0.0,
                        642395008.0,
                        230000.0,
                        10534167552.0,
                        0.0,
                        3126233.0,
                        13.0
                    ],
                    [
                        0.0,
                        0.0,
                        642395008.0,
                        230000.0,
                        11176562688.0,
                        0.0,
                        3126285.0,
                        13.0
                    ],
                    [
                        0.0,
                        0.0,
                        642395008.0,
                        230000.0,
                        11818957824.0,
                        0.0,
                        3126337.0,
                        13.0
                    ],
                    [
                        0.0,
                        0.0,
                        642395008.0,
                        230000.0,
                        12461352960.0,
                        0.0,
                        3126389.0,
                        13.0
                    ],
                    [
                        0.0,
                        0.0,
                        642395008.0,
                        230000.0,
                        0.0,
                        0.0,
                        3126441.0,
                        13.0
                    ],
                    [
                        0.0,
                        0.0,
                        642395008.0,
                        230000.0,
                        11818957824.0,
                        0.0,
                        3126337.0,
                        13.0
                    ],
                    [
                        0.0,
                        0.0,
                        642395008.0,
                        230000.0,
                        12461352960.0,
                        0.0,
                        3126389.0,
                        13.0
                    ],
                    [
                        0.0,
                        0.0,
                        642395008.0,
                        230000.0,
                        0.0,
                        0.0,
                        3126441.0,
                        13.0
                    ],
                    [
                        0.0,
                        0.0,
                        642395008.0,
                        230000.0,
                        642395008.0,
                        0.0,
                        3126493.0,
                        14.0
                    ],
                    [
                        0.0,
                        0.0,
                        642395008.0,
                        230000.0,
                        1284790016.0,
                        0.0,
                        3127993.0,
                        14.0
                    ],
                    [
                        0.0,
                        0.0,
                        642395008.0,
                        230000.0,
                        12461352960.0,
                        0.0,
                        3126389.0,
                        13.0
                    ],
                    [
                        0.0,
                        0.0,
                        642395008.0,
                        230000.0,
                        0.0,
                        0.0,
                        3126441.0,
                        13.0
                    ],
                    [
                        0.0,
                        0.0,
                        642395008.0,
                        230000.0,
                        642395008.0,
                        0.0,
                        3126493.0,
                        14.0
                    ],
                    [
                        0.0,
                        0.0,
                        642395008.0,
                        230000.0,
                        1284790016.0,
                        0.0,
                        3127993.0,
                        14.0
                    ],
                    [
                        0.0,
                        0.0,
                        642395008.0,
                        230000.0,
                        0.0,
                        0.0,
                        3129493.0,
                        14.0
                    ],
                    [
                        0.0,
                        0.0,
                        685344640.0,
                        230000.0,
                        11436110848.0,
                        0.0,
                        3147765.0,
                        15.0
                    ],
                    [
                        0.0,
                        0.0,
                        685344640.0,
                        230000.0,
                        12121455616.0,
                        0.0,
                        3149265.0,
                        15.0
                    ],
                    [
                        0.0,
                        0.0,
                        685344640.0,
                        230000.0,
                        12806800384.0,
                        0.0,
                        3150765.0,
                        15.0
                    ],
                    [
                        0.0,
                        0.0,
                        685344640.0,
                        230000.0,
                        13492145152.0,
                        0.0,
                        3152265.0,
                        15.0
                    ],
                    [
                        0.0,
                        0.0,
                        685344640.0,
                        230000.0,
                        14177489920.0,
                        0.0,
                        3153765.0,
                        15.0
                    ]
                ]
            ],
            "actions": [
                [
                    [
                        0.3333333432674408
                    ],
                    [
                        0.3333333432674408
                    ],
                    [
                        0.3333333432674408
                    ],
                    [
                        0.3333333432674408
                    ],
                    [
                        0.6666666865348816
                    ],
                    [
                        0.3333333432674408
                    ],
                    [
                        0.3333333432674408
                    ],
                    [
                        0.6666666865348816
                    ],
                    [
                        0.3333333432674408
                    ],
                    [
                        0.3333333432674408
                    ],
                    [
                        0.3333333432674408
                    ],
                    [
                        0.6666666865348816
                    ],
                    [
                        0.3333333432674408
                    ],
                    [
                        0.3333333432674408
                    ],
                    [
                        0.6666666865348816
                    ],
                    [
                        0.3333333432674408
                    ],
                    [
                        0.3333333432674408
                    ],
                    [
                        0.3333333432674408
                    ],
                    [
                        0.3333333432674408
                    ],
                    [
                        0.3333333432674408
                    ]
                ]
            ],
            "returns": [
                [
                    [
                        0.5381666421890259
                    ],
                    [
                        0.5372083187103271
                    ],
                    [
                        0.5362499952316284
                    ],
                    [
                        0.5352916717529297
                    ],
                    [
                        0.534333348274231
                    ],
                    [
                        0.5333750247955322
                    ],
                    [
                        0.5324166417121887
                    ],
                    [
                        0.53145831823349
                    ],
                    [
                        0.5304999947547913
                    ],
                    [
                        0.5295416712760925
                    ],
                    [
                        0.5285833477973938
                    ],
                    [
                        0.5276250243186951
                    ],
                    [
                        0.5266666412353516
                    ],
                    [
                        0.5257083177566528
                    ],
                    [
                        0.5247499942779541
                    ],
                    [
                        0.5237916707992554
                    ],
                    [
                        0.5228333473205566
                    ],
                    [
                        0.5218750238418579
                    ],
                    [
                        0.5209166407585144
                    ],
                    [
                        0.5199583172798157
                    ]
                ]
            ],
            "timesteps": [
                [
                    140,
                    141,
                    142,
                    143,
                    144,
                    145,
                    146,
                    147,
                    148,
                    149,
                    150,
                    151,
                    152,
                    153,
                    154,
                    155,
                    156,
                    157,
                    158,
                    159
                ]
            ],
            "labels": [
                [
                    0,
                    0,
                    0,
                    0,
                    1,
                    0,
                    0,
                    1,
                    0,
                    0,
                    0,
                    1,
                    0,
                    0,
                    1,
                    0,
                    0,
                    0,
                    0,
                    0
                ]
            ],
            "CPU Usage": 5.2,
            "RAM Usage": 17.4,
            "GPU Usage": 80.0,
            "VRAM Usage": 15400.0,
            "Disk Read Speed (MB/s)": 75057177.68652344,
            "Disk Write Speed (MB/s)": 506878249.61816406
        },
        {
            "step": 2,
            "train_loss": 0.0009789187461137772,
            "actions_pred1": [
                [
                    [
                        6.335464000701904,
                        -1.5009520053863525,
                        -2.780937433242798
                    ],
                    [
                        5.72438383102417,
                        -0.10768749564886093,
                        -2.04022216796875
                    ],
                    [
                        5.540802955627441,
                        -0.8891066312789917,
                        -1.2926827669143677
                    ],
                    [
                        2.92031192779541,
                        0.06449750065803528,
                        -3.3830363750457764
                    ],
                    [
                        -0.566307783126831,
                        4.683056831359863,
                        -2.0110855102539062
                    ],
                    [
                        4.90396785736084,
                        0.796199381351471,
                        -3.3029839992523193
                    ],
                    [
                        4.9407854080200195,
                        -0.0562756285071373,
                        -2.7827646732330322
                    ],
                    [
                        3.9267988204956055,
                        0.23009222745895386,
                        -2.7149462699890137
                    ],
                    [
                        3.8106868267059326,
                        0.5590503811836243,
                        -2.5993735790252686
                    ],
                    [
                        4.115710258483887,
                        0.6146325469017029,
                        -2.1976168155670166
                    ],
                    [
                        4.720316410064697,
                        0.23737861216068268,
                        -2.603738307952881
                    ],
                    [
                        4.499196529388428,
                        0.6274286508560181,
                        -2.2310376167297363
                    ],
                    [
                        3.473285675048828,
                        0.42379820346832275,
                        -2.295609712600708
                    ],
                    [
                        2.9296746253967285,
                        1.2729227542877197,
                        -2.5375638008117676
                    ],
                    [
                        -0.7889730334281921,
                        3.9776904582977295,
                        -1.2348272800445557
                    ],
                    [
                        4.217597484588623,
                        0.22633010149002075,
                        -2.380716562271118
                    ],
                    [
                        3.459192991256714,
                        0.6360629200935364,
                        -2.6392436027526855
                    ],
                    [
                        3.8024022579193115,
                        0.5766658782958984,
                        -2.2168498039245605
                    ],
                    [
                        3.977876663208008,
                        0.14548541605472565,
                        -2.1430838108062744
                    ],
                    [
                        4.2070746421813965,
                        -0.014510035514831543,
                        -2.322171211242676
                    ]
                ]
            ],
            "actions_pred": [
                [
                    [
                        6.335464000701904,
                        5.72438383102417,
                        5.540802955627441,
                        2.92031192779541,
                        -0.566307783126831,
                        4.90396785736084,
                        4.9407854080200195,
                        3.9267988204956055,
                        3.8106868267059326,
                        4.115710258483887,
                        4.720316410064697,
                        4.499196529388428,
                        3.473285675048828,
                        2.9296746253967285,
                        -0.7889730334281921,
                        4.217597484588623,
