{
    "steps": [
        {
            "step": 0,
            "train_loss": 0.010652510449290276,
            "actions_pred1": [
                [
                    [
                        1.7648018598556519,
                        0.2104792296886444,
                        -1.62937593460083
                    ],
                    [
                        2.015791893005371,
                        0.13690070807933807,
                        -2.0145716667175293
                    ],
                    [
                        2.4578237533569336,
                        0.08004666119813919,
                        -2.123981237411499
                    ],
                    [
                        2.1712069511413574,
                        0.11941409856081009,
                        -1.8672367334365845
                    ],
                    [
                        2.538557529449463,
                        0.0404621921479702,
                        -1.7611294984817505
                    ],
                    [
                        2.569361925125122,
                        -0.06095564737915993,
                        -1.642899751663208
                    ],
                    [
                        2.5962166786193848,
                        -0.09927011281251907,
                        -1.911264419555664
                    ],
                    [
                        2.624277353286743,
                        0.044771190732717514,
                        -1.9203511476516724
                    ],
                    [
                        2.4292032718658447,
                        -0.1320827603340149,
                        -2.0734074115753174
                    ],
                    [
                        2.5166752338409424,
                        -0.05241823568940163,
                        -1.9341644048690796
                    ],
                    [
                        2.7697460651397705,
                        -0.09157485514879227,
                        -1.9866466522216797
                    ],
                    [
                        2.9659037590026855,
                        -0.116160549223423,
                        -1.8319169282913208
                    ],
                    [
                        2.6353759765625,
                        -0.08062443882226944,
                        -2.075923442840576
                    ],
                    [
                        2.7803187370300293,
                        0.01042934786528349,
                        -2.0521485805511475
                    ],
                    [
                        2.4025633335113525,
                        0.1153075322508812,
                        -1.3511861562728882
                    ],
                    [
                        2.1874547004699707,
                        -0.13690590858459473,
                        -1.4799665212631226
                    ],
                    [
                        1.9197287559509277,
                        -0.06383080035448074,
                        -1.706411361694336
                    ],
                    [
                        2.194216012954712,
                        -0.13495346903800964,
                        -1.519048810005188
                    ],
                    [
                        2.2553064823150635,
                        -0.13068796694278717,
                        -1.9667613506317139
                    ],
                    [
                        2.8236920833587646,
                        -0.1627800464630127,
                        -1.7194368839263916
                    ]
                ]
            ],
            "actions_pred": [
                [
                    [
                        1.7648018598556519,
                        2.015791893005371,
                        2.4578237533569336,
                        2.1712069511413574,
                        2.538557529449463,
                        2.569361925125122,
                        2.5962166786193848,
                        2.624277353286743,
                        2.4292032718658447,
                        2.5166752338409424,
                        2.7697460651397705,
                        2.9659037590026855,
                        2.6353759765625,
                        2.7803187370300293,
                        2.4025633335113525,
                        2.1874547004699707,
                        1.9197287559509277,
                        2.194216012954712,
                        2.2553064823150635,
                        2.8236920833587646
                    ],
                    [
                        0.2104792296886444,
                        0.13690070807933807,
                        0.08004666119813919,
                        0.11941409856081009,
                        0.0404621921479702,
                        -0.06095564737915993,
                        -0.09927011281251907,
                        0.044771190732717514,
                        -0.1320827603340149,
                        -0.05241823568940163,
                        -0.09157485514879227,
                        -0.116160549223423,
                        -0.08062443882226944,
                        0.01042934786528349,
                        0.1153075322508812,
                        -0.13690590858459473,
                        -0.06383080035448074,
                        -0.13495346903800964,
                        -0.13068796694278717,
                        -0.1627800464630127
                    ],
                    [
                        -1.62937593460083,
                        -2.0145716667175293,
                        -2.123981237411499,
                        -1.8672367334365845,
                        -1.7611294984817505,
                        -1.642899751663208,
                        -1.911264419555664,
                        -1.9203511476516724,
                        -2.0734074115753174,
                        -1.9341644048690796,
                        -1.9866466522216797,
                        -1.8319169282913208,
                        -2.075923442840576,
                        -2.0521485805511475,
                        -1.3511861562728882,
                        -1.4799665212631226,
                        -1.706411361694336,
                        -1.519048810005188,
                        -1.9667613506317139,
                        -1.7194368839263916
                    ]
                ]
            ],
            "states": [
                [
                    [
                        0.0,
                        0.0,
                        601263296.0,
                        140000.0,
                        16133444608.0,
                        0.0,
                        6698357.0,
                        81.0
                    ],
                    [
                        0.0,
                        0.0,
                        601263296.0,
                        140000.0,
                        16734708736.0,
                        0.0,
                        6698409.0,
                        81.0
                    ],
                    [
                        0.0,
                        0.0,
                        601263296.0,
                        140000.0,
                        17335971840.0,
                        0.0,
                        6698461.0,
                        81.0
                    ],
                    [
                        0.0,
                        0.0,
                        601263296.0,
                        140000.0,
                        17937233920.0,
                        0.0,
                        6698541.0,
                        81.0
                    ],
                    [
                        0.0,
                        0.0,
                        601263296.0,
                        140000.0,
                        18538498048.0,
                        0.0,
                        6698593.0,
                        81.0
                    ],
                    [
                        0.0,
                        0.0,
                        634817728.0,
                        110000.0,
                        9488710656.0,
                        0.0,
                        6702449.0,
                        82.0
                    ],
                    [
                        0.0,
                        0.0,
                        634817728.0,
                        110000.0,
                        10123529216.0,
                        0.0,
                        6702501.0,
                        82.0
                    ],
                    [
                        0.0,
                        0.0,
                        634817728.0,
                        70000.0,
                        10758346752.0,
                        0.0,
                        6702581.0,
                        82.0
                    ],
                    [
                        0.0,
                        0.0,
                        634817728.0,
                        70000.0,
                        11393164288.0,
                        0.0,
                        6702661.0,
                        82.0
                    ],
                    [
                        0.0,
                        0.0,
                        634817728.0,
                        70000.0,
                        12027981824.0,
                        0.0,
                        6702733.0,
                        82.0
                    ],
                    [
                        0.0,
                        0.0,
                        634817728.0,
                        110000.0,
                        10123529216.0,
                        0.0,
                        6702501.0,
                        82.0
                    ],
                    [
                        0.0,
                        0.0,
                        634817728.0,
                        70000.0,
                        10758346752.0,
                        0.0,
                        6702581.0,
                        82.0
                    ],
                    [
                        0.0,
                        0.0,
                        634817728.0,
                        70000.0,
                        11393164288.0,
                        0.0,
                        6702661.0,
                        82.0
                    ],
                    [
                        0.0,
                        0.0,
                        634817728.0,
                        70000.0,
                        12027981824.0,
                        0.0,
                        6702733.0,
                        82.0
                    ],
                    [
                        0.0,
                        0.0,
                        634817728.0,
                        70000.0,
                        0.0,
                        0.0,
                        6702813.0,
                        82.0
                    ],
                    [
                        1.0,
                        150000.0,
                        0.0,
                        0.0,
                        0.0,
                        0.0,
                        6135646.0,
                        0.0
                    ],
                    [
                        1.0,
                        150000.0,
                        0.0,
                        0.0,
                        0.0,
                        0.0,
                        6137146.0,
                        0.0
                    ],
                    [
                        1.0,
                        150000.0,
                        0.0,
                        0.0,
                        0.0,
                        0.0,
                        6138646.0,
                        0.0
                    ],
                    [
                        1.0,
                        150000.0,
                        0.0,
                        0.0,
                        0.0,
                        0.0,
                        6140146.0,
                        0.0
                    ],
                    [
                        0.0,
                        0.0,
                        504626496.0,
                        80000.0,
                        5510626304.0,
                        0.0,
                        6703585.0,
                        83.0
                    ]
                ]
            ],
            "actions": [
                [
                    [
                        0.3333333432674408
                    ],
                    [
                        0.3333333432674408
                    ],
                    [
                        0.3333333432674408
                    ],
                    [
                        0.3333333432674408
                    ],
                    [
                        0.6666666865348816
                    ],
                    [
                        0.3333333432674408
                    ],
                    [
                        0.3333333432674408
                    ],
                    [
                        0.3333333432674408
                    ],
                    [
                        0.3333333432674408
                    ],
                    [
                        0.3333333432674408
                    ],
                    [
                        0.3333333432674408
                    ],
                    [
                        0.3333333432674408
                    ],
                    [
                        0.3333333432674408
                    ],
                    [
                        0.3333333432674408
                    ],
                    [
                        0.6666666865348816
                    ],
                    [
                        0.3333333432674408
                    ],
                    [
                        0.3333333432674408
                    ],
                    [
                        0.3333333432674408
                    ],
                    [
                        0.3333333432674408
                    ],
                    [
                        0.3333333432674408
                    ]
                ]
            ],
            "returns": [
                [
                    [
                        0.20370833575725555
                    ],
                    [
                        0.203125
                    ],
                    [
                        0.20254166424274445
                    ],
                    [
                        0.2019583284854889
                    ],
                    [
                        0.20137499272823334
                    ],
                    [
                        0.20079167187213898
                    ],
                    [
                        0.20033332705497742
                    ],
                    [
                        0.19987499713897705
                    ],
                    [
                        0.19958333671092987
                    ],
                    [
                        0.1992916613817215
                    ],
                    [
                        0.19900000095367432
                    ],
                    [
                        0.19854167103767395
                    ],
                    [
                        0.19824999570846558
                    ],
                    [
                        0.1979583352804184
                    ],
                    [
                        0.19766665995121002
                    ],
                    [
                        0.19737499952316284
                    ],
                    [
                        0.19737499952316284
                    ],
                    [
                        0.19737499952316284
                    ],
                    [
                        0.19737499952316284
                    ],
                    [
                        0.19737499952316284
                    ]
                ]
            ],
            "timesteps": [
                [
                    820,
                    821,
                    822,
                    823,
                    824,
                    825,
                    826,
                    827,
                    828,
                    829,
                    830,
                    831,
                    832,
                    833,
                    834,
                    835,
                    836,
                    837,
                    838,
                    839
                ]
            ],
            "labels": [
                [
                    0,
                    0,
                    0,
                    0,
                    1,
                    0,
                    0,
                    0,
                    0,
                    0,
                    0,
                    0,
                    0,
                    0,
                    1,
                    0,
                    0,
                    0,
                    0,
                    0
                ]
            ],
            "CPU Usage": 4.5,
            "RAM Usage": 17.5,
            "GPU Usage": 41.0,
            "VRAM Usage": 15400.0,
            "Disk Read Speed (MB/s)": 75057177.68652344,
            "Disk Write Speed (MB/s)": 506878083.71191406
        },
        {
            "step": 1,
            "train_loss": 0.010652641765773296,
            "actions_pred1": [
                [
                    [
                        1.6403268575668335,
                        0.0697893425822258,
                        -1.3279187679290771
                    ],
                    [
                        1.6043953895568848,
                        0.3017793893814087,
                        -1.4488389492034912
                    ],
                    [
                        1.9418916702270508,
                        0.2872868776321411,
                        -1.5246713161468506
                    ],
                    [
                        2.3328123092651367,
                        0.18137049674987793,
                        -1.5498226881027222
                    ],
                    [
                        2.171865463256836,
                        0.04583879932761192,
                        -1.6186915636062622
                    ],
                    [
                        2.2246880531311035,
                        0.20778502523899078,
                        -1.701650857925415
                    ],
                    [
                        2.0188992023468018,
                        0.1673450469970703,
                        -1.6309313774108887
                    ],
                    [
                        2.3047947883605957,
                        0.40509355068206787,
                        -1.7992777824401855
                    ],
                    [
                        2.0840282440185547,
                        0.28445276618003845,
                        -1.490906000137329
                    ],
                    [
                        2.04136061668396,
                        0.17565679550170898,
                        -1.6943479776382446
                    ],
                    [
                        2.268531084060669,
                        0.19334225356578827,
                        -1.7295607328414917
                    ],
                    [
                        2.1072044372558594,
                        0.2863839268684387,
                        -1.772173523902893
                    ],
                    [
                        2.410527229309082,
                        0.26922452449798584,
                        -1.5675392150878906
                    ],
                    [
                        2.3018381595611572,
                        0.32811686396598816,
                        -1.6424956321716309
                    ],
                    [
                        1.8987332582473755,
                        0.3165094256401062,
                        -1.762973666191101
                    ],
                    [
                        2.428354263305664,
                        0.14075320959091187,
                        -1.7268524169921875
                    ],
                    [
                        2.338348627090454,
                        0.046417977660894394,
                        -1.963011384010315
                    ],
                    [
                        2.3787379264831543,
                        -0.04445669427514076,
                        -1.7547309398651123
                    ],
                    [
                        2.232484817504883,
                        -0.10858871787786484,
                        -1.7842051982879639
                    ],
                    [
                        2.2714312076568604,
                        0.06583858281373978,
                        -1.5910170078277588
                    ]
                ]
            ],
            "actions_pred": [
                [
                    [
                        1.6403268575668335,
                        1.6043953895568848,
                        1.9418916702270508,
                        2.3328123092651367,
                        2.171865463256836,
                        2.2246880531311035,
                        2.0188992023468018,
                        2.3047947883605957,
                        2.0840282440185547,
                        2.04136061668396,
                        2.268531084060669,
                        2.1072044372558594,
                        2.410527229309082,
                        2.3018381595611572,
                        1.8987332582473755,
                        2.428354263305664,
                        2.338348627090454,
                        2.3787379264831543,
                        2.232484817504883,
                        2.2714312076568604
                    ],
                    [
                        0.0697893425822258,
                        0.3017793893814087,
                        0.2872868776321411,
                        0.18137049674987793,
                        0.04583879932761192,
                        0.20778502523899078,
                        0.1673450469970703,
                        0.40509355068206787,
                        0.28445276618003845,
                        0.17565679550170898,
                        0.19334225356578827,
                        0.2863839268684387,
                        0.26922452449798584,
                        0.32811686396598816,
                        0.3165094256401062,
                        0.14075320959091187,
                        0.046417977660894394,
                        -0.04445669427514076,
                        -0.10858871787786484,
                        0.06583858281373978
                    ],
                    [
                        -1.3279187679290771,
                        -1.4488389492034912,
                        -1.5246713161468506,
                        -1.5498226881027222,
                        -1.6186915636062622,
                        -1.701650857925415,
                        -1.6309313774108887,
                        -1.7992777824401855,
                        -1.490906000137329,
                        -1.6943479776382446,
                        -1.7295607328414917,
                        -1.772173523902893,
                        -1.5675392150878906,
                        -1.6424956321716309,
                        -1.762973666191101,
                        -1.7268524169921875,
                        -1.963011384010315,
                        -1.7547309398651123,
                        -1.7842051982879639,
                        -1.5910170078277588
                    ]
                ]
            ],
            "states": [
                [
                    [
                        0.0,
                        0.0,
                        310010816.0,
                        10000.0,
                        17173278720.0,
                        0.0,
                        6744565.0,
                        85.0
                    ],
                    [
                        0.0,
                        0.0,
                        310010816.0,
                        10000.0,
                        17483288576.0,
                        0.0,
                        6744645.0,
                        85.0
                    ],
                    [
                        0.0,
                        0.0,
                        310010816.0,
                        10000.0,
                        17793300480.0,
                        0.0,
                        6744697.0,
                        85.0
                    ],
                    [
                        0.0,
                        0.0,
                        310010816.0,
                        10000.0,
                        18103310336.0,
                        0.0,
                        6744777.0,
                        85.0
                    ],
                    [
                        0.0,
                        0.0,
                        310010816.0,
                        10000.0,
                        18413322240.0,
                        0.0,
                        6744829.0,
                        85.0
                    ],
                    [
                        0.0,
                        0.0,
                        310010816.0,
                        10000.0,
                        6200216064.0,
                        0.0,
                        6749021.0,
                        86.0
                    ],
                    [
                        0.0,
                        0.0,
                        310010816.0,
                        10000.0,
                        6510226944.0,
                        0.0,
                        6749093.0,
                        86.0
                    ],
                    [
                        0.0,
                        0.0,
                        310010816.0,
                        10000.0,
                        6820237824.0,
                        0.0,
                        6749165.0,
                        86.0
                    ],
                    [
                        0.0,
                        0.0,
                        310010816.0,
                        10000.0,
                        7130248192.0,
                        0.0,
                        6749237.0,
                        86.0
                    ],
                    [
                        0.0,
                        0.0,
                        310010816.0,
                        10000.0,
                        7440259072.0,
                        0.0,
                        6749309.0,
                        86.0
                    ],
                    [
                        0.0,
                        0.0,
                        310010816.0,
                        10000.0,
                        6510226944.0,
                        0.0,
                        6749093.0,
                        86.0
                    ],
                    [
                        0.0,
                        0.0,
                        310010816.0,
                        10000.0,
                        6820237824.0,
                        0.0,
                        6749165.0,
                        86.0
                    ],
                    [
                        0.0,
                        0.0,
                        310010816.0,
                        10000.0,
                        7130248192.0,
                        0.0,
                        6749237.0,
                        86.0
                    ],
                    [
                        0.0,
                        0.0,
                        310010816.0,
                        10000.0,
                        7440259072.0,
                        0.0,
                        6749309.0,
                        86.0
                    ],
                    [
                        0.0,
                        0.0,
                        310010816.0,
                        10000.0,
                        0.0,
                        0.0,
                        6749373.0,
                        86.0
                    ],
                    [
                        1.0,
                        120000.0,
                        182844.0,
                        40000.0,
                        2414325.0,
                        0.0,
                        6252646.0,
                        0.0
                    ],
                    [
                        1.0,
                        120000.0,
                        182844.0,
                        40000.0,
                        2414325.0,
                        0.0,
                        6254146.0,
                        0.0
                    ],
                    [
                        0.0,
                        0.0,
                        351618304.0,
                        80000.0,
                        13232581632.0,
                        0.0,
                        6764921.0,
                        87.0
                    ],
                    [
                        0.0,
                        0.0,
                        351618304.0,
                        80000.0,
                        13584200704.0,
                        0.0,
                        6764985.0,
                        87.0
                    ],
                    [
                        0.0,
                        0.0,
                        351618304.0,
                        80000.0,
                        13935818752.0,
                        0.0,
                        6765037.0,
                        87.0
                    ]
                ]
            ],
            "actions": [
                [
                    [
                        0.3333333432674408
                    ],
                    [
                        0.3333333432674408
                    ],
                    [
                        0.3333333432674408
                    ],
                    [
                        0.3333333432674408
                    ],
                    [
                        0.6666666865348816
                    ],
                    [
                        0.3333333432674408
                    ],
                    [
                        0.3333333432674408
                    ],
                    [
                        0.3333333432674408
                    ],
                    [
                        0.3333333432674408
                    ],
                    [
                        0.3333333432674408
                    ],
                    [
                        0.3333333432674408
                    ],
                    [
                        0.3333333432674408
                    ],
                    [
                        0.3333333432674408
                    ],
                    [
                        0.3333333432674408
                    ],
                    [
                        0.6666666865348816
                    ],
                    [
                        0.3333333432674408
                    ],
                    [
                        0.3333333432674408
                    ],
                    [
                        0.3333333432674408
                    ],
                    [
                        0.3333333432674408
                    ],
                    [
                        0.3333333432674408
                    ]
                ]
            ],
            "returns": [
                [
                    [
                        0.19237500429153442
                    ],
                    [
                        0.19233334064483643
                    ],
                    [
                        0.19229166209697723
                    ],
                    [
                        0.19224999845027924
                    ],
                    [
                        0.19220833480358124
                    ],
                    [
                        0.19216667115688324
                    ],
                    [
                        0.19212499260902405
                    ],
                    [
                        0.19208332896232605
                    ],
                    [
                        0.19204166531562805
                    ],
                    [
                        0.19200000166893005
                    ],
                    [
                        0.19195833802223206
                    ],
                    [
                        0.19191665947437286
                    ],
                    [
                        0.19187499582767487
                    ],
                    [
                        0.19183333218097687
                    ],
                    [
                        0.19179166853427887
                    ],
                    [
                        0.19175000488758087
                    ],
                    [
                        0.19158333539962769
                    ],
                    [
                        0.1914166659116745
                    ],
                    [
                        0.19108332693576813
                    ],
                    [
                        0.19075000286102295
                    ]
                ]
            ],
            "timesteps": [
                [
                    860,
                    861,
                    862,
                    863,
                    864,
                    865,
                    866,
                    867,
                    868,
                    869,
                    870,
                    871,
                    872,
                    873,
                    874,
                    875,
                    876,
                    877,
                    878,
                    879
                ]
            ],
            "labels": [
                [
                    0,
                    0,
                    0,
                    0,
                    1,
                    0,
                    0,
                    0,
                    0,
                    0,
                    0,
                    0,
                    0,
                    0,
                    1,
                    0,
                    0,
                    0,
                    0,
                    0
                ]
            ],
            "CPU Usage": 3.6,
            "RAM Usage": 17.5,
            "GPU Usage": 71.0,
            "VRAM Usage": 15400.0,
            "Disk Read Speed (MB/s)": 75057177.68652344,
            "Disk Write Speed (MB/s)": 506878083.71191406
        },
        {
            "step": 2,
            "train_loss": 0.010728450492024422,
            "actions_pred1": [
                [
                    [
                        1.9058605432510376,
                        0.4490366280078888,
                        -1.4060810804367065
                    ],
                    [
                        2.039968252182007,
                        -0.03550674393773079,
                        -1.8357205390930176
                    ],
                    [
                        1.904919981956482,
                        0.0005936278030276299,
                        -1.61702299118042
                    ],
                    [
                        1.9877909421920776,
                        -0.03795722499489784,
                        -1.757949709892273
                    ],
                    [
                        2.331308603286743,
                        0.15520867705345154,
                        -1.545123815536499
                    ],
                    [
                        2.4109678268432617,
                        -0.1813115030527115,
                        -1.6418311595916748
                    ],
                    [
                        2.5471277236938477,
                        -0.026438001543283463,
                        -1.8075361251831055
                    ],
                    [
                        2.4124107360839844,
                        0.07829374819993973,
                        -1.8555032014846802
                    ],
                    [
                        2.89138126373291,
                        -0.14768636226654053,
                        -1.8524138927459717
                    ],
                    [
                        2.8725714683532715,
                        -0.12402931600809097,
                        -1.7086504697799683
                    ],
                    [
                        2.571258068084717,
                        0.06116568669676781,
                        -1.5370025634765625
                    ],
                    [
                        2.4229557514190674,
                        -0.2892512083053589,
                        -1.6951647996902466
                    ],
                    [
                        2.8540186882019043,
                        -0.3108889162540436,
                        -1.8090755939483643
                    ],
                    [
                        2.600362777709961,
                        -0.15156596899032593,
                        -1.6726335287094116
                    ],
                    [
                        2.645573616027832,
                        -0.1384022831916809,
                        -1.6553740501403809
                    ],
                    [
                        2.9236812591552734,
                        -0.09982467442750931,
                        -1.6352211236953735
                    ],
                    [
                        2.639796495437622,
                        -0.3059869408607483,
                        -1.7543389797210693
                    ],
                    [
                        2.7217891216278076,
                        -0.21209672093391418,
                        -1.5000139474868774
                    ],
                    [
                        2.482696294784546,
                        -0.17342334985733032,
                        -1.488239049911499
                    ],
                    [
                        2.818085193634033,
                        -0.07131243497133255,
                        -1.9267857074737549
                    ]
                ]
            ],
            "actions_pred": [
                [
                    [
                        1.9058605432510376,
                        2.039968252182007,
                        1.904919981956482,
                        1.9877909421920776,
                        2.331308603286743,
                        2.4109678268432617,
                        2.5471277236938477,
                        2.4124107360839844,
                        2.89138126373291,
                        2.8725714683532715,
                        2.571258068084717,
                        2.4229557514190674,
                        2.8540186882019043,
                        2.600362777709961,
                        2.645573616027832,
