{
    "steps": [
        {
            "step": 0,
            "train_loss": 0.031063199043273926,
            "actions_pred1": [
                [
                    [
                        -0.21228231489658356,
                        0.4566463232040405,
                        -0.6903280019760132
                    ],
                    [
                        0.5664400458335876,
                        0.366430401802063,
                        -0.404703289270401
                    ],
                    [
                        0.9408814311027527,
                        0.2821773886680603,
                        -0.39152660965919495
                    ],
                    [
                        1.0460058450698853,
                        0.26554936170578003,
                        -0.31763169169425964
                    ],
                    [
                        0.7982836961746216,
                        0.26585060358047485,
                        -0.35629478096961975
                    ],
                    [
                        0.868938148021698,
                        0.2194860726594925,
                        -0.16224397718906403
                    ],
                    [
                        0.9559252858161926,
                        0.1029568612575531,
                        -0.31137269735336304
                    ],
                    [
                        1.0381814241409302,
                        0.0034291474148631096,
                        -0.0683274194598198
                    ],
                    [
                        0.6553731560707092,
                        -0.10509368777275085,
                        -0.06887748092412949
                    ],
                    [
                        0.6633368134498596,
                        -0.03334757313132286,
                        -0.11243971437215805
                    ],
                    [
                        0.9091643691062927,
                        0.08241251111030579,
                        0.011517123319208622
                    ],
                    [
                        0.9951247572898865,
                        0.02523491159081459,
                        -0.006920292042195797
                    ],
                    [
                        1.065877914428711,
                        0.07220876216888428,
                        -0.04843980073928833
                    ],
                    [
                        0.9037659168243408,
                        0.04059312120079994,
                        -0.1836579293012619
                    ],
                    [
                        0.8805157542228699,
                        0.02948111668229103,
                        -0.07429326325654984
                    ],
                    [
                        0.8373181819915771,
                        -0.010681030340492725,
                        -0.1690681129693985
                    ],
                    [
                        0.5608270168304443,
                        0.23288960754871368,
                        0.08716475963592529
                    ],
                    [
                        0.691181480884552,
                        0.2591187357902527,
                        0.04236369580030441
                    ],
                    [
                        1.0754849910736084,
                        0.07055908441543579,
                        0.20239654183387756
                    ],
                    [
                        1.17725670337677,
                        0.09202095866203308,
                        0.1626376360654831
                    ]
                ]
            ],
            "actions_pred": [
                [
                    [
                        -0.21228231489658356,
                        0.5664400458335876,
                        0.9408814311027527,
                        1.0460058450698853,
                        0.7982836961746216,
                        0.868938148021698,
                        0.9559252858161926,
                        1.0381814241409302,
                        0.6553731560707092,
                        0.6633368134498596,
                        0.9091643691062927,
                        0.9951247572898865,
                        1.065877914428711,
                        0.9037659168243408,
                        0.8805157542228699,
                        0.8373181819915771,
                        0.5608270168304443,
                        0.691181480884552,
                        1.0754849910736084,
                        1.17725670337677
                    ],
                    [
                        0.4566463232040405,
                        0.366430401802063,
                        0.2821773886680603,
                        0.26554936170578003,
                        0.26585060358047485,
                        0.2194860726594925,
                        0.1029568612575531,
                        0.0034291474148631096,
                        -0.10509368777275085,
                        -0.03334757313132286,
                        0.08241251111030579,
                        0.02523491159081459,
                        0.07220876216888428,
                        0.04059312120079994,
                        0.02948111668229103,
                        -0.010681030340492725,
                        0.23288960754871368,
                        0.2591187357902527,
                        0.07055908441543579,
                        0.09202095866203308
                    ],
                    [
                        -0.6903280019760132,
                        -0.404703289270401,
                        -0.39152660965919495,
                        -0.31763169169425964,
                        -0.35629478096961975,
                        -0.16224397718906403,
                        -0.31137269735336304,
                        -0.0683274194598198,
                        -0.06887748092412949,
                        -0.11243971437215805,
                        0.011517123319208622,
                        -0.006920292042195797,
                        -0.04843980073928833,
                        -0.1836579293012619,
                        -0.07429326325654984,
                        -0.1690681129693985,
                        0.08716475963592529,
                        0.04236369580030441,
                        0.20239654183387756,
                        0.1626376360654831
                    ]
                ]
            ],
            "states": [
                [
                    [
                        1.0,
                        150000.0,
                        0.0,
                        10000.0,
                        0.0,
                        0.0,
                        12056198.0,
                        0.0
                    ],
                    [
                        1.0,
                        150000.0,
                        0.0,
                        10000.0,
                        0.0,
                        0.0,
                        12057698.0,
                        0.0
                    ],
                    [
                        0.0,
                        0.0,
                        165338800.0,
                        50000.0,
                        18401284096.0,
                        0.0,
                        11758369.0,
                        126.0
                    ],
                    [
                        0.0,
                        0.0,
                        165338800.0,
                        50000.0,
                        18566623232.0,
                        0.0,
                        11759869.0,
                        126.0
                    ],
                    [
                        1.0,
                        150000.0,
                        0.0,
                        30000.0,
                        0.0,
                        0.0,
                        12059198.0,
                        0.0
                    ],
                    [
                        1.0,
                        150000.0,
                        0.0,
                        10000.0,
                        0.0,
                        0.0,
                        12057698.0,
                        0.0
                    ],
                    [
                        0.0,
                        0.0,
                        165338800.0,
                        50000.0,
                        18401284096.0,
                        0.0,
                        11758369.0,
                        126.0
                    ],
                    [
                        0.0,
                        0.0,
                        165338800.0,
                        50000.0,
                        18566623232.0,
                        0.0,
                        11759869.0,
                        126.0
                    ],
                    [
                        1.0,
                        150000.0,
                        0.0,
                        30000.0,
                        0.0,
                        0.0,
                        12059198.0,
                        0.0
                    ],
                    [
                        0.0,
                        0.0,
                        165338800.0,
                        80000.0,
                        18731962368.0,
                        0.0,
                        11761369.0,
                        126.0
                    ],
                    [
                        1.0,
                        90000.0,
                        1924791.0,
                        50000.0,
                        26927402.0,
                        0.0,
                        12159698.0,
                        0.0
                    ],
                    [
                        1.0,
                        90000.0,
                        1924791.0,
                        50000.0,
                        28852192.0,
                        0.0,
                        12161198.0,
                        0.0
                    ],
                    [
                        1.0,
                        90000.0,
                        1924791.0,
                        50000.0,
                        30776984.0,
                        0.0,
                        12162698.0,
                        0.0
                    ],
                    [
                        0.0,
                        0.0,
                        330426592.0,
                        110000.0,
                        17889918976.0,
                        0.0,
                        11804105.0,
                        127.0
                    ],
                    [
                        0.0,
                        0.0,
                        330426592.0,
                        110000.0,
                        18220347392.0,
                        0.0,
                        11804157.0,
                        127.0
                    ],
                    [
                        1.0,
                        90000.0,
                        1924791.0,
                        50000.0,
                        28852192.0,
                        0.0,
                        12161198.0,
                        0.0
                    ],
                    [
                        1.0,
                        90000.0,
                        1924791.0,
                        50000.0,
                        30776984.0,
                        0.0,
                        12162698.0,
                        0.0
                    ],
                    [
                        0.0,
                        0.0,
                        330426592.0,
                        110000.0,
                        17889918976.0,
                        0.0,
                        11804105.0,
                        127.0
                    ],
                    [
                        0.0,
                        0.0,
                        330426592.0,
                        110000.0,
                        18220347392.0,
                        0.0,
                        11804157.0,
                        127.0
                    ],
                    [
                        0.0,
                        0.0,
                        330426592.0,
                        110000.0,
                        18550773760.0,
                        0.0,
                        11804209.0,
                        127.0
                    ]
                ]
            ],
            "actions": [
                [
                    [
                        0.3333333432674408
                    ],
                    [
                        0.3333333432674408
                    ],
                    [
                        1.0
                    ],
                    [
                        1.0
                    ],
                    [
                        0.3333333432674408
                    ],
                    [
                        0.3333333432674408
                    ],
                    [
                        1.0
                    ],
                    [
                        1.0
                    ],
                    [
                        0.3333333432674408
                    ],
                    [
                        0.6666666865348816
                    ],
                    [
                        0.3333333432674408
                    ],
                    [
                        0.3333333432674408
                    ],
                    [
                        0.3333333432674408
                    ],
                    [
                        0.3333333432674408
                    ],
                    [
                        0.3333333432674408
                    ],
                    [
                        0.3333333432674408
                    ],
                    [
                        0.3333333432674408
                    ],
                    [
                        0.3333333432674408
                    ],
                    [
                        0.3333333432674408
                    ],
                    [
                        0.6666666865348816
                    ]
                ]
            ],
            "returns": [
                [
                    [
                        0.018666666001081467
                    ],
                    [
                        0.01862500049173832
                    ],
                    [
                        0.018583333119750023
                    ],
                    [
                        0.01837499998509884
                    ],
                    [
                        0.018166666850447655
                    ],
                    [
                        0.018041666597127914
                    ],
                    [
                        0.017999999225139618
                    ],
                    [
                        0.017791666090488434
                    ],
                    [
                        0.01758333295583725
                    ],
                    [
                        0.01745833270251751
                    ],
                    [
                        0.017124999314546585
                    ],
                    [
                        0.0169166661798954
                    ],
                    [
                        0.016708333045244217
                    ],
                    [
                        0.016499999910593033
                    ],
                    [
                        0.016041666269302368
                    ],
                    [
                        0.015583333559334278
                    ],
                    [
                        0.015375000424683094
                    ],
                    [
                        0.015166666358709335
                    ],
                    [
                        0.014708333648741245
                    ],
                    [
                        0.01425000000745058
                    ]
                ]
            ],
            "timesteps": [
                [
                    1360,
                    1361,
                    1362,
                    1363,
                    1364,
                    1365,
                    1366,
                    1367,
                    1368,
                    1369,
                    1370,
                    1371,
                    1372,
                    1373,
                    1374,
                    1375,
                    1376,
                    1377,
                    1378,
                    1379
                ]
            ],
            "labels": [
                [
                    0,
                    0,
                    2,
                    2,
                    0,
                    0,
                    2,
                    2,
                    0,
                    1,
                    0,
                    0,
                    0,
                    0,
                    0,
                    0,
                    0,
                    0,
                    0,
                    1
                ]
            ],
            "CPU Usage": 5.4,
            "RAM Usage": 17.4,
            "GPU Usage": 31.0,
            "VRAM Usage": 15400.0,
            "Disk Read Speed (MB/s)": 75057177.68652344,
            "Disk Write Speed (MB/s)": 506877962.3642578
        },
        {
            "step": 1,
            "train_loss": 0.031063061207532883,
            "actions_pred1": [
                [
                    [
                        0.4803260266780853,
                        0.3131338953971863,
                        -0.4128737449645996
                    ],
                    [
                        0.25421395897865295,
                        0.24181854724884033,
                        -0.27749043703079224
                    ],
                    [
                        0.19149141013622284,
                        0.2539018988609314,
                        -0.07749497890472412
                    ],
                    [
                        0.08557812869548798,
                        0.2720191776752472,
                        -0.3512502908706665
                    ],
                    [
                        0.04598309472203255,
                        0.33177995681762695,
                        -0.09836236387491226
                    ],
                    [
                        0.11982844769954681,
                        0.14762935042381287,
                        -0.05122297257184982
                    ],
                    [
                        0.17507067322731018,
                        0.17131832242012024,
                        -0.1919834315776825
                    ],
                    [
                        -0.043372299522161484,
                        0.4083991050720215,
                        -0.7868569493293762
                    ],
                    [
                        -0.0841379165649414,
                        0.4081577658653259,
                        -0.3971526324748993
                    ],
                    [
                        0.23410482704639435,
                        0.25276973843574524,
                        -0.42316609621047974
                    ],
                    [
                        0.3491799235343933,
                        0.32646650075912476,
                        -0.22372420132160187
                    ],
                    [
                        0.0186825729906559,
                        0.23718655109405518,
                        -0.15533621609210968
                    ],
                    [
                        0.029192645102739334,
                        0.35119444131851196,
                        -0.16283367574214935
                    ],
                    [
                        0.13818728923797607,
                        0.32583165168762207,
                        -0.3639161288738251
                    ],
                    [
                        0.3976496756076813,
                        0.287034809589386,
                        0.15792959928512573
                    ],
                    [
                        0.3841085135936737,
                        0.09839475154876709,
                        -0.20862983167171478
                    ],
                    [
                        0.24992552399635315,
                        0.23610395193099976,
                        0.10179942101240158
                    ],
                    [
                        0.2617105543613434,
                        0.13766604661941528,
                        -0.13010761141777039
                    ],
                    [
                        0.6173954606056213,
                        0.010586204938590527,
                        0.1249273344874382
                    ],
                    [
                        0.24895572662353516,
                        0.1535688042640686,
                        -0.30427315831184387
                    ]
                ]
            ],
            "actions_pred": [
                [
                    [
                        0.4803260266780853,
                        0.25421395897865295,
                        0.19149141013622284,
                        0.08557812869548798,
                        0.04598309472203255,
                        0.11982844769954681,
                        0.17507067322731018,
                        -0.043372299522161484,
                        -0.0841379165649414,
                        0.23410482704639435,
                        0.3491799235343933,
                        0.0186825729906559,
                        0.029192645102739334,
                        0.13818728923797607,
                        0.3976496756076813,
                        0.3841085135936737,
                        0.24992552399635315,
                        0.2617105543613434,
                        0.6173954606056213,
                        0.24895572662353516
                    ],
                    [
                        0.3131338953971863,
                        0.24181854724884033,
                        0.2539018988609314,
                        0.2720191776752472,
                        0.33177995681762695,
                        0.14762935042381287,
                        0.17131832242012024,
                        0.4083991050720215,
                        0.4081577658653259,
                        0.25276973843574524,
                        0.32646650075912476,
                        0.23718655109405518,
                        0.35119444131851196,
                        0.32583165168762207,
                        0.287034809589386,
                        0.09839475154876709,
                        0.23610395193099976,
                        0.13766604661941528,
                        0.010586204938590527,
                        0.1535688042640686
                    ],
                    [
                        -0.4128737449645996,
                        -0.27749043703079224,
                        -0.07749497890472412,
                        -0.3512502908706665,
                        -0.09836236387491226,
                        -0.05122297257184982,
                        -0.1919834315776825,
                        -0.7868569493293762,
                        -0.3971526324748993,
                        -0.42316609621047974,
                        -0.22372420132160187,
                        -0.15533621609210968,
                        -0.16283367574214935,
                        -0.3639161288738251,
                        0.15792959928512573,
                        -0.20862983167171478,
                        0.10179942101240158,
                        -0.13010761141777039,
                        0.1249273344874382,
                        -0.30427315831184387
                    ]
                ]
            ],
            "states": [
                [
                    [
                        1.0,
                        150000.0,
                        0.0,
                        80000.0,
                        0.0,
                        0.0,
                        2453146.0,
                        0.0
                    ],
                    [
                        1.0,
                        150000.0,
                        0.0,
                        80000.0,
                        0.0,
                        0.0,
                        2454646.0,
                        0.0
                    ],
                    [
                        1.0,
                        150000.0,
                        0.0,
                        80000.0,
                        0.0,
                        0.0,
                        2456146.0,
                        0.0
                    ],
                    [
                        0.0,
                        0.0,
                        561193280.0,
                        140000.0,
                        7169510912.0,
                        0.0,
                        3403525.0,
                        29.0
                    ],
                    [
                        0.0,
                        0.0,
                        561193280.0,
                        140000.0,
                        0.0,
                        0.0,
                        3403589.0,
                        29.0
                    ],
                    [
                        0.0,
                        0.0,
                        561193280.0,
                        130000.0,
                        2244773120.0,
                        0.0,
                        3403833.0,
                        30.0
                    ],
                    [
                        0.0,
                        0.0,
                        561193280.0,
                        130000.0,
                        2805966336.0,
                        0.0,
                        3403897.0,
                        30.0
                    ],
                    [
                        0.0,
                        0.0,
                        561193280.0,
                        130000.0,
                        3367159552.0,
                        0.0,
                        3405397.0,
                        30.0
                    ],
                    [
                        0.0,
                        0.0,
                        561193280.0,
                        130000.0,
                        3928352768.0,
                        0.0,
                        3406897.0,
                        30.0
                    ],
                    [
                        0.0,
                        0.0,
                        561193280.0,
                        130000.0,
                        4489546240.0,
                        0.0,
                        3408397.0,
                        30.0
                    ],
                    [
                        0.0,
                        0.0,
                        561193280.0,
                        130000.0,
                        2805966336.0,
                        0.0,
                        3403897.0,
                        30.0
                    ],
                    [
                        0.0,
                        0.0,
                        561193280.0,
                        130000.0,
                        3367159552.0,
                        0.0,
                        3405397.0,
                        30.0
                    ],
                    [
                        0.0,
                        0.0,
                        561193280.0,
                        130000.0,
                        3928352768.0,
                        0.0,
                        3406897.0,
                        30.0
                    ],
                    [
                        0.0,
                        0.0,
                        561193280.0,
                        130000.0,
                        4489546240.0,
                        0.0,
                        3408397.0,
                        30.0
                    ],
                    [
                        0.0,
                        0.0,
                        561193280.0,
                        130000.0,
                        0.0,
                        0.0,
                        3409897.0,
                        30.0
                    ],
                    [
                        1.0,
                        150000.0,
                        0.0,
                        30000.0,
                        0.0,
                        0.0,
                        2468146.0,
                        0.0
                    ],
                    [
                        1.0,
                        150000.0,
                        0.0,
                        30000.0,
                        0.0,
                        0.0,
                        2469646.0,
                        0.0
                    ],
                    [
                        0.0,
                        0.0,
                        565219776.0,
                        110000.0,
                        2248799488.0,
                        0.0,
                        3414469.0,
                        31.0
                    ],
                    [
                        1.0,
                        150000.0,
                        0.0,
                        30000.0,
                        0.0,
                        0.0,
                        2471146.0,
                        0.0
                    ],
                    [
                        0.0,
                        0.0,
                        565219776.0,
                        110000.0,
                        2814019328.0,
                        0.0,
                        3414541.0,
                        31.0
                    ]
                ]
            ],
            "actions": [
                [
                    [
                        0.3333333432674408
                    ],
                    [
                        0.3333333432674408
                    ],
                    [
                        0.3333333432674408
                    ],
                    [
                        0.3333333432674408
                    ],
                    [
                        0.6666666865348816
                    ],
                    [
                        0.3333333432674408
                    ],
                    [
                        0.3333333432674408
                    ],
                    [
                        0.3333333432674408
                    ],
                    [
                        0.3333333432674408
                    ],
                    [
                        0.3333333432674408
                    ],
                    [
                        0.3333333432674408
                    ],
                    [
                        0.3333333432674408
                    ],
                    [
                        0.3333333432674408
                    ],
                    [
                        0.3333333432674408
                    ],
                    [
                        0.6666666865348816
                    ],
                    [
                        0.3333333432674408
                    ],
                    [
                        0.3333333432674408
                    ],
                    [
                        0.3333333432674408
                    ],
                    [
                        0.3333333432674408
                    ],
                    [
                        0.3333333432674408
                    ]
                ]
            ],
            "returns": [
                [
                    [
                        0.4520416557788849
                    ],
                    [
                        0.4517083466053009
                    ],
                    [
                        0.45137500762939453
                    ],
                    [
                        0.45104166865348816
                    ],
                    [
                        0.4504583477973938
                    ],
                    [
                        0.44987499713897705
                    ],
                    [
                        0.4493333399295807
                    ],
                    [
                        0.44879165291786194
                    ],
                    [
                        0.4482499957084656
                    ],
                    [
                        0.4477083384990692
                    ],
                    [
                        0.44716668128967285
                    ],
                    [
                        0.4466249942779541
                    ],
                    [
                        0.44608333706855774
                    ],
                    [
                        0.4455416798591614
                    ],
                    [
                        0.4449999928474426
                    ],
                    [
                        0.44445833563804626
                    ],
                    [
                        0.44433334469795227
                    ],
                    [
                        0.4442083239555359
                    ],
                    [
                        0.4437499940395355
                    ],
                    [
                        0.44362500309944153
                    ]
                ]
            ],
            "timesteps": [
                [
                    300,
                    301,
                    302,
                    303,
                    304,
                    305,
                    306,
                    307,
                    308,
                    309,
                    310,
                    311,
                    312,
                    313,
                    314,
                    315,
                    316,
                    317,
                    318,
                    319
                ]
            ],
            "labels": [
                [
                    0,
                    0,
                    0,
                    0,
                    1,
                    0,
                    0,
                    0,
                    0,
                    0,
                    0,
                    0,
                    0,
                    0,
                    1,
                    0,
                    0,
                    0,
                    0,
                    0
                ]
            ],
            "CPU Usage": 4.7,
            "RAM Usage": 17.4,
            "GPU Usage": 49.0,
            "VRAM Usage": 15400.0,
            "Disk Read Speed (MB/s)": 75057177.68652344,
            "Disk Write Speed (MB/s)": 506877962.3642578
        },
        {
            "step": 2,
            "train_loss": 0.02215559035539627,
            "actions_pred1": [
                [
                    [
                        0.45372360944747925,
                        0.17929114401340485,
                        -0.7372778058052063
                    ],
                    [
                        0.5266249179840088,
                        0.30249470472335815,
                        -0.6067508459091187
                    ],
                    [
                        0.7136101126670837,
                        -0.4278157949447632,
                        -0.5616286396980286
                    ],
                    [
                        0.5883159041404724,
                        -0.12759023904800415,
                        -0.5150085091590881
                    ],
                    [
                        0.31577280163764954,
                        -0.2857125699520111,
                        -0.26448267698287964
                    ],
                    [
                        0.455689936876297,
                        -0.06813502311706543,
                        -0.3875499963760376
                    ],
                    [
                        0.5630318522453308,
                        0.05075717344880104,
                        -0.2888006865978241
                    ],
                    [
                        0.7276995778083801,
                        -0.022525783628225327,
                        -0.3177559971809387
                    ],
                    [
                        0.634757936000824,
                        0.3046645224094391,
                        -0.42930376529693604
                    ],
                    [
                        0.584949791431427,
                        0.17462652921676636,
                        -0.4071178436279297
                    ],
                    [
                        0.8561407923698425,
                        0.04680437222123146,
                        -0.5520017743110657
                    ],
                    [
                        0.8757665157318115,
                        0.1514851301908493,
                        -0.2080138474702835
                    ],
                    [
                        0.6558442115783691,
                        0.09173309803009033,
                        -0.3704853057861328
                    ],
                    [
                        0.4950476586818695,
                        0.03597668185830116,
                        -0.3880469799041748
                    ],
                    [
                        0.5178324580192566,
                        0.0801326334476471,
                        -0.45803844928741455
                    ],
                    [
                        0.7038297057151794,
                        0.08496922254562378,
                        -0.4342144727706909
                    ],
                    [
                        0.6976000666618347,
                        -0.002470371313393116,
                        -0.41301658749580383
                    ],
                    [
                        0.8135692477226257,
                        0.08566564321517944,
                        -0.29609352350234985
                    ],
                    [
                        0.8814226388931274,
                        0.13787397742271423,
                        -0.11296039074659348
                    ],
                    [
                        0.5129095911979675,
                        0.19496622681617737,
                        -0.309323251247406
                    ]
                ]
            ],
            "actions_pred": [
                [
                    [
                        0.45372360944747925,
                        0.5266249179840088,
                        0.7136101126670837,
                        0.5883159041404724,
                        0.31577280163764954,
                        0.455689936876297,
                        0.5630318522453308,
                        0.7276995778083801,
                        0.634757936000824,
                        0.584949791431427,
                        0.8561407923698425,
                        0.8757665157318115,
                        0.6558442115783691,
                        0.4950476586818695,
