{
    "steps": [
        {
            "step": 0,
            "train_loss": 0.00990565586835146,
            "actions_pred1": [
                [
                    [
                        1.9097814559936523,
                        -0.014944329857826233,
                        -1.5773770809173584
                    ],
                    [
                        2.0295639038085938,
                        -0.01569981873035431,
                        -1.502729892730713
                    ],
                    [
                        2.0419256687164307,
                        -0.13855110108852386,
                        -1.6599255800247192
                    ],
                    [
                        2.3849873542785645,
                        -0.06315740942955017,
                        -1.397400975227356
                    ],
                    [
                        2.106081962585449,
                        0.007347553968429565,
                        -1.2888435125350952
                    ],
                    [
                        2.175305128097534,
                        -0.0861210823059082,
                        -1.5178252458572388
                    ],
                    [
                        2.4280474185943604,
                        -0.10666665434837341,
                        -1.3962764739990234
                    ],
                    [
                        2.442300796508789,
                        -0.05234059691429138,
                        -1.4678316116333008
                    ],
                    [
                        2.3508102893829346,
                        -0.013808012008666992,
                        -1.3137016296386719
                    ],
                    [
                        2.43422794342041,
                        -0.05332937836647034,
                        -1.431939959526062
                    ],
                    [
                        2.4383041858673096,
                        -0.04225468635559082,
                        -1.508948802947998
                    ],
                    [
                        2.213160991668701,
                        0.037558913230895996,
                        -1.5330480337142944
                    ],
                    [
                        2.3046886920928955,
                        -0.12357184290885925,
                        -1.6586930751800537
                    ],
                    [
                        2.348242998123169,
                        -0.1273462176322937,
                        -1.7316371202468872
                    ],
                    [
                        2.183105230331421,
                        0.1905156672000885,
                        -1.2674219608306885
                    ],
                    [
                        2.4680848121643066,
                        -0.11509063839912415,
                        -1.5979386568069458
                    ],
                    [
                        2.488231897354126,
                        -0.1206042468547821,
                        -1.6933366060256958
                    ],
                    [
                        2.325944185256958,
                        -0.125890851020813,
                        -1.4637012481689453
                    ],
                    [
                        2.42878794670105,
                        -0.12475639581680298,
                        -1.8821167945861816
                    ],
                    [
                        2.4982330799102783,
                        -0.0951167643070221,
                        -1.4916775226593018
                    ]
                ]
            ],
            "actions_pred": [
                [
                    [
                        1.9097814559936523,
                        2.0295639038085938,
                        2.0419256687164307,
                        2.3849873542785645,
                        2.106081962585449,
                        2.175305128097534,
                        2.4280474185943604,
                        2.442300796508789,
                        2.3508102893829346,
                        2.43422794342041,
                        2.4383041858673096,
                        2.213160991668701,
                        2.3046886920928955,
                        2.348242998123169,
                        2.183105230331421,
                        2.4680848121643066,
                        2.488231897354126,
                        2.325944185256958,
                        2.42878794670105,
                        2.4982330799102783
                    ],
                    [
                        -0.014944329857826233,
                        -0.01569981873035431,
                        -0.13855110108852386,
                        -0.06315740942955017,
                        0.007347553968429565,
                        -0.0861210823059082,
                        -0.10666665434837341,
                        -0.05234059691429138,
                        -0.013808012008666992,
                        -0.05332937836647034,
                        -0.04225468635559082,
                        0.037558913230895996,
                        -0.12357184290885925,
                        -0.1273462176322937,
                        0.1905156672000885,
                        -0.11509063839912415,
                        -0.1206042468547821,
                        -0.125890851020813,
                        -0.12475639581680298,
                        -0.0951167643070221
                    ],
                    [
                        -1.5773770809173584,
                        -1.502729892730713,
                        -1.6599255800247192,
                        -1.397400975227356,
                        -1.2888435125350952,
                        -1.5178252458572388,
                        -1.3962764739990234,
                        -1.4678316116333008,
                        -1.3137016296386719,
                        -1.431939959526062,
                        -1.508948802947998,
                        -1.5330480337142944,
                        -1.6586930751800537,
                        -1.7316371202468872,
                        -1.2674219608306885,
                        -1.5979386568069458,
                        -1.6933366060256958,
                        -1.4637012481689453,
                        -1.8821167945861816,
                        -1.4916775226593018
                    ]
                ]
            ],
            "states": [
                [
                    [
                        0.0,
                        0.0,
                        643737152.0,
                        190000.0,
                        5621835776.0,
                        0.0,
                        3124121.0,
                        11.0
                    ],
                    [
                        0.0,
                        0.0,
                        643737152.0,
                        190000.0,
                        6265572864.0,
                        0.0,
                        3124173.0,
                        11.0
                    ],
                    [
                        0.0,
                        0.0,
                        643737152.0,
                        190000.0,
                        6909309952.0,
                        0.0,
                        3124237.0,
                        11.0
                    ],
                    [
                        0.0,
                        0.0,
                        643737152.0,
                        190000.0,
                        7553047552.0,
                        0.0,
                        3124301.0,
                        11.0
                    ],
                    [
                        0.0,
                        0.0,
                        643737152.0,
                        190000.0,
                        0.0,
                        0.0,
                        3124365.0,
                        11.0
                    ],
                    [
                        0.0,
                        0.0,
                        556495616.0,
                        190000.0,
                        5564956672.0,
                        0.0,
                        3124981.0,
                        12.0
                    ],
                    [
                        0.0,
                        0.0,
                        556495616.0,
                        190000.0,
                        6121452032.0,
                        0.0,
                        3125033.0,
                        12.0
                    ],
                    [
                        0.0,
                        0.0,
                        556495616.0,
                        190000.0,
                        6677947904.0,
                        0.0,
                        3125097.0,
                        12.0
                    ],
                    [
                        0.0,
                        0.0,
                        556495616.0,
                        190000.0,
                        7234443264.0,
                        0.0,
                        3125161.0,
                        12.0
                    ],
                    [
                        0.0,
                        0.0,
                        556495616.0,
                        190000.0,
                        7790939136.0,
                        0.0,
                        3125225.0,
                        12.0
                    ],
                    [
                        0.0,
                        0.0,
                        556495616.0,
                        190000.0,
                        6121452032.0,
                        0.0,
                        3125033.0,
                        12.0
                    ],
                    [
                        0.0,
                        0.0,
                        556495616.0,
                        190000.0,
                        6677947904.0,
                        0.0,
                        3125097.0,
                        12.0
                    ],
                    [
                        0.0,
                        0.0,
                        556495616.0,
                        190000.0,
                        7234443264.0,
                        0.0,
                        3125161.0,
                        12.0
                    ],
                    [
                        0.0,
                        0.0,
                        556495616.0,
                        190000.0,
                        7790939136.0,
                        0.0,
                        3125225.0,
                        12.0
                    ],
                    [
                        0.0,
                        0.0,
                        556495616.0,
                        190000.0,
                        0.0,
                        0.0,
                        3125289.0,
                        12.0
                    ],
                    [
                        0.0,
                        0.0,
                        642395008.0,
                        230000.0,
                        9891772416.0,
                        0.0,
                        3126181.0,
                        13.0
                    ],
                    [
                        0.0,
                        0.0,
                        642395008.0,
                        230000.0,
                        10534167552.0,
                        0.0,
                        3126233.0,
                        13.0
                    ],
                    [
                        0.0,
                        0.0,
                        642395008.0,
                        230000.0,
                        11176562688.0,
                        0.0,
                        3126285.0,
                        13.0
                    ],
                    [
                        0.0,
                        0.0,
                        642395008.0,
                        230000.0,
                        11818957824.0,
                        0.0,
                        3126337.0,
                        13.0
                    ],
                    [
                        0.0,
                        0.0,
                        642395008.0,
                        230000.0,
                        12461352960.0,
                        0.0,
                        3126389.0,
                        13.0
                    ]
                ]
            ],
            "actions": [
                [
                    [
                        0.3333333432674408
                    ],
                    [
                        0.3333333432674408
                    ],
                    [
                        0.3333333432674408
                    ],
                    [
                        0.3333333432674408
                    ],
                    [
                        0.6666666865348816
                    ],
                    [
                        0.3333333432674408
                    ],
                    [
                        0.3333333432674408
                    ],
                    [
                        0.3333333432674408
                    ],
                    [
                        0.3333333432674408
                    ],
                    [
                        0.3333333432674408
                    ],
                    [
                        0.3333333432674408
                    ],
                    [
                        0.3333333432674408
                    ],
                    [
                        0.3333333432674408
                    ],
                    [
                        0.3333333432674408
                    ],
                    [
                        0.6666666865348816
                    ],
                    [
                        0.3333333432674408
                    ],
                    [
                        0.3333333432674408
                    ],
                    [
                        0.3333333432674408
                    ],
                    [
                        0.3333333432674408
                    ],
                    [
                        0.3333333432674408
                    ]
                ]
            ],
            "returns": [
                [
                    [
                        0.5548333525657654
                    ],
                    [
                        0.5540416836738586
                    ],
                    [
                        0.5532500147819519
                    ],
                    [
                        0.5524583458900452
                    ],
                    [
                        0.5516666769981384
                    ],
                    [
                        0.5508750081062317
                    ],
                    [
                        0.550083339214325
                    ],
                    [
                        0.5492916703224182
                    ],
                    [
                        0.5485000014305115
                    ],
                    [
                        0.5477083325386047
                    ],
                    [
                        0.546916663646698
                    ],
                    [
                        0.5461249947547913
                    ],
                    [
                        0.5453333258628845
                    ],
                    [
                        0.5445416569709778
                    ],
                    [
                        0.543749988079071
                    ],
                    [
                        0.5429583191871643
                    ],
                    [
                        0.5419999957084656
                    ],
                    [
                        0.5410416722297668
                    ],
                    [
                        0.5400833487510681
                    ],
                    [
                        0.5391250252723694
                    ]
                ]
            ],
            "timesteps": [
                [
                    120,
                    121,
                    122,
                    123,
                    124,
                    125,
                    126,
                    127,
                    128,
                    129,
                    130,
                    131,
                    132,
                    133,
                    134,
                    135,
                    136,
                    137,
                    138,
                    139
                ]
            ],
            "labels": [
                [
                    0,
                    0,
                    0,
                    0,
                    1,
                    0,
                    0,
                    0,
                    0,
                    0,
                    0,
                    0,
                    0,
                    0,
                    1,
                    0,
                    0,
                    0,
                    0,
                    0
                ]
            ],
            "CPU Usage": 7.3,
            "RAM Usage": 17.4,
            "GPU Usage": 22.0,
            "VRAM Usage": 15400.0,
            "Disk Read Speed (MB/s)": 75057177.68652344,
            "Disk Write Speed (MB/s)": 506878074.65722656
        },
        {
            "step": 1,
            "train_loss": 0.011731008999049664,
            "actions_pred1": [
                [
                    [
                        2.1916136741638184,
                        -1.161218523979187,
                        -0.8445915579795837
                    ],
                    [
                        2.9539923667907715,
                        -0.7090284824371338,
                        -1.3151912689208984
                    ],
                    [
                        2.598928928375244,
                        -0.3922785818576813,
                        -1.3834965229034424
                    ],
                    [
                        2.9909400939941406,
                        -0.2822982370853424,
                        -0.911232590675354
                    ],
                    [
                        2.763360023498535,
                        -0.2528389096260071,
                        -0.8966116905212402
                    ],
                    [
                        3.0870325565338135,
                        0.12310290336608887,
                        -1.0042245388031006
                    ],
                    [
                        2.8340039253234863,
                        0.08671791851520538,
                        -1.3882566690444946
                    ],
                    [
                        2.6649672985076904,
                        -0.07466961443424225,
                        -1.3719630241394043
                    ],
                    [
                        2.701249599456787,
                        0.04271256923675537,
                        -1.1184453964233398
                    ],
                    [
                        2.7927374839782715,
                        -0.18799003958702087,
                        -1.3468899726867676
                    ],
                    [
                        2.6699492931365967,
                        0.08645610511302948,
                        -1.4385735988616943
                    ],
                    [
                        2.670952796936035,
                        -0.2933710515499115,
                        -1.5660624504089355
                    ],
                    [
                        3.0410735607147217,
                        -0.27938011288642883,
                        -1.3875248432159424
                    ],
                    [
                        2.8548991680145264,
                        -0.3750585913658142,
                        -1.456707239151001
                    ],
                    [
                        2.905061721801758,
                        -0.07844114303588867,
                        -1.297086238861084
                    ],
                    [
                        2.1849358081817627,
                        -0.00357779860496521,
                        -1.2087571620941162
                    ],
                    [
                        2.4172005653381348,
                        -0.03578135371208191,
                        -1.144999384880066
                    ],
                    [
                        3.2355031967163086,
                        0.1174992024898529,
                        -1.1851202249526978
                    ],
                    [
                        2.3115360736846924,
                        -0.08133906126022339,
                        -1.526045799255371
                    ],
                    [
                        2.438904285430908,
                        0.008030042052268982,
                        -1.5694425106048584
                    ]
                ]
            ],
            "actions_pred": [
                [
                    [
                        2.1916136741638184,
                        2.9539923667907715,
                        2.598928928375244,
                        2.9909400939941406,
                        2.763360023498535,
                        3.0870325565338135,
                        2.8340039253234863,
                        2.6649672985076904,
                        2.701249599456787,
                        2.7927374839782715,
                        2.6699492931365967,
                        2.670952796936035,
                        3.0410735607147217,
                        2.8548991680145264,
                        2.905061721801758,
                        2.1849358081817627,
                        2.4172005653381348,
                        3.2355031967163086,
                        2.3115360736846924,
                        2.438904285430908
                    ],
                    [
                        -1.161218523979187,
                        -0.7090284824371338,
                        -0.3922785818576813,
                        -0.2822982370853424,
                        -0.2528389096260071,
                        0.12310290336608887,
                        0.08671791851520538,
                        -0.07466961443424225,
                        0.04271256923675537,
                        -0.18799003958702087,
                        0.08645610511302948,
                        -0.2933710515499115,
                        -0.27938011288642883,
                        -0.3750585913658142,
                        -0.07844114303588867,
                        -0.00357779860496521,
                        -0.03578135371208191,
                        0.1174992024898529,
                        -0.08133906126022339,
                        0.008030042052268982
                    ],
                    [
                        -0.8445915579795837,
                        -1.3151912689208984,
                        -1.3834965229034424,
                        -0.911232590675354,
                        -0.8966116905212402,
                        -1.0042245388031006,
                        -1.3882566690444946,
                        -1.3719630241394043,
                        -1.1184453964233398,
                        -1.3468899726867676,
                        -1.4385735988616943,
                        -1.5660624504089355,
                        -1.3875248432159424,
                        -1.456707239151001,
                        -1.297086238861084,
                        -1.2087571620941162,
                        -1.144999384880066,
                        -1.1851202249526978,
                        -1.526045799255371,
                        -1.5694425106048584
                    ]
                ]
            ],
            "states": [
                [
                    [
                        0.0,
                        0.0,
                        202160848.0,
                        60000.0,
                        17433825280.0,
                        0.0,
                        3186341.0,
                        17.0
                    ],
                    [
                        0.0,
                        0.0,
                        202160848.0,
                        60000.0,
                        17635985408.0,
                        0.0,
                        3186393.0,
                        17.0
                    ],
                    [
                        0.0,
                        0.0,
                        248465952.0,
                        60000.0,
                        17884450816.0,
                        0.0,
                        3186445.0,
                        17.0
                    ],
                    [
                        0.0,
                        0.0,
                        248465952.0,
                        60000.0,
                        18132916224.0,
                        0.0,
                        3187945.0,
                        17.0
                    ],
                    [
                        0.0,
                        0.0,
                        248465952.0,
                        60000.0,
                        18381383680.0,
                        0.0,
                        3187997.0,
                        17.0
                    ],
                    [
                        0.0,
                        0.0,
                        333023136.0,
                        110000.0,
                        5726307328.0,
                        0.0,
                        3205061.0,
                        18.0
                    ],
                    [
                        0.0,
                        0.0,
                        333023136.0,
                        110000.0,
                        6059330048.0,
                        0.0,
                        3206561.0,
                        18.0
                    ],
                    [
                        0.0,
                        0.0,
                        333023136.0,
                        110000.0,
                        6392353280.0,
                        0.0,
                        3206641.0,
                        18.0
                    ],
                    [
                        0.0,
                        0.0,
                        333023136.0,
                        110000.0,
                        6725376512.0,
                        0.0,
                        3208141.0,
                        18.0
                    ],
                    [
                        0.0,
                        0.0,
                        333023136.0,
                        110000.0,
                        7058399744.0,
                        0.0,
                        3208193.0,
                        18.0
                    ],
                    [
                        0.0,
                        0.0,
                        333023136.0,
                        110000.0,
                        6059330048.0,
                        0.0,
                        3206561.0,
                        18.0
                    ],
                    [
                        0.0,
                        0.0,
                        333023136.0,
                        110000.0,
                        6392353280.0,
                        0.0,
                        3206641.0,
                        18.0
                    ],
                    [
                        0.0,
                        0.0,
                        333023136.0,
                        110000.0,
                        6725376512.0,
                        0.0,
                        3208141.0,
                        18.0
                    ],
                    [
                        0.0,
                        0.0,
                        333023136.0,
                        110000.0,
                        7058399744.0,
                        0.0,
                        3208193.0,
                        18.0
                    ],
                    [
                        0.0,
                        0.0,
                        333023136.0,
                        110000.0,
                        0.0,
                        0.0,
                        3208245.0,
                        18.0
                    ],
                    [
                        1.0,
                        150000.0,
                        0.0,
                        10000.0,
                        0.0,
                        0.0,
                        2357146.0,
                        0.0
                    ],
                    [
                        1.0,
                        150000.0,
                        0.0,
                        10000.0,
                        0.0,
                        0.0,
                        2358646.0,
                        0.0
                    ],
                    [
                        1.0,
                        150000.0,
                        0.0,
                        10000.0,
                        0.0,
                        0.0,
                        2360146.0,
                        0.0
                    ],
                    [
                        0.0,
                        0.0,
                        375972800.0,
                        110000.0,
                        8303776768.0,
                        0.0,
                        3231205.0,
                        19.0
                    ],
                    [
                        0.0,
                        0.0,
                        375972800.0,
                        110000.0,
                        8679749632.0,
                        0.0,
                        3232705.0,
                        19.0
                    ]
                ]
            ],
            "actions": [
                [
                    [
                        0.3333333432674408
                    ],
                    [
                        0.3333333432674408
                    ],
                    [
                        0.3333333432674408
                    ],
                    [
                        0.3333333432674408
                    ],
                    [
                        0.6666666865348816
                    ],
                    [
                        0.3333333432674408
                    ],
                    [
                        0.3333333432674408
                    ],
                    [
                        0.3333333432674408
                    ],
                    [
                        0.3333333432674408
                    ],
                    [
                        0.3333333432674408
                    ],
                    [
                        0.3333333432674408
                    ],
                    [
                        0.3333333432674408
                    ],
                    [
                        0.3333333432674408
                    ],
                    [
                        0.3333333432674408
                    ],
                    [
                        0.6666666865348816
                    ],
                    [
                        0.3333333432674408
                    ],
                    [
                        0.3333333432674408
                    ],
                    [
                        0.3333333432674408
                    ],
                    [
                        0.3333333432674408
                    ],
                    [
                        0.3333333432674408
                    ]
                ]
            ],
            "returns": [
                [
                    [
                        0.5047500133514404
                    ],
                    [
                        0.5044999718666077
                    ],
                    [
                        0.5042499899864197
                    ],
                    [
                        0.5040000081062317
                    ],
                    [
                        0.5037500262260437
                    ],
                    [
                        0.5034999847412109
                    ],
                    [
                        0.503041684627533
                    ],
                    [
                        0.5025833249092102
                    ],
                    [
                        0.5021250247955322
                    ],
                    [
                        0.5016666650772095
                    ],
                    [
                        0.5012083053588867
                    ],
                    [
                        0.5007500052452087
                    ],
                    [
                        0.500291645526886
                    ],
                    [
                        0.499833345413208
                    ],
                    [
                        0.49937498569488525
                    ],
                    [
                        0.4989166557788849
                    ],
                    [
                        0.4988749921321869
                    ],
                    [
                        0.4988333284854889
                    ],
                    [
                        0.4987916648387909
                    ],
                    [
                        0.4983333349227905
                    ]
                ]
            ],
            "timesteps": [
                [
                    180,
                    181,
                    182,
                    183,
                    184,
                    185,
                    186,
                    187,
                    188,
                    189,
                    190,
                    191,
                    192,
                    193,
                    194,
                    195,
                    196,
                    197,
                    198,
                    199
                ]
            ],
            "labels": [
                [
                    0,
                    0,
                    0,
                    0,
                    1,
                    0,
                    0,
                    0,
                    0,
                    0,
                    0,
                    0,
                    0,
                    0,
                    1,
                    0,
                    0,
                    0,
                    0,
                    0
                ]
            ],
            "CPU Usage": 4.8,
            "RAM Usage": 17.4,
            "GPU Usage": 55.00000000000001,
            "VRAM Usage": 15400.0,
            "Disk Read Speed (MB/s)": 75057177.68652344,
            "Disk Write Speed (MB/s)": 506878074.65722656
        },
        {
            "step": 2,
            "train_loss": 0.010347018018364906,
            "actions_pred1": [
                [
                    [
                        1.5543162822723389,
                        -0.0648626983165741,
                        -1.2651594877243042
                    ],
                    [
                        1.6845612525939941,
                        -0.10417813062667847,
                        -1.4007320404052734
                    ],
                    [
                        2.1803431510925293,
                        0.1176837831735611,
                        -1.2914009094238281
                    ],
                    [
                        2.2786009311676025,
                        -0.04144740104675293,
                        -1.2775604724884033
                    ],
                    [
                        1.9057008028030396,
                        0.02650400996208191,
                        -1.293349027633667
                    ],
                    [
                        2.0129213333129883,
                        -0.1686989963054657,
                        -1.4325920343399048
                    ],
                    [
                        2.14383602142334,
                        -0.28807422518730164,
                        -1.4770934581756592
                    ],
                    [
                        2.1403589248657227,
                        -0.20729300379753113,
                        -1.4379652738571167
                    ],
                    [
                        2.341064453125,
                        -0.23890870809555054,
                        -1.338608741760254
                    ],
                    [
                        2.2228806018829346,
                        -0.03320285677909851,
                        -1.3113871812820435
                    ],
                    [
                        2.2663753032684326,
                        -0.25593870878219604,
                        -1.525350570678711
                    ],
                    [
                        2.4159178733825684,
                        -0.3309822976589203,
                        -1.6076337099075317
                    ],
                    [
                        2.2870843410491943,
                        -0.06412696838378906,
                        -1.558343768119812
                    ],
                    [
                        2.372729778289795,
                        -0.16796445846557617,
                        -1.3676525354385376
                    ],
                    [
                        2.3869760036468506,
                        0.02104218304157257,
                        -1.5910311937332153
                    ],
                    [
                        2.573915719985962,
                        -0.12077292799949646,
                        -1.4699130058288574
                    ],
                    [
                        2.364835023880005,
                        -0.21945440769195557,
                        -1.507969617843628
                    ],
                    [
                        2.317488431930542,
                        -0.07769718766212463,
                        -1.5901446342468262
                    ],
                    [
                        2.788130521774292,
                        -0.215727761387825,
                        -1.684304118156433
                    ],
                    [
                        2.4091763496398926,
                        -0.038049936294555664,
                        -1.583442211151123
                    ]
                ]
            ],
            "actions_pred": [
                [
                    [
                        1.5543162822723389,
                        1.6845612525939941,
                        2.1803431510925293,
                        2.2786009311676025,
                        1.9057008028030396,
                        2.0129213333129883,
                        2.14383602142334,
                        2.1403589248657227,
                        2.341064453125,
                        2.2228806018829346,
                        2.2663753032684326,
                        2.4159178733825684,
                        2.2870843410491943,
                        2.372729778289795,
