{
    "steps": [
        {
            "step": 0,
            "train_loss": 0.008327226154506207,
            "actions_pred1": [
                [
                    [
                        3.7289133071899414,
                        -1.783052682876587,
                        -2.5537803173065186
                    ],
                    [
                        3.7962570190429688,
                        -0.6718569993972778,
                        -2.500425338745117
                    ],
                    [
                        4.153588771820068,
                        -0.5429497957229614,
                        -3.067718505859375
                    ],
                    [
                        4.100003242492676,
                        -0.2616996467113495,
                        -2.8870015144348145
                    ],
                    [
                        2.0485920906066895,
                        0.9438670873641968,
                        -2.7229464054107666
                    ],
                    [
                        3.533156633377075,
                        -0.1894233673810959,
                        -2.574841022491455
                    ],
                    [
                        3.5428683757781982,
                        -0.2696310877799988,
                        -3.0155673027038574
                    ],
                    [
                        3.50661563873291,
                        -0.2304169088602066,
                        -3.0183329582214355
                    ],
                    [
                        3.235252857208252,
                        -0.19103217124938965,
                        -2.479236364364624
                    ],
                    [
                        3.858424425125122,
                        -0.2372293323278427,
                        -2.957202672958374
                    ],
                    [
                        3.8763506412506104,
                        -0.06258917599916458,
                        -3.2569241523742676
                    ],
                    [
                        3.8309600353240967,
                        -0.43991586565971375,
                        -3.4002885818481445
                    ],
                    [
                        3.3707518577575684,
                        0.2313341349363327,
                        -2.53888201713562
                    ],
                    [
                        3.70936918258667,
                        0.12947775423526764,
                        -2.616050958633423
                    ],
                    [
                        2.778616428375244,
                        0.06130317226052284,
                        -2.975050926208496
                    ],
                    [
                        1.9583017826080322,
                        0.5723621249198914,
                        -2.362183094024658
                    ],
                    [
                        1.7425920963287354,
                        0.6511403322219849,
                        -2.020538091659546
                    ],
                    [
                        3.5421440601348877,
                        -0.2737393379211426,
                        -2.441744089126587
                    ],
                    [
                        1.838027834892273,
                        0.5919382572174072,
                        -1.66887629032135
                    ],
                    [
                        3.383791923522949,
                        -0.21913519501686096,
                        -2.759291410446167
                    ]
                ]
            ],
            "actions_pred": [
                [
                    [
                        3.7289133071899414,
                        3.7962570190429688,
                        4.153588771820068,
                        4.100003242492676,
                        2.0485920906066895,
                        3.533156633377075,
                        3.5428683757781982,
                        3.50661563873291,
                        3.235252857208252,
                        3.858424425125122,
                        3.8763506412506104,
                        3.8309600353240967,
                        3.3707518577575684,
                        3.70936918258667,
                        2.778616428375244,
                        1.9583017826080322,
                        1.7425920963287354,
                        3.5421440601348877,
                        1.838027834892273,
                        3.383791923522949
                    ],
                    [
                        -1.783052682876587,
                        -0.6718569993972778,
                        -0.5429497957229614,
                        -0.2616996467113495,
                        0.9438670873641968,
                        -0.1894233673810959,
                        -0.2696310877799988,
                        -0.2304169088602066,
                        -0.19103217124938965,
                        -0.2372293323278427,
                        -0.06258917599916458,
                        -0.43991586565971375,
                        0.2313341349363327,
                        0.12947775423526764,
                        0.06130317226052284,
                        0.5723621249198914,
                        0.6511403322219849,
                        -0.2737393379211426,
                        0.5919382572174072,
                        -0.21913519501686096
                    ],
                    [
                        -2.5537803173065186,
                        -2.500425338745117,
                        -3.067718505859375,
                        -2.8870015144348145,
                        -2.7229464054107666,
                        -2.574841022491455,
                        -3.0155673027038574,
                        -3.0183329582214355,
                        -2.479236364364624,
                        -2.957202672958374,
                        -3.2569241523742676,
                        -3.4002885818481445,
                        -2.53888201713562,
                        -2.616050958633423,
                        -2.975050926208496,
                        -2.362183094024658,
                        -2.020538091659546,
                        -2.441744089126587,
                        -1.66887629032135,
                        -2.759291410446167
                    ]
                ]
            ],
            "states": [
                [
                    [
                        1.0,
                        0.0,
                        133158000.0,
                        130000.0,
                        1260884864.0,
                        0.0,
                        8733646.0,
                        0.0
                    ],
                    [
                        1.0,
                        0.0,
                        133158000.0,
                        130000.0,
                        1394042880.0,
                        0.0,
                        8735146.0,
                        0.0
                    ],
                    [
                        0.0,
                        0.0,
                        176610992.0,
                        110000.0,
                        7516150784.0,
                        0.0,
                        8163805.0,
                        96.0
                    ],
                    [
                        0.0,
                        0.0,
                        176610992.0,
                        110000.0,
                        7692762112.0,
                        0.0,
                        8165305.0,
                        96.0
                    ],
                    [
                        0.0,
                        0.0,
                        176610992.0,
                        110000.0,
                        0.0,
                        0.0,
                        8165357.0,
                        96.0
                    ],
                    [
                        0.0,
                        0.0,
                        200099088.0,
                        160000.0,
                        17566519296.0,
                        0.0,
                        8308661.0,
                        97.0
                    ],
                    [
                        0.0,
                        0.0,
                        200099088.0,
                        160000.0,
                        17766617088.0,
                        0.0,
                        8308713.0,
                        97.0
                    ],
                    [
                        0.0,
                        0.0,
                        286669536.0,
                        120000.0,
                        18053287936.0,
                        0.0,
                        8308765.0,
                        97.0
                    ],
                    [
                        1.0,
                        15000.0,
                        22382508.0,
                        110000.0,
                        539300096.0,
                        0.0,
                        8976646.0,
                        0.0
                    ],
                    [
                        1.0,
                        15000.0,
                        22382508.0,
                        110000.0,
                        561682624.0,
                        0.0,
                        8978146.0,
                        0.0
                    ],
                    [
                        0.0,
                        0.0,
                        200099088.0,
                        160000.0,
                        17766617088.0,
                        0.0,
                        8308713.0,
                        97.0
                    ],
                    [
                        0.0,
                        0.0,
                        286669536.0,
                        120000.0,
                        18053287936.0,
                        0.0,
                        8308765.0,
                        97.0
                    ],
                    [
                        1.0,
                        15000.0,
                        22382508.0,
                        110000.0,
                        539300096.0,
                        0.0,
                        8976646.0,
                        0.0
                    ],
                    [
                        1.0,
                        15000.0,
                        22382508.0,
                        110000.0,
                        561682624.0,
                        0.0,
                        8978146.0,
                        0.0
                    ],
                    [
                        0.0,
                        0.0,
                        286669536.0,
                        120000.0,
                        18339956736.0,
                        0.0,
                        8310265.0,
                        97.0
                    ],
                    [
                        1.0,
                        0.0,
                        0.0,
                        20000.0,
                        0.0,
                        0.0,
                        8999146.0,
                        0.0
                    ],
                    [
                        1.0,
                        150000.0,
                        0.0,
                        20000.0,
                        0.0,
                        0.0,
                        9000646.0,
                        0.0
                    ],
                    [
                        0.0,
                        0.0,
                        181308608.0,
                        100000.0,
                        17986263040.0,
                        0.0,
                        8339865.0,
                        98.0
                    ],
                    [
                        1.0,
                        150000.0,
                        0.0,
                        20000.0,
                        0.0,
                        0.0,
                        9002146.0,
                        0.0
                    ],
                    [
                        0.0,
                        0.0,
                        181308608.0,
                        100000.0,
                        18167570432.0,
                        0.0,
                        8341365.0,
                        98.0
                    ]
                ]
            ],
            "actions": [
                [
                    [
                        0.3333333432674408
                    ],
                    [
                        0.3333333432674408
                    ],
                    [
                        0.3333333432674408
                    ],
                    [
                        0.3333333432674408
                    ],
                    [
                        0.6666666865348816
                    ],
                    [
                        0.3333333432674408
                    ],
                    [
                        0.3333333432674408
                    ],
                    [
                        0.3333333432674408
                    ],
                    [
                        0.3333333432674408
                    ],
                    [
                        0.3333333432674408
                    ],
                    [
                        0.3333333432674408
                    ],
                    [
                        0.3333333432674408
                    ],
                    [
                        0.3333333432674408
                    ],
                    [
                        0.3333333432674408
                    ],
                    [
                        0.6666666865348816
                    ],
                    [
                        0.3333333432674408
                    ],
                    [
                        0.3333333432674408
                    ],
                    [
                        0.3333333432674408
                    ],
                    [
                        0.3333333432674408
                    ],
                    [
                        0.3333333432674408
                    ]
                ]
            ],
            "returns": [
                [
                    [
                        0.148375004529953
                    ],
                    [
                        0.14783333241939545
                    ],
                    [
                        0.1472916603088379
                    ],
                    [
                        0.14683333039283752
                    ],
                    [
                        0.14637500047683716
                    ],
                    [
                        0.1459166705608368
                    ],
                    [
                        0.14524999260902405
                    ],
                    [
                        0.1445833295583725
                    ],
                    [
                        0.14408333599567413
                    ],
                    [
                        0.14362500607967377
                    ],
                    [
                        0.1431666612625122
                    ],
                    [
                        0.14249999821186066
                    ],
                    [
                        0.1420000046491623
                    ],
                    [
                        0.14154165983200073
                    ],
                    [
                        0.14108332991600037
                    ],
                    [
                        0.140583336353302
                    ],
                    [
                        0.1404999941587448
                    ],
                    [
                        0.14041666686534882
                    ],
                    [
                        0.14000000059604645
                    ],
                    [
                        0.13991667330265045
                    ]
                ]
            ],
            "timesteps": [
                [
                    1000,
                    1001,
                    1002,
                    1003,
                    1004,
                    1005,
                    1006,
                    1007,
                    1008,
                    1009,
                    1010,
                    1011,
                    1012,
                    1013,
                    1014,
                    1015,
                    1016,
                    1017,
                    1018,
                    1019
                ]
            ],
            "labels": [
                [
                    0,
                    0,
                    0,
                    0,
                    1,
                    0,
                    0,
                    0,
                    0,
                    0,
                    0,
                    0,
                    0,
                    0,
                    1,
                    0,
                    0,
                    0,
                    0,
                    0
                ]
            ],
            "CPU Usage": 5.1,
            "RAM Usage": 17.4,
            "GPU Usage": 42.0,
            "VRAM Usage": 15400.0,
            "Disk Read Speed (MB/s)": 75057177.68652344,
            "Disk Write Speed (MB/s)": 506878145.9267578
        },
        {
            "step": 1,
            "train_loss": 0.003846364561468363,
            "actions_pred1": [
                [
                    [
                        2.9667887687683105,
                        -1.0983471870422363,
                        -2.112616777420044
                    ],
                    [
                        2.625330686569214,
                        -0.33128654956817627,
                        -2.340165853500366
                    ],
                    [
                        2.455781936645508,
                        0.0828949436545372,
                        -2.29630184173584
                    ],
                    [
                        2.561087131500244,
                        -0.17809785902500153,
                        -2.1996352672576904
                    ],
                    [
                        0.741126537322998,
                        0.8173813819885254,
                        -2.1828601360321045
                    ],
                    [
                        2.6995091438293457,
                        0.24260859191417694,
                        -2.035233974456787
                    ],
                    [
                        2.8040804862976074,
                        0.03552258387207985,
                        -2.151315689086914
                    ],
                    [
                        3.1006550788879395,
                        0.06026693060994148,
                        -2.072425127029419
                    ],
                    [
                        2.945854663848877,
                        -0.2385130524635315,
                        -2.0504074096679688
                    ],
                    [
                        2.6182308197021484,
                        -0.14496801793575287,
                        -2.1131207942962646
                    ],
                    [
                        3.0937068462371826,
                        0.22729510068893433,
                        -2.4156885147094727
                    ],
                    [
                        3.0902349948883057,
                        0.020094621926546097,
                        -2.2084007263183594
                    ],
                    [
                        3.3312723636627197,
                        0.2755301296710968,
                        -2.3435494899749756
                    ],
                    [
                        3.0533487796783447,
                        0.21146270632743835,
                        -2.5529186725616455
                    ],
                    [
                        1.294504165649414,
                        1.4719945192337036,
                        -2.2937042713165283
                    ],
                    [
                        3.1667795181274414,
                        0.14961673319339752,
                        -2.1311817169189453
                    ],
                    [
                        2.510382652282715,
                        0.46877485513687134,
                        -2.390671491622925
                    ],
                    [
                        3.0624423027038574,
                        0.3423076272010803,
                        -2.4832396507263184
                    ],
                    [
                        3.150986433029175,
                        -0.049377571791410446,
                        -2.542656183242798
                    ],
                    [
                        2.784959077835083,
                        0.1605139523744583,
                        -2.4971811771392822
                    ]
                ]
            ],
            "actions_pred": [
                [
                    [
                        2.9667887687683105,
                        2.625330686569214,
                        2.455781936645508,
                        2.561087131500244,
                        0.741126537322998,
                        2.6995091438293457,
                        2.8040804862976074,
                        3.1006550788879395,
                        2.945854663848877,
                        2.6182308197021484,
                        3.0937068462371826,
                        3.0902349948883057,
                        3.3312723636627197,
                        3.0533487796783447,
                        1.294504165649414,
                        3.1667795181274414,
                        2.510382652282715,
                        3.0624423027038574,
                        3.150986433029175,
                        2.784959077835083
                    ],
                    [
                        -1.0983471870422363,
                        -0.33128654956817627,
                        0.0828949436545372,
                        -0.17809785902500153,
                        0.8173813819885254,
                        0.24260859191417694,
                        0.03552258387207985,
                        0.06026693060994148,
                        -0.2385130524635315,
                        -0.14496801793575287,
                        0.22729510068893433,
                        0.020094621926546097,
                        0.2755301296710968,
                        0.21146270632743835,
                        1.4719945192337036,
                        0.14961673319339752,
                        0.46877485513687134,
                        0.3423076272010803,
                        -0.049377571791410446,
                        0.1605139523744583
                    ],
                    [
                        -2.112616777420044,
                        -2.340165853500366,
                        -2.29630184173584,
                        -2.1996352672576904,
                        -2.1828601360321045,
                        -2.035233974456787,
                        -2.151315689086914,
                        -2.072425127029419,
                        -2.0504074096679688,
                        -2.1131207942962646,
                        -2.4156885147094727,
                        -2.2084007263183594,
                        -2.3435494899749756,
                        -2.5529186725616455,
                        -2.2937042713165283,
                        -2.1311817169189453,
                        -2.390671491622925,
                        -2.4832396507263184,
                        -2.542656183242798,
                        -2.4971811771392822
                    ]
                ]
            ],
            "states": [
                [
                    [
                        0.0,
                        0.0,
                        557837824.0,
                        220000.0,
                        12485837824.0,
                        0.0,
                        3122993.0,
                        9.0
                    ],
                    [
                        0.0,
                        0.0,
                        557837824.0,
                        220000.0,
                        13043676160.0,
                        0.0,
                        3123045.0,
                        9.0
                    ],
                    [
                        0.0,
                        0.0,
                        557837824.0,
                        230000.0,
                        13601513472.0,
                        0.0,
                        3123097.0,
                        9.0
                    ],
                    [
                        0.0,
                        0.0,
                        557837824.0,
                        230000.0,
                        14159351808.0,
                        0.0,
                        3123149.0,
                        9.0
                    ],
                    [
                        0.0,
                        0.0,
                        557837824.0,
                        230000.0,
                        0.0,
                        0.0,
                        3123201.0,
                        9.0
                    ],
                    [
                        0.0,
                        0.0,
                        557837824.0,
                        230000.0,
                        1673513472.0,
                        0.0,
                        3123357.0,
                        10.0
                    ],
                    [
                        0.0,
                        0.0,
                        557837824.0,
                        230000.0,
                        2231351296.0,
                        0.0,
                        3123409.0,
                        10.0
                    ],
                    [
                        0.0,
                        0.0,
                        557837824.0,
                        230000.0,
                        2789189120.0,
                        0.0,
                        3123461.0,
                        10.0
                    ],
                    [
                        0.0,
                        0.0,
                        557837824.0,
                        230000.0,
                        3347026944.0,
                        0.0,
                        3123513.0,
                        10.0
                    ],
                    [
                        0.0,
                        0.0,
                        557837824.0,
                        230000.0,
                        3904864768.0,
                        0.0,
                        3123565.0,
                        10.0
                    ],
                    [
                        0.0,
                        0.0,
                        557837824.0,
                        230000.0,
                        2231351296.0,
                        0.0,
                        3123409.0,
                        10.0
                    ],
                    [
                        0.0,
                        0.0,
                        557837824.0,
                        230000.0,
                        2789189120.0,
                        0.0,
                        3123461.0,
                        10.0
                    ],
                    [
                        0.0,
                        0.0,
                        557837824.0,
                        230000.0,
                        3347026944.0,
                        0.0,
                        3123513.0,
                        10.0
                    ],
                    [
                        0.0,
                        0.0,
                        557837824.0,
                        230000.0,
                        3904864768.0,
                        0.0,
                        3123565.0,
                        10.0
                    ],
                    [
                        0.0,
                        0.0,
                        557837824.0,
                        230000.0,
                        0.0,
                        0.0,
                        3123617.0,
                        10.0
                    ],
                    [
                        0.0,
                        0.0,
                        643737152.0,
                        190000.0,
                        4978098688.0,
                        0.0,
                        3124057.0,
                        11.0
                    ],
                    [
                        0.0,
                        0.0,
                        643737152.0,
                        190000.0,
                        5621835776.0,
                        0.0,
                        3124121.0,
                        11.0
                    ],
                    [
                        0.0,
                        0.0,
                        643737152.0,
                        190000.0,
                        6265572864.0,
                        0.0,
                        3124173.0,
                        11.0
                    ],
                    [
                        0.0,
                        0.0,
                        643737152.0,
                        190000.0,
                        6909309952.0,
                        0.0,
                        3124237.0,
                        11.0
                    ],
                    [
                        0.0,
                        0.0,
                        643737152.0,
                        190000.0,
                        7553047552.0,
                        0.0,
                        3124301.0,
                        11.0
                    ]
                ]
            ],
            "actions": [
                [
                    [
                        0.3333333432674408
                    ],
                    [
                        0.3333333432674408
                    ],
                    [
                        0.3333333432674408
                    ],
                    [
                        0.3333333432674408
                    ],
                    [
                        0.6666666865348816
                    ],
                    [
                        0.3333333432674408
                    ],
                    [
                        0.3333333432674408
                    ],
                    [
                        0.3333333432674408
                    ],
                    [
                        0.3333333432674408
                    ],
                    [
                        0.3333333432674408
                    ],
                    [
                        0.3333333432674408
                    ],
                    [
                        0.3333333432674408
                    ],
                    [
                        0.3333333432674408
                    ],
                    [
                        0.3333333432674408
                    ],
                    [
                        0.6666666865348816
                    ],
                    [
                        0.3333333432674408
                    ],
                    [
                        0.3333333432674408
                    ],
                    [
                        0.3333333432674408
                    ],
                    [
                        0.3333333432674408
                    ],
                    [
                        0.3333333432674408
                    ]
                ]
            ],
            "returns": [
                [
                    [
                        0.5730833411216736
                    ],
                    [
                        0.5721666812896729
                    ],
                    [
                        0.5712500214576721
                    ],
                    [
                        0.5702916383743286
                    ],
                    [
                        0.5693333148956299
                    ],
                    [
                        0.5683749914169312
                    ],
                    [
                        0.5674166679382324
                    ],
                    [
                        0.5664583444595337
                    ],
                    [
                        0.565500020980835
                    ],
                    [
                        0.5645416378974915
                    ],
                    [
                        0.5635833144187927
                    ],
                    [
                        0.562624990940094
                    ],
                    [
                        0.5616666674613953
                    ],
                    [
                        0.5607083439826965
                    ],
                    [
                        0.5597500205039978
                    ],
                    [
                        0.5587916374206543
                    ],
                    [
                        0.5580000281333923
                    ],
                    [
                        0.5572083592414856
                    ],
                    [
                        0.5564166903495789
                    ],
                    [
                        0.5556250214576721
                    ]
                ]
            ],
            "timesteps": [
                [
                    100,
                    101,
                    102,
                    103,
                    104,
                    105,
                    106,
                    107,
                    108,
                    109,
                    110,
                    111,
                    112,
                    113,
                    114,
                    115,
                    116,
                    117,
                    118,
                    119
                ]
            ],
            "labels": [
                [
                    0,
                    0,
                    0,
                    0,
                    1,
                    0,
                    0,
                    0,
                    0,
                    0,
                    0,
                    0,
                    0,
                    0,
                    1,
                    0,
                    0,
                    0,
                    0,
                    0
                ]
            ],
            "CPU Usage": 6.5,
            "RAM Usage": 17.4,
            "GPU Usage": 61.0,
            "VRAM Usage": 15400.0,
            "Disk Read Speed (MB/s)": 75057177.68652344,
            "Disk Write Speed (MB/s)": 506878145.9267578
        },
        {
            "step": 2,
            "train_loss": 0.0032391201239079237,
            "actions_pred1": [
                [
                    [
                        4.220202445983887,
                        -0.4559783935546875,
                        -3.4131577014923096
                    ],
                    [
                        4.251245021820068,
                        0.5135138034820557,
                        -2.871479034423828
                    ],
                    [
                        4.628413677215576,
                        -0.3017978072166443,
                        -2.649735927581787
                    ],
                    [
                        2.766329050064087,
                        -0.03832032158970833,
                        -3.519498109817505
                    ],
                    [
                        1.7539951801300049,
                        1.4470258951187134,
                        -3.153942823410034
                    ],
                    [
                        3.315431833267212,
                        0.3806993365287781,
                        -3.7097442150115967
                    ],
                    [
                        4.093297004699707,
                        -0.1051105260848999,
                        -3.473494052886963
                    ],
                    [
                        3.927201271057129,
                        -0.0661926344037056,
                        -3.16711163520813
                    ],
                    [
                        3.386057138442993,
                        0.3448812961578369,
                        -3.2524499893188477
                    ],
                    [
                        3.4477548599243164,
                        0.3191646337509155,
                        -3.0011446475982666
                    ],
                    [
                        4.435082912445068,
                        0.2436784952878952,
                        -3.255023956298828
                    ],
                    [
                        4.7774882316589355,
                        0.538510799407959,
                        -3.4406089782714844
                    ],
                    [
                        3.203662395477295,
                        0.5448924899101257,
                        -3.596011161804199
                    ],
                    [
                        3.546231508255005,
                        0.5764296054840088,
                        -3.4606308937072754
                    ],
                    [
                        1.5391356945037842,
                        1.702277421951294,
                        -2.8972420692443848
                    ],
                    [
                        3.8293867111206055,
                        0.24796582758426666,
                        -3.3463051319122314
                    ],
                    [
                        3.8535616397857666,
                        0.300685852766037,
                        -3.524890661239624
                    ],
                    [
                        3.5980827808380127,
                        0.3536120653152466,
                        -3.0305542945861816
                    ],
                    [
                        3.4729161262512207,
                        0.2656717002391815,
                        -2.906785011291504
                    ],
                    [
                        4.159055233001709,
                        0.26999038457870483,
                        -3.6036174297332764
                    ]
                ]
            ],
            "actions_pred": [
                [
                    [
                        4.220202445983887,
                        4.251245021820068,
                        4.628413677215576,
                        2.766329050064087,
                        1.7539951801300049,
                        3.315431833267212,
                        4.093297004699707,
                        3.927201271057129,
                        3.386057138442993,
                        3.4477548599243164,
                        4.435082912445068,
                        4.7774882316589355,
                        3.203662395477295,
                        3.546231508255005,
                        1.5391356945037842,
                        3.8293867111206055,
