{
    "steps": [
        {
            "step": 0,
            "train_loss": 0.030375003814697266,
            "actions_pred1": [
                [
                    [
                        0.18538683652877808,
                        0.5452926158905029,
                        0.18436364829540253
                    ],
                    [
                        0.6633517146110535,
                        0.7690433859825134,
                        0.38929101824760437
                    ],
                    [
                        0.45864975452423096,
                        0.8960238695144653,
                        0.05862870067358017
                    ],
                    [
                        0.6152997612953186,
                        0.7864500284194946,
                        -0.09227343648672104
                    ],
                    [
                        0.4752120077610016,
                        0.47658178210258484,
                        0.0991920754313469
                    ],
                    [
                        0.703733503818512,
                        0.344637930393219,
                        0.1373860239982605
                    ],
                    [
                        0.09697310626506805,
                        0.5575746297836304,
                        -0.0333314910531044
                    ],
                    [
                        0.4452820420265198,
                        0.47392839193344116,
                        0.21521686017513275
                    ],
                    [
                        0.33058273792266846,
                        0.5333960652351379,
                        0.030781365931034088
                    ],
                    [
                        0.5696093440055847,
                        0.35405153036117554,
                        0.11855161935091019
                    ],
                    [
                        0.7398693561553955,
                        0.3776533603668213,
                        0.032784439623355865
                    ],
                    [
                        0.5945754051208496,
                        0.25535300374031067,
                        0.03236781805753708
                    ],
                    [
                        0.520803689956665,
                        0.19513608515262604,
                        0.14424782991409302
                    ],
                    [
                        0.6875851154327393,
                        0.19690240919589996,
                        0.23891404271125793
                    ],
                    [
                        0.40973860025405884,
                        0.3579818308353424,
                        -0.15670232474803925
                    ],
                    [
                        0.1855306476354599,
                        0.5002597570419312,
                        0.00785262044519186
                    ],
                    [
                        0.31727176904678345,
                        0.31161215901374817,
                        -0.06950974464416504
                    ],
                    [
                        0.697517454624176,
                        0.46824416518211365,
                        -0.1482844203710556
                    ],
                    [
                        0.7546490430831909,
                        0.2875766158103943,
                        -0.0249229297041893
                    ],
                    [
                        0.4152415096759796,
                        0.6555624008178711,
                        -0.03838593512773514
                    ]
                ]
            ],
            "actions_pred": [
                [
                    [
                        0.18538683652877808,
                        0.6633517146110535,
                        0.45864975452423096,
                        0.6152997612953186,
                        0.4752120077610016,
                        0.703733503818512,
                        0.09697310626506805,
                        0.4452820420265198,
                        0.33058273792266846,
                        0.5696093440055847,
                        0.7398693561553955,
                        0.5945754051208496,
                        0.520803689956665,
                        0.6875851154327393,
                        0.40973860025405884,
                        0.1855306476354599,
                        0.31727176904678345,
                        0.697517454624176,
                        0.7546490430831909,
                        0.4152415096759796
                    ],
                    [
                        0.5452926158905029,
                        0.7690433859825134,
                        0.8960238695144653,
                        0.7864500284194946,
                        0.47658178210258484,
                        0.344637930393219,
                        0.5575746297836304,
                        0.47392839193344116,
                        0.5333960652351379,
                        0.35405153036117554,
                        0.3776533603668213,
                        0.25535300374031067,
                        0.19513608515262604,
                        0.19690240919589996,
                        0.3579818308353424,
                        0.5002597570419312,
                        0.31161215901374817,
                        0.46824416518211365,
                        0.2875766158103943,
                        0.6555624008178711
                    ],
                    [
                        0.18436364829540253,
                        0.38929101824760437,
                        0.05862870067358017,
                        -0.09227343648672104,
                        0.0991920754313469,
                        0.1373860239982605,
                        -0.0333314910531044,
                        0.21521686017513275,
                        0.030781365931034088,
                        0.11855161935091019,
                        0.032784439623355865,
                        0.03236781805753708,
                        0.14424782991409302,
                        0.23891404271125793,
                        -0.15670232474803925,
                        0.00785262044519186,
                        -0.06950974464416504,
                        -0.1482844203710556,
                        -0.0249229297041893,
                        -0.03838593512773514
                    ]
                ]
            ],
            "states": [
                [
                    [
                        0.0,
                        0.0,
                        658976896.0,
                        230000.0,
                        7162846720.0,
                        0.0,
                        6521929.0,
                        65.0
                    ],
                    [
                        0.0,
                        0.0,
                        658976896.0,
                        230000.0,
                        7821823488.0,
                        0.0,
                        6521981.0,
                        65.0
                    ],
                    [
                        0.0,
                        0.0,
                        658976896.0,
                        230000.0,
                        8480800256.0,
                        0.0,
                        6523481.0,
                        65.0
                    ],
                    [
                        0.0,
                        0.0,
                        658976896.0,
                        230000.0,
                        9139777536.0,
                        0.0,
                        6523533.0,
                        65.0
                    ],
                    [
                        0.0,
                        0.0,
                        658976896.0,
                        230000.0,
                        0.0,
                        0.0,
                        6525033.0,
                        65.0
                    ],
                    [
                        0.0,
                        0.0,
                        658976896.0,
                        230000.0,
                        9139777536.0,
                        0.0,
                        6523533.0,
                        65.0
                    ],
                    [
                        0.0,
                        0.0,
                        658976896.0,
                        230000.0,
                        0.0,
                        0.0,
                        6525033.0,
                        65.0
                    ],
                    [
                        0.0,
                        0.0,
                        658976896.0,
                        230000.0,
                        658976896.0,
                        0.0,
                        6526533.0,
                        66.0
                    ],
                    [
                        0.0,
                        0.0,
                        658976896.0,
                        230000.0,
                        1317953792.0,
                        0.0,
                        6526585.0,
                        66.0
                    ],
                    [
                        0.0,
                        0.0,
                        658976896.0,
                        230000.0,
                        1976930688.0,
                        0.0,
                        6528085.0,
                        66.0
                    ],
                    [
                        0.0,
                        0.0,
                        658976896.0,
                        230000.0,
                        0.0,
                        0.0,
                        6525033.0,
                        65.0
                    ],
                    [
                        0.0,
                        0.0,
                        658976896.0,
                        230000.0,
                        658976896.0,
                        0.0,
                        6526533.0,
                        66.0
                    ],
                    [
                        0.0,
                        0.0,
                        658976896.0,
                        230000.0,
                        1317953792.0,
                        0.0,
                        6526585.0,
                        66.0
                    ],
                    [
                        0.0,
                        0.0,
                        658976896.0,
                        230000.0,
                        1976930688.0,
                        0.0,
                        6528085.0,
                        66.0
                    ],
                    [
                        0.0,
                        0.0,
                        658976896.0,
                        230000.0,
                        0.0,
                        0.0,
                        6529585.0,
                        66.0
                    ],
                    [
                        0.0,
                        0.0,
                        658976896.0,
                        230000.0,
                        1976930688.0,
                        0.0,
                        6528085.0,
                        66.0
                    ],
                    [
                        0.0,
                        0.0,
                        658976896.0,
                        230000.0,
                        0.0,
                        0.0,
                        6529585.0,
                        66.0
                    ],
                    [
                        0.0,
                        0.0,
                        658976896.0,
                        230000.0,
                        658976896.0,
                        0.0,
                        6529637.0,
                        67.0
                    ],
                    [
                        0.0,
                        0.0,
                        658976896.0,
                        230000.0,
                        1317953792.0,
                        0.0,
                        6531137.0,
                        67.0
                    ],
                    [
                        0.0,
                        0.0,
                        658976896.0,
                        230000.0,
                        1976930688.0,
                        0.0,
                        6532637.0,
                        67.0
                    ]
                ]
            ],
            "actions": [
                [
                    [
                        0.3333333432674408
                    ],
                    [
                        0.3333333432674408
                    ],
                    [
                        0.3333333432674408
                    ],
                    [
                        0.3333333432674408
                    ],
                    [
                        0.6666666865348816
                    ],
                    [
                        0.3333333432674408
                    ],
                    [
                        0.6666666865348816
                    ],
                    [
                        0.3333333432674408
                    ],
                    [
                        0.3333333432674408
                    ],
                    [
                        0.3333333432674408
                    ],
                    [
                        0.6666666865348816
                    ],
                    [
                        0.3333333432674408
                    ],
                    [
                        0.3333333432674408
                    ],
                    [
                        0.3333333432674408
                    ],
                    [
                        0.6666666865348816
                    ],
                    [
                        0.3333333432674408
                    ],
                    [
                        0.6666666865348816
                    ],
                    [
                        0.3333333432674408
                    ],
                    [
                        0.3333333432674408
                    ],
                    [
                        0.3333333432674408
                    ]
                ]
            ],
            "returns": [
                [
                    [
                        0.27166667580604553
                    ],
                    [
                        0.2707083225250244
                    ],
                    [
                        0.2697499990463257
                    ],
                    [
                        0.26879167556762695
                    ],
                    [
                        0.26783332228660583
                    ],
                    [
                        0.2668749988079071
                    ],
                    [
                        0.2659166753292084
                    ],
                    [
                        0.26495832204818726
                    ],
                    [
                        0.2639999985694885
                    ],
                    [
                        0.2630416750907898
                    ],
                    [
                        0.2620833218097687
                    ],
                    [
                        0.26112499833106995
                    ],
                    [
                        0.2601666748523712
                    ],
                    [
                        0.2592083215713501
                    ],
                    [
                        0.25824999809265137
                    ],
                    [
                        0.25729167461395264
                    ],
                    [
                        0.2563333213329315
                    ],
                    [
                        0.2553749978542328
                    ],
                    [
                        0.25441667437553406
                    ],
                    [
                        0.25345832109451294
                    ]
                ]
            ],
            "timesteps": [
                [
                    660,
                    661,
                    662,
                    663,
                    664,
                    665,
                    666,
                    667,
                    668,
                    669,
                    670,
                    671,
                    672,
                    673,
                    674,
                    675,
                    676,
                    677,
                    678,
                    679
                ]
            ],
            "labels": [
                [
                    0,
                    0,
                    0,
                    0,
                    1,
                    0,
                    1,
                    0,
                    0,
                    0,
                    1,
                    0,
                    0,
                    0,
                    1,
                    0,
                    1,
                    0,
                    0,
                    0
                ]
            ],
            "CPU Usage": 6.7,
            "RAM Usage": 17.4,
            "GPU Usage": 42.0,
            "VRAM Usage": 15400.0,
            "Disk Read Speed (MB/s)": 75057177.68652344,
            "Disk Write Speed (MB/s)": 506877885.9501953
        },
        {
            "step": 1,
            "train_loss": 0.027890468016266823,
            "actions_pred1": [
                [
                    [
                        0.2142450213432312,
                        0.7028284072875977,
                        -0.003998198546469212
                    ],
                    [
                        0.4187755286693573,
                        0.6282198429107666,
                        -0.1927589476108551
                    ],
                    [
                        0.52579665184021,
                        0.5858324766159058,
                        -0.19411854445934296
                    ],
                    [
                        0.4058341383934021,
                        0.6827211976051331,
                        0.09146878868341446
                    ],
                    [
                        0.3030823767185211,
                        0.663774847984314,
                        -0.017774008214473724
                    ],
                    [
                        0.750883162021637,
                        0.5040072202682495,
                        0.0987386479973793
                    ],
                    [
                        0.7454694509506226,
                        0.5698753595352173,
                        0.006863108836114407
                    ],
                    [
                        0.7354037761688232,
                        0.5377920866012573,
                        0.3501717150211334
                    ],
                    [
                        0.8125189542770386,
                        0.40645864605903625,
                        0.3539436459541321
                    ],
                    [
                        0.8676283955574036,
                        0.5385993719100952,
                        0.5023590326309204
                    ],
                    [
                        0.709680438041687,
                        0.31949183344841003,
                        0.08871427923440933
                    ],
                    [
                        0.7724365592002869,
                        0.31011196970939636,
                        0.3173028528690338
                    ],
                    [
                        0.8540486693382263,
                        0.3683932423591614,
                        0.03308451920747757
                    ],
                    [
                        0.7514874339103699,
                        0.3754076659679413,
                        0.33339911699295044
                    ],
                    [
                        1.1324148178100586,
                        0.20586124062538147,
                        0.3489185869693756
                    ],
                    [
                        0.8049285411834717,
                        0.3213525414466858,
                        0.040328167378902435
                    ],
                    [
                        0.7891615629196167,
                        0.3637264668941498,
                        -0.04440785571932793
                    ],
                    [
                        0.7221792936325073,
                        0.27842411398887634,
                        0.04242928326129913
                    ],
                    [
                        0.8192075490951538,
                        0.2961209714412689,
                        0.1346115618944168
                    ],
                    [
                        0.7639080286026001,
                        0.25319525599479675,
                        0.09660950303077698
                    ]
                ]
            ],
            "actions_pred": [
                [
                    [
                        0.2142450213432312,
                        0.4187755286693573,
                        0.52579665184021,
                        0.4058341383934021,
                        0.3030823767185211,
                        0.750883162021637,
                        0.7454694509506226,
                        0.7354037761688232,
                        0.8125189542770386,
                        0.8676283955574036,
                        0.709680438041687,
                        0.7724365592002869,
                        0.8540486693382263,
                        0.7514874339103699,
                        1.1324148178100586,
                        0.8049285411834717,
                        0.7891615629196167,
                        0.7221792936325073,
                        0.8192075490951538,
                        0.7639080286026001
                    ],
                    [
                        0.7028284072875977,
                        0.6282198429107666,
                        0.5858324766159058,
                        0.6827211976051331,
                        0.663774847984314,
                        0.5040072202682495,
                        0.5698753595352173,
                        0.5377920866012573,
                        0.40645864605903625,
                        0.5385993719100952,
                        0.31949183344841003,
                        0.31011196970939636,
                        0.3683932423591614,
                        0.3754076659679413,
                        0.20586124062538147,
                        0.3213525414466858,
                        0.3637264668941498,
                        0.27842411398887634,
                        0.2961209714412689,
                        0.25319525599479675
                    ],
                    [
                        -0.003998198546469212,
                        -0.1927589476108551,
                        -0.19411854445934296,
                        0.09146878868341446,
                        -0.017774008214473724,
                        0.0987386479973793,
                        0.006863108836114407,
                        0.3501717150211334,
                        0.3539436459541321,
                        0.5023590326309204,
                        0.08871427923440933,
                        0.3173028528690338,
                        0.03308451920747757,
                        0.33339911699295044,
                        0.3489185869693756,
                        0.040328167378902435,
                        -0.04440785571932793,
                        0.04242928326129913,
                        0.1346115618944168,
                        0.09660950303077698
                    ]
                ]
            ],
            "states": [
                [
                    [
                        0.0,
                        0.0,
                        234848896.0,
                        80000.0,
                        17326923776.0,
                        0.0,
                        6356545.0,
                        55.0
                    ],
                    [
                        0.0,
                        0.0,
                        234848896.0,
                        80000.0,
                        17561772032.0,
                        0.0,
                        6358045.0,
                        55.0
                    ],
                    [
                        0.0,
                        0.0,
                        234848896.0,
                        80000.0,
                        17796620288.0,
                        0.0,
                        6359545.0,
                        55.0
                    ],
                    [
                        0.0,
                        0.0,
                        234848896.0,
                        80000.0,
                        18031470592.0,
                        0.0,
                        6361045.0,
                        55.0
                    ],
                    [
                        0.0,
                        0.0,
                        234848896.0,
                        80000.0,
                        18266318848.0,
                        0.0,
                        6362545.0,
                        55.0
                    ],
                    [
                        0.0,
                        0.0,
                        320748224.0,
                        150000.0,
                        10235596800.0,
                        0.0,
                        6397857.0,
                        56.0
                    ],
                    [
                        0.0,
                        0.0,
                        320748224.0,
                        150000.0,
                        10556345344.0,
                        0.0,
                        6399357.0,
                        56.0
                    ],
                    [
                        0.0,
                        0.0,
                        320748224.0,
                        150000.0,
                        10877093888.0,
                        0.0,
                        6400857.0,
                        56.0
                    ],
                    [
                        0.0,
                        0.0,
                        320748224.0,
                        150000.0,
                        11197842432.0,
                        0.0,
                        6402357.0,
                        56.0
                    ],
                    [
                        0.0,
                        0.0,
                        320748224.0,
                        150000.0,
                        11518589952.0,
                        0.0,
                        6402409.0,
                        56.0
                    ],
                    [
                        0.0,
                        0.0,
                        320748224.0,
                        150000.0,
                        10556345344.0,
                        0.0,
                        6399357.0,
                        56.0
                    ],
                    [
                        0.0,
                        0.0,
                        320748224.0,
                        150000.0,
                        10877093888.0,
                        0.0,
                        6400857.0,
                        56.0
                    ],
                    [
                        0.0,
                        0.0,
                        320748224.0,
                        150000.0,
                        11197842432.0,
                        0.0,
                        6402357.0,
                        56.0
                    ],
                    [
                        0.0,
                        0.0,
                        320748224.0,
                        150000.0,
                        11518589952.0,
                        0.0,
                        6402409.0,
                        56.0
                    ],
                    [
                        0.0,
                        0.0,
                        320748224.0,
                        150000.0,
                        0.0,
                        0.0,
                        6402461.0,
                        56.0
                    ],
                    [
                        0.0,
                        0.0,
                        399936704.0,
                        120000.0,
                        4525436416.0,
                        0.0,
                        6407453.0,
                        57.0
                    ],
                    [
                        0.0,
                        0.0,
                        399936704.0,
                        120000.0,
                        4925372928.0,
                        0.0,
                        6407505.0,
                        57.0
                    ],
                    [
                        0.0,
                        0.0,
                        399936704.0,
                        120000.0,
                        5325309440.0,
                        0.0,
                        6407569.0,
                        57.0
                    ],
                    [
                        0.0,
                        0.0,
                        399936704.0,
                        130000.0,
                        5725246464.0,
                        0.0,
                        6407621.0,
                        57.0
                    ],
                    [
                        0.0,
                        0.0,
                        399936704.0,
                        130000.0,
                        6125182976.0,
                        0.0,
                        6407673.0,
                        57.0
                    ]
                ]
            ],
            "actions": [
                [
                    [
                        0.3333333432674408
                    ],
                    [
                        0.3333333432674408
                    ],
                    [
                        0.3333333432674408
                    ],
                    [
                        0.3333333432674408
                    ],
                    [
                        0.6666666865348816
                    ],
                    [
                        0.3333333432674408
                    ],
                    [
                        0.3333333432674408
                    ],
                    [
                        0.3333333432674408
                    ],
                    [
                        0.3333333432674408
                    ],
                    [
                        0.3333333432674408
                    ],
                    [
                        0.3333333432674408
                    ],
                    [
                        0.3333333432674408
                    ],
                    [
                        0.3333333432674408
                    ],
                    [
                        0.3333333432674408
                    ],
                    [
                        0.6666666865348816
                    ],
                    [
                        0.3333333432674408
                    ],
                    [
                        0.3333333432674408
                    ],
                    [
                        0.3333333432674408
                    ],
                    [
                        0.3333333432674408
                    ],
                    [
                        0.3333333432674408
                    ]
                ]
            ],
            "returns": [
                [
                    [
                        0.32233333587646484
                    ],
                    [
                        0.32199999690055847
                    ],
                    [
                        0.3216666579246521
                    ],
                    [
                        0.3213333189487457
                    ],
                    [
                        0.32100000977516174
                    ],
                    [
                        0.32066667079925537
                    ],
                    [
                        0.3200416564941406
                    ],
                    [
                        0.31941667199134827
                    ],
                    [
                        0.3187916576862335
                    ],
                    [
                        0.31816667318344116
                    ],
                    [
                        0.3175416588783264
                    ],
                    [
                        0.31691667437553406
                    ],
                    [
                        0.3162916600704193
                    ],
                    [
                        0.31566667556762695
                    ],
                    [
                        0.3150416612625122
                    ],
                    [
                        0.31441667675971985
                    ],
                    [
                        0.3139166533946991
                    ],
                    [
                        0.31341665983200073
                    ],
                    [
                        0.31291666626930237
                    ],
                    [
                        0.312375009059906
                    ]
                ]
            ],
            "timesteps": [
                [
                    560,
                    561,
                    562,
                    563,
                    564,
                    565,
                    566,
                    567,
                    568,
                    569,
                    570,
                    571,
                    572,
                    573,
                    574,
                    575,
                    576,
                    577,
                    578,
                    579
                ]
            ],
            "labels": [
                [
                    0,
                    0,
                    0,
                    0,
                    1,
                    0,
                    0,
                    0,
                    0,
                    0,
                    0,
                    0,
                    0,
                    0,
                    1,
                    0,
                    0,
                    0,
                    0,
                    0
                ]
            ],
            "CPU Usage": 4.6,
            "RAM Usage": 17.4,
            "GPU Usage": 74.0,
            "VRAM Usage": 15400.0,
            "Disk Read Speed (MB/s)": 75057177.68652344,
            "Disk Write Speed (MB/s)": 506877885.9501953
        },
        {
            "step": 2,
            "train_loss": 0.028228629380464554,
            "actions_pred1": [
                [
                    [
                        0.33598873019218445,
                        0.3537311255931854,
                        -0.05474654585123062
                    ],
                    [
                        0.21661323308944702,
                        0.40812861919403076,
                        -0.12103011459112167
                    ],
                    [
                        0.33785489201545715,
                        0.2883048355579376,
                        -0.1287946105003357
                    ],
                    [
                        0.27556920051574707,
                        0.37053585052490234,
                        -0.4200626313686371
                    ],
                    [
                        0.32711315155029297,
                        0.33346128463745117,
                        -0.08610370010137558
                    ],
                    [
                        0.5752056241035461,
                        0.2706103026866913,
                        -0.12064711004495621
                    ],
                    [
                        0.6422168612480164,
                        0.2987419664859772,
                        -0.1298414021730423
                    ],
                    [
                        0.9393362998962402,
                        0.2349824756383896,
                        0.11257357150316238
                    ],
                    [
                        0.553601861000061,
                        0.188813254237175,
                        -0.024520143866539
                    ],
                    [
                        0.6958945989608765,
                        0.42031723260879517,
                        -0.10622717440128326
                    ],
                    [
                        0.5946544408798218,
                        0.3532998859882355,
                        0.006546354852616787
                    ],
                    [
                        0.2827005982398987,
                        0.44203120470046997,
                        -0.1342659741640091
                    ],
                    [
                        0.40992289781570435,
                        0.34904953837394714,
                        0.03121686726808548
                    ],
                    [
                        0.36494001746177673,
                        0.49456557631492615,
                        -0.34836050868034363
                    ],
                    [
                        0.5355262160301208,
                        0.27462080121040344,
                        0.07326094061136246
                    ],
                    [
                        0.6447944641113281,
                        0.21845000982284546,
                        0.22442695498466492
                    ],
                    [
                        0.7176114320755005,
                        0.22573234140872955,
                        0.05454213172197342
                    ],
                    [
                        0.5391358137130737,
                        0.5071843266487122,
                        0.011108330450952053
                    ],
                    [
                        0.7335862517356873,
                        0.3961408734321594,
                        0.11976257711648941
                    ],
                    [
                        0.5122796297073364,
                        0.5310690999031067,
                        0.0635053887963295
                    ]
                ]
            ],
            "actions_pred": [
                [
                    [
                        0.33598873019218445,
                        0.21661323308944702,
                        0.33785489201545715,
                        0.27556920051574707,
                        0.32711315155029297,
                        0.5752056241035461,
                        0.6422168612480164,
                        0.9393362998962402,
                        0.553601861000061,
                        0.6958945989608765,
                        0.5946544408798218,
                        0.2827005982398987,
                        0.40992289781570435,
                        0.36494001746177673,
