{
    "steps": [
        {
            "step": 0,
            "train_loss": 0.0145838288590312,
            "actions_pred1": [
                [
                    [
                        1.4975483417510986,
                        -0.05670934170484543,
                        -0.1580875962972641
                    ],
                    [
                        1.334850549697876,
                        -0.014896800741553307,
                        -0.16695255041122437
                    ],
                    [
                        1.5638363361358643,
                        -0.10725521296262741,
                        -0.24810466170310974
                    ],
                    [
                        1.4775545597076416,
                        -0.16143713891506195,
                        -0.1101914495229721
                    ],
                    [
                        1.5169563293457031,
                        -0.30083245038986206,
                        -0.27433422207832336
                    ],
                    [
                        1.855116605758667,
                        -0.26518842577934265,
                        -0.1876535415649414
                    ],
                    [
                        1.5264781713485718,
                        -0.23798684775829315,
                        -0.39436599612236023
                    ],
                    [
                        1.4567188024520874,
                        -0.22043754160404205,
                        -0.34048816561698914
                    ],
                    [
                        1.4256484508514404,
                        -0.14064572751522064,
                        -0.5913748741149902
                    ],
                    [
                        1.487389087677002,
                        -0.22627101838588715,
                        -0.3926630914211273
                    ],
                    [
                        1.6730972528457642,
                        -0.4273031949996948,
                        -0.5872831344604492
                    ],
                    [
                        0.9819467067718506,
                        -0.16434375941753387,
                        -0.6292240619659424
                    ],
                    [
                        1.4421617984771729,
                        -0.34489643573760986,
                        -0.469580739736557
                    ],
                    [
                        1.5389162302017212,
                        -0.24630986154079437,
                        -0.3755793273448944
                    ],
                    [
                        1.4109333753585815,
                        -0.1622398942708969,
                        -0.25689980387687683
                    ],
                    [
                        1.454778790473938,
                        -0.2797881066799164,
                        -0.3593910336494446
                    ],
                    [
                        1.5590095520019531,
                        -0.18385811150074005,
                        -0.35791900753974915
                    ],
                    [
                        1.6756141185760498,
                        -0.2142072170972824,
                        -0.3599432408809662
                    ],
                    [
                        1.5045419931411743,
                        -0.2696598172187805,
                        -0.5756373405456543
                    ],
                    [
                        1.7484211921691895,
                        0.025398889556527138,
                        -0.1737777590751648
                    ]
                ]
            ],
            "actions_pred": [
                [
                    [
                        1.4975483417510986,
                        1.334850549697876,
                        1.5638363361358643,
                        1.4775545597076416,
                        1.5169563293457031,
                        1.855116605758667,
                        1.5264781713485718,
                        1.4567188024520874,
                        1.4256484508514404,
                        1.487389087677002,
                        1.6730972528457642,
                        0.9819467067718506,
                        1.4421617984771729,
                        1.5389162302017212,
                        1.4109333753585815,
                        1.454778790473938,
                        1.5590095520019531,
                        1.6756141185760498,
                        1.5045419931411743,
                        1.7484211921691895
                    ],
                    [
                        -0.05670934170484543,
                        -0.014896800741553307,
                        -0.10725521296262741,
                        -0.16143713891506195,
                        -0.30083245038986206,
                        -0.26518842577934265,
                        -0.23798684775829315,
                        -0.22043754160404205,
                        -0.14064572751522064,
                        -0.22627101838588715,
                        -0.4273031949996948,
                        -0.16434375941753387,
                        -0.34489643573760986,
                        -0.24630986154079437,
                        -0.1622398942708969,
                        -0.2797881066799164,
                        -0.18385811150074005,
                        -0.2142072170972824,
                        -0.2696598172187805,
                        0.025398889556527138
                    ],
                    [
                        -0.1580875962972641,
                        -0.16695255041122437,
                        -0.24810466170310974,
                        -0.1101914495229721,
                        -0.27433422207832336,
                        -0.1876535415649414,
                        -0.39436599612236023,
                        -0.34048816561698914,
                        -0.5913748741149902,
                        -0.3926630914211273,
                        -0.5872831344604492,
                        -0.6292240619659424,
                        -0.469580739736557,
                        -0.3755793273448944,
                        -0.25689980387687683,
                        -0.3593910336494446,
                        -0.35791900753974915,
                        -0.3599432408809662,
                        -0.5756373405456543,
                        -0.1737777590751648
                    ]
                ]
            ],
            "states": [
                [
                    [
                        0.0,
                        0.0,
                        362267936.0,
                        180000.0,
                        16417097728.0,
                        0.0,
                        10191985.0,
                        116.0
                    ],
                    [
                        0.0,
                        0.0,
                        362267936.0,
                        180000.0,
                        16779366400.0,
                        0.0,
                        10193485.0,
                        116.0
                    ],
                    [
                        0.0,
                        0.0,
                        362267936.0,
                        180000.0,
                        17141634048.0,
                        0.0,
                        10194985.0,
                        116.0
                    ],
                    [
                        0.0,
                        0.0,
                        362267936.0,
                        180000.0,
                        17503901696.0,
                        0.0,
                        10196485.0,
                        116.0
                    ],
                    [
                        0.0,
                        0.0,
                        362267936.0,
                        180000.0,
                        17866170368.0,
                        0.0,
                        10197985.0,
                        116.0
                    ],
                    [
                        0.0,
                        0.0,
                        362267936.0,
                        180000.0,
                        16779366400.0,
                        0.0,
                        10193485.0,
                        116.0
                    ],
                    [
                        0.0,
                        0.0,
                        362267936.0,
                        180000.0,
                        17141634048.0,
                        0.0,
                        10194985.0,
                        116.0
                    ],
                    [
                        0.0,
                        0.0,
                        362267936.0,
                        180000.0,
                        17503901696.0,
                        0.0,
                        10196485.0,
                        116.0
                    ],
                    [
                        0.0,
                        0.0,
                        362267936.0,
                        180000.0,
                        17866170368.0,
                        0.0,
                        10197985.0,
                        116.0
                    ],
                    [
                        0.0,
                        0.0,
                        405217600.0,
                        190000.0,
                        18271387648.0,
                        0.0,
                        10198037.0,
                        116.0
                    ],
                    [
                        0.0,
                        0.0,
                        491116928.0,
                        150000.0,
                        13573866496.0,
                        0.0,
                        10240141.0,
                        117.0
                    ],
                    [
                        0.0,
                        0.0,
                        491116928.0,
                        120000.0,
                        14064984064.0,
                        0.0,
                        10240193.0,
                        117.0
                    ],
                    [
                        0.0,
                        0.0,
                        491116928.0,
                        120000.0,
                        14556100608.0,
                        0.0,
                        10241693.0,
                        117.0
                    ],
                    [
                        0.0,
                        0.0,
                        491116928.0,
                        120000.0,
                        15047218176.0,
                        0.0,
                        10243193.0,
                        117.0
                    ],
                    [
                        0.0,
                        0.0,
                        331397856.0,
                        120000.0,
                        15378615296.0,
                        0.0,
                        10243245.0,
                        117.0
                    ],
                    [
                        0.0,
                        0.0,
                        491116928.0,
                        120000.0,
                        14064984064.0,
                        0.0,
                        10240193.0,
                        117.0
                    ],
                    [
                        0.0,
                        0.0,
                        491116928.0,
                        120000.0,
                        14556100608.0,
                        0.0,
                        10241693.0,
                        117.0
                    ],
                    [
                        0.0,
                        0.0,
                        491116928.0,
                        120000.0,
                        15047218176.0,
                        0.0,
                        10243193.0,
                        117.0
                    ],
                    [
                        0.0,
                        0.0,
                        331397856.0,
                        120000.0,
                        15378615296.0,
                        0.0,
                        10243245.0,
                        117.0
                    ],
                    [
                        0.0,
                        0.0,
                        331397856.0,
                        120000.0,
                        0.0,
                        0.0,
                        10243297.0,
                        117.0
                    ]
                ]
            ],
            "actions": [
                [
                    [
                        0.3333333432674408
                    ],
                    [
                        0.3333333432674408
                    ],
                    [
                        0.3333333432674408
                    ],
                    [
                        0.3333333432674408
                    ],
                    [
                        0.3333333432674408
                    ],
                    [
                        0.3333333432674408
                    ],
                    [
                        0.3333333432674408
                    ],
                    [
                        0.3333333432674408
                    ],
                    [
                        0.3333333432674408
                    ],
                    [
                        0.6666666865348816
                    ],
                    [
                        0.3333333432674408
                    ],
                    [
                        0.3333333432674408
                    ],
                    [
                        0.3333333432674408
                    ],
                    [
                        0.3333333432674408
                    ],
                    [
                        0.3333333432674408
                    ],
                    [
                        0.3333333432674408
                    ],
                    [
                        0.3333333432674408
                    ],
                    [
                        0.3333333432674408
                    ],
                    [
                        0.3333333432674408
                    ],
                    [
                        0.6666666865348816
                    ]
                ]
            ],
            "returns": [
                [
                    [
                        0.06941666454076767
                    ],
                    [
                        0.06866666674613953
                    ],
                    [
                        0.06791666895151138
                    ],
                    [
                        0.06716666370630264
                    ],
                    [
                        0.0664166659116745
                    ],
                    [
                        0.06566666811704636
                    ],
                    [
                        0.06491667032241821
                    ],
                    [
                        0.06416666507720947
                    ],
                    [
                        0.06341666728258133
                    ],
                    [
                        0.06266666948795319
                    ],
                    [
                        0.06187500059604645
                    ],
                    [
                        0.061250001192092896
                    ],
                    [
                        0.060750000178813934
                    ],
                    [
                        0.06024999916553497
                    ],
                    [
                        0.05974999815225601
                    ],
                    [
                        0.05925000086426735
                    ],
                    [
                        0.05874999985098839
                    ],
                    [
                        0.05824999883770943
                    ],
                    [
                        0.057750001549720764
                    ],
                    [
                        0.0572500005364418
                    ]
                ]
            ],
            "timesteps": [
                [
                    1220,
                    1221,
                    1222,
                    1223,
                    1224,
                    1225,
                    1226,
                    1227,
                    1228,
                    1229,
                    1230,
                    1231,
                    1232,
                    1233,
                    1234,
                    1235,
                    1236,
                    1237,
                    1238,
                    1239
                ]
            ],
            "labels": [
                [
                    0,
                    0,
                    0,
                    0,
                    0,
                    0,
                    0,
                    0,
                    0,
                    1,
                    0,
                    0,
                    0,
                    0,
                    0,
                    0,
                    0,
                    0,
                    0,
                    1
                ]
            ],
            "CPU Usage": 5.2,
            "RAM Usage": 17.4,
            "GPU Usage": 41.0,
            "VRAM Usage": 15400.0,
            "Disk Read Speed (MB/s)": 75057177.68652344,
            "Disk Write Speed (MB/s)": 506878008.05566406
        },
        {
            "step": 1,
            "train_loss": 0.014852491207420826,
            "actions_pred1": [
                [
                    [
                        1.2361493110656738,
                        -0.051320962607860565,
                        -0.5088642835617065
                    ],
                    [
                        1.0994789600372314,
                        -0.29605600237846375,
                        -0.5698411464691162
                    ],
                    [
                        1.3428434133529663,
                        -0.1746593862771988,
                        -0.4060995876789093
                    ],
                    [
                        1.40628981590271,
                        -0.02358700893819332,
                        -0.34846580028533936
                    ],
                    [
                        1.7030326128005981,
                        -0.14865641295909882,
                        -0.26005247235298157
                    ],
                    [
                        1.3331772089004517,
                        0.006152281537652016,
                        -0.5813767910003662
                    ],
                    [
                        1.5549368858337402,
                        0.03429371863603592,
                        -0.4607860743999481
                    ],
                    [
                        1.934939980506897,
                        -0.34961074590682983,
                        -0.6910940408706665
                    ],
                    [
                        1.5474952459335327,
                        -0.29915693402290344,
                        -0.39383336901664734
                    ],
                    [
                        1.7035468816757202,
                        -0.3200971186161041,
                        -0.21065402030944824
                    ],
                    [
                        1.5697534084320068,
                        -0.2992158532142639,
                        -0.41313913464546204
                    ],
                    [
                        1.5475342273712158,
                        -0.4778825640678406,
                        -0.3208930194377899
                    ],
                    [
                        1.5418621301651,
                        -0.295625776052475,
                        -0.1979958862066269
                    ],
                    [
                        1.3557034730911255,
                        -0.4914223253726959,
                        -0.21571344137191772
                    ],
                    [
                        1.5365017652511597,
                        -0.403297483921051,
                        -0.2639920711517334
                    ],
                    [
                        1.5112709999084473,
                        -0.20919223129749298,
                        -0.4372071921825409
                    ],
                    [
                        1.5733364820480347,
                        -0.44641757011413574,
                        -0.35049644112586975
                    ],
                    [
                        1.5118523836135864,
                        -0.27031582593917847,
                        -0.19179898500442505
                    ],
                    [
                        1.835540771484375,
                        -0.3732203245162964,
                        0.056534938514232635
                    ],
                    [
                        1.5619597434997559,
                        -0.2568396031856537,
                        -0.28578782081604004
                    ]
                ]
            ],
            "actions_pred": [
                [
                    [
                        1.2361493110656738,
                        1.0994789600372314,
                        1.3428434133529663,
                        1.40628981590271,
                        1.7030326128005981,
                        1.3331772089004517,
                        1.5549368858337402,
                        1.934939980506897,
                        1.5474952459335327,
                        1.7035468816757202,
                        1.5697534084320068,
                        1.5475342273712158,
                        1.5418621301651,
                        1.3557034730911255,
                        1.5365017652511597,
                        1.5112709999084473,
                        1.5733364820480347,
                        1.5118523836135864,
                        1.835540771484375,
                        1.5619597434997559
                    ],
                    [
                        -0.051320962607860565,
                        -0.29605600237846375,
                        -0.1746593862771988,
                        -0.02358700893819332,
                        -0.14865641295909882,
                        0.006152281537652016,
                        0.03429371863603592,
                        -0.34961074590682983,
                        -0.29915693402290344,
                        -0.3200971186161041,
                        -0.2992158532142639,
                        -0.4778825640678406,
                        -0.295625776052475,
                        -0.4914223253726959,
                        -0.403297483921051,
                        -0.20919223129749298,
                        -0.44641757011413574,
                        -0.27031582593917847,
                        -0.3732203245162964,
                        -0.2568396031856537
                    ],
                    [
                        -0.5088642835617065,
                        -0.5698411464691162,
                        -0.4060995876789093,
                        -0.34846580028533936,
                        -0.26005247235298157,
                        -0.5813767910003662,
                        -0.4607860743999481,
                        -0.6910940408706665,
                        -0.39383336901664734,
                        -0.21065402030944824,
                        -0.41313913464546204,
                        -0.3208930194377899,
                        -0.1979958862066269,
                        -0.21571344137191772,
                        -0.2639920711517334,
                        -0.4372071921825409,
                        -0.35049644112586975,
                        -0.19179898500442505,
                        0.056534938514232635,
                        -0.28578782081604004
                    ]
                ]
            ],
            "states": [
                [
                    [
                        1.0,
                        45000.0,
                        43909.0,
                        60000.0,
                        63414504.0,
                        0.0,
                        5879146.0,
                        0.0
                    ],
                    [
                        0.0,
                        0.0,
                        582472832.0,
                        190000.0,
                        6106553344.0,
                        0.0,
                        6499065.0,
                        63.0
                    ],
                    [
                        1.0,
                        45000.0,
                        43909.0,
                        60000.0,
                        63458412.0,
                        0.0,
                        5880646.0,
                        0.0
                    ],
                    [
                        1.0,
                        45000.0,
                        43909.0,
                        60000.0,
                        63502320.0,
                        0.0,
                        5882146.0,
                        0.0
                    ],
                    [
                        0.0,
                        0.0,
                        582472832.0,
                        190000.0,
                        0.0,
                        0.0,
                        6500565.0,
                        63.0
                    ],
                    [
                        1.0,
                        15000.0,
                        0.0,
                        20000.0,
                        0.0,
                        0.0,
                        5900146.0,
                        0.0
                    ],
                    [
                        0.0,
                        0.0,
                        616027264.0,
                        180000.0,
                        4736286720.0,
                        0.0,
                        6509669.0,
                        64.0
                    ],
                    [
                        1.0,
                        15000.0,
                        0.0,
                        20000.0,
                        0.0,
                        0.0,
                        5901646.0,
                        0.0
                    ],
                    [
                        0.0,
                        0.0,
                        616027264.0,
                        180000.0,
                        5352313856.0,
                        0.0,
                        6511169.0,
                        64.0
                    ],
                    [
                        1.0,
                        15000.0,
                        0.0,
                        40000.0,
                        0.0,
                        0.0,
                        5903146.0,
                        0.0
                    ],
                    [
                        0.0,
                        0.0,
                        616027264.0,
                        180000.0,
                        4736286720.0,
                        0.0,
                        6509669.0,
                        64.0
                    ],
                    [
                        1.0,
                        15000.0,
                        0.0,
                        20000.0,
                        0.0,
                        0.0,
                        5901646.0,
                        0.0
                    ],
                    [
                        0.0,
                        0.0,
                        616027264.0,
                        180000.0,
                        5352313856.0,
                        0.0,
                        6511169.0,
                        64.0
                    ],
                    [
                        1.0,
                        15000.0,
                        0.0,
                        40000.0,
                        0.0,
                        0.0,
                        5903146.0,
                        0.0
                    ],
                    [
                        0.0,
                        0.0,
                        616027264.0,
                        220000.0,
                        0.0,
                        0.0,
                        6511221.0,
                        64.0
                    ],
                    [
                        0.0,
                        0.0,
                        658976896.0,
                        230000.0,
                        6503869952.0,
                        0.0,
                        6521877.0,
                        65.0
                    ],
                    [
                        0.0,
                        0.0,
                        658976896.0,
                        230000.0,
                        7162846720.0,
                        0.0,
                        6521929.0,
                        65.0
                    ],
                    [
                        0.0,
                        0.0,
                        658976896.0,
                        230000.0,
                        7821823488.0,
                        0.0,
                        6521981.0,
                        65.0
                    ],
                    [
                        0.0,
                        0.0,
                        658976896.0,
                        230000.0,
                        8480800256.0,
                        0.0,
                        6523481.0,
                        65.0
                    ],
                    [
                        0.0,
                        0.0,
                        658976896.0,
                        230000.0,
                        9139777536.0,
                        0.0,
                        6523533.0,
                        65.0
                    ]
                ]
            ],
            "actions": [
                [
                    [
                        0.3333333432674408
                    ],
                    [
                        0.3333333432674408
                    ],
                    [
                        0.3333333432674408
                    ],
                    [
                        0.3333333432674408
                    ],
                    [
                        0.6666666865348816
                    ],
                    [
                        0.3333333432674408
                    ],
                    [
                        0.3333333432674408
                    ],
                    [
                        0.3333333432674408
                    ],
                    [
                        0.3333333432674408
                    ],
                    [
                        0.3333333432674408
                    ],
                    [
                        0.3333333432674408
                    ],
                    [
                        0.3333333432674408
                    ],
                    [
                        0.3333333432674408
                    ],
                    [
                        0.3333333432674408
                    ],
                    [
                        0.6666666865348816
                    ],
                    [
                        0.3333333432674408
                    ],
                    [
                        0.3333333432674408
                    ],
                    [
                        0.3333333432674408
                    ],
                    [
                        0.3333333432674408
                    ],
                    [
                        0.3333333432674408
                    ]
                ]
            ],
            "returns": [
                [
                    [
                        0.28329166769981384
                    ],
                    [
                        0.28304165601730347
                    ],
                    [
                        0.28224998712539673
                    ],
                    [
                        0.28200000524520874
                    ],
                    [
                        0.28174999356269836
                    ],
                    [
                        0.2809583246707916
                    ],
                    [
                        0.28087499737739563
                    ],
                    [
                        0.2801249921321869
                    ],
                    [
                        0.2800416648387909
                    ],
                    [
                        0.27929165959358215
                    ],
                    [
                        0.27912500500679016
                    ],
                    [
                        0.2783749997615814
                    ],
                    [
                        0.2782916724681854
                    ],
                    [
                        0.2775416672229767
                    ],
                    [
                        0.2773750126361847
                    ],
                    [
                        0.2764583230018616
                    ],
                    [
                        0.27549999952316284
                    ],
                    [
                        0.2745416760444641
                    ],
                    [
                        0.273583322763443
                    ],
                    [
                        0.27262499928474426
                    ]
                ]
            ],
            "timesteps": [
                [
                    640,
                    641,
                    642,
                    643,
                    644,
                    645,
                    646,
                    647,
                    648,
                    649,
                    650,
                    651,
                    652,
                    653,
                    654,
                    655,
                    656,
                    657,
                    658,
                    659
                ]
            ],
            "labels": [
                [
                    0,
                    0,
                    0,
                    0,
                    1,
                    0,
                    0,
                    0,
                    0,
                    0,
                    0,
                    0,
                    0,
                    0,
                    1,
                    0,
                    0,
                    0,
                    0,
                    0
                ]
            ],
            "CPU Usage": 5.1,
            "RAM Usage": 17.4,
            "GPU Usage": 68.0,
            "VRAM Usage": 15400.0,
            "Disk Read Speed (MB/s)": 75057177.68652344,
            "Disk Write Speed (MB/s)": 506878008.10253906
        },
        {
            "step": 2,
            "train_loss": 0.019402634352445602,
            "actions_pred1": [
                [
                    [
                        0.4918679893016815,
                        0.5703808069229126,
                        -0.4759388267993927
                    ],
                    [
                        0.3753577470779419,
                        0.17284415662288666,
                        -0.1014864519238472
                    ],
                    [
                        0.8989590406417847,
                        0.15634813904762268,
                        -0.2835833430290222
                    ],
                    [
                        0.8204100728034973,
                        0.18788735568523407,
                        -0.2125503122806549
                    ],
                    [
                        1.1077486276626587,
                        0.17290756106376648,
                        -0.5204940438270569
                    ],
                    [
                        1.0640065670013428,
                        -0.0923687145113945,
                        -0.630043089389801
                    ],
                    [
                        1.0655412673950195,
                        0.12668196856975555,
                        -0.7161429524421692
                    ],
                    [
                        1.564976692199707,
                        0.021855155006051064,
                        -0.3072061240673065
                    ],
                    [
                        1.2126890420913696,
                        0.024602333083748817,
                        -0.5470906496047974
                    ],
                    [
                        1.2577990293502808,
                        0.05957753211259842,
                        -0.685822606086731
                    ],
                    [
                        1.0808354616165161,
                        0.1326824575662613,
                        -0.5954385995864868
                    ],
                    [
                        0.9244925379753113,
                        0.29499581456184387,
                        -0.6354269981384277
                    ],
                    [
                        1.0308806896209717,
                        0.019721070304512978,
                        -0.47944650053977966
                    ],
                    [
                        0.7983713150024414,
                        0.3717215657234192,
                        -0.5037070512771606
                    ],
                    [
                        0.9622806310653687,
                        0.09251738339662552,
                        -0.6982183456420898
                    ],
                    [
                        0.7314876317977905,
                        0.23851923644542694,
                        -0.6808004379272461
                    ],
                    [
                        0.9992731809616089,
                        -0.11222853511571884,
                        -0.4371761977672577
                    ],
                    [
                        0.9598369002342224,
                        -0.09208478778600693,
                        -0.43328431248664856
                    ],
                    [
                        0.7364882826805115,
                        0.05875224620103836,
                        -0.6280419230461121
                    ],
                    [
                        1.0395748615264893,
                        0.16420964896678925,
                        -0.2687210142612457
                    ]
                ]
            ],
            "actions_pred": [
                [
                    [
                        0.4918679893016815,
                        0.3753577470779419,
                        0.8989590406417847,
                        0.8204100728034973,
                        1.1077486276626587,
                        1.0640065670013428,
                        1.0655412673950195,
                        1.564976692199707,
                        1.2126890420913696,
                        1.2577990293502808,
                        1.0808354616165161,
