{
    "steps": [
        {
            "step": 0,
            "train_loss": 0.01000530831515789,
            "actions_pred1": [
                [
                    [
                        2.3210511207580566,
                        0.008261126466095448,
                        -1.262125849723816
                    ],
                    [
                        2.422039270401001,
                        0.09971188008785248,
                        -0.9726014137268066
                    ],
                    [
                        2.2812576293945312,
                        -0.055877912789583206,
                        -1.1295337677001953
                    ],
                    [
                        2.4766368865966797,
                        -0.21996767818927765,
                        -0.9290034770965576
                    ],
                    [
                        2.1569976806640625,
                        -0.03604348376393318,
                        -0.9039003849029541
                    ],
                    [
                        2.311753273010254,
                        -0.20512662827968597,
                        -0.8382163643836975
                    ],
                    [
                        2.6567130088806152,
                        -0.3445548713207245,
                        -1.2679295539855957
                    ],
                    [
                        2.7078614234924316,
                        -0.3061656653881073,
                        -1.2196643352508545
                    ],
                    [
                        2.4077625274658203,
                        -0.3473057150840759,
                        -1.260917067527771
                    ],
                    [
                        2.3642959594726562,
                        -0.38680365681648254,
                        -1.0139868259429932
                    ],
                    [
                        2.141662359237671,
                        -0.36617031693458557,
                        -1.2499220371246338
                    ],
                    [
                        2.314521551132202,
                        -0.07221664488315582,
                        -1.1642564535140991
                    ],
                    [
                        2.401339054107666,
                        -0.01827399805188179,
                        -1.0720860958099365
                    ],
                    [
                        2.518397808074951,
                        -0.20083372294902802,
                        -1.1596400737762451
                    ],
                    [
                        2.3188531398773193,
                        0.12987066805362701,
                        -1.2344099283218384
                    ],
                    [
                        2.455484390258789,
                        0.08097411692142487,
                        -1.1433569192886353
                    ],
                    [
                        2.632309675216675,
                        -0.11588539183139801,
                        -1.1338984966278076
                    ],
                    [
                        2.7214536666870117,
                        -0.019689608365297318,
                        -1.5353264808654785
                    ],
                    [
                        2.6878061294555664,
                        -0.3345872461795807,
                        -1.2383224964141846
                    ],
                    [
                        2.514613628387451,
                        -0.12786777317523956,
                        -1.3348804712295532
                    ]
                ]
            ],
            "actions_pred": [
                [
                    [
                        2.3210511207580566,
                        2.422039270401001,
                        2.2812576293945312,
                        2.4766368865966797,
                        2.1569976806640625,
                        2.311753273010254,
                        2.6567130088806152,
                        2.7078614234924316,
                        2.4077625274658203,
                        2.3642959594726562,
                        2.141662359237671,
                        2.314521551132202,
                        2.401339054107666,
                        2.518397808074951,
                        2.3188531398773193,
                        2.455484390258789,
                        2.632309675216675,
                        2.7214536666870117,
                        2.6878061294555664,
                        2.514613628387451
                    ],
                    [
                        0.008261126466095448,
                        0.09971188008785248,
                        -0.055877912789583206,
                        -0.21996767818927765,
                        -0.03604348376393318,
                        -0.20512662827968597,
                        -0.3445548713207245,
                        -0.3061656653881073,
                        -0.3473057150840759,
                        -0.38680365681648254,
                        -0.36617031693458557,
                        -0.07221664488315582,
                        -0.01827399805188179,
                        -0.20083372294902802,
                        0.12987066805362701,
                        0.08097411692142487,
                        -0.11588539183139801,
                        -0.019689608365297318,
                        -0.3345872461795807,
                        -0.12786777317523956
                    ],
                    [
                        -1.262125849723816,
                        -0.9726014137268066,
                        -1.1295337677001953,
                        -0.9290034770965576,
                        -0.9039003849029541,
                        -0.8382163643836975,
                        -1.2679295539855957,
                        -1.2196643352508545,
                        -1.260917067527771,
                        -1.0139868259429932,
                        -1.2499220371246338,
                        -1.1642564535140991,
                        -1.0720860958099365,
                        -1.1596400737762451,
                        -1.2344099283218384,
                        -1.1433569192886353,
                        -1.1338984966278076,
                        -1.5353264808654785,
                        -1.2383224964141846,
                        -1.3348804712295532
                    ]
                ]
            ],
            "states": [
                [
                    [
                        0.0,
                        0.0,
                        399936704.0,
                        120000.0,
                        4925372928.0,
                        0.0,
                        6407505.0,
                        57.0
                    ],
                    [
                        0.0,
                        0.0,
                        399936704.0,
                        120000.0,
                        5325309440.0,
                        0.0,
                        6407569.0,
                        57.0
                    ],
                    [
                        0.0,
                        0.0,
                        399936704.0,
                        130000.0,
                        5725246464.0,
                        0.0,
                        6407621.0,
                        57.0
                    ],
                    [
                        0.0,
                        0.0,
                        399936704.0,
                        130000.0,
                        6125182976.0,
                        0.0,
                        6407673.0,
                        57.0
                    ],
                    [
                        0.0,
                        0.0,
                        377119680.0,
                        130000.0,
                        0.0,
                        0.0,
                        6407725.0,
                        57.0
                    ],
                    [
                        0.0,
                        0.0,
                        377119680.0,
                        130000.0,
                        7919513088.0,
                        0.0,
                        6411993.0,
                        58.0
                    ],
                    [
                        0.0,
                        0.0,
                        377119680.0,
                        130000.0,
                        8296632832.0,
                        0.0,
                        6413493.0,
                        58.0
                    ],
                    [
                        0.0,
                        0.0,
                        377119680.0,
                        130000.0,
                        8673753088.0,
                        0.0,
                        6414993.0,
                        58.0
                    ],
                    [
                        0.0,
                        0.0,
                        377119680.0,
                        130000.0,
                        9050872832.0,
                        0.0,
                        6416493.0,
                        58.0
                    ],
                    [
                        0.0,
                        0.0,
                        377119680.0,
                        130000.0,
                        9427991552.0,
                        0.0,
                        6417993.0,
                        58.0
                    ],
                    [
                        0.0,
                        0.0,
                        377119680.0,
                        130000.0,
                        8296632832.0,
                        0.0,
                        6413493.0,
                        58.0
                    ],
                    [
                        0.0,
                        0.0,
                        377119680.0,
                        130000.0,
                        8673753088.0,
                        0.0,
                        6414993.0,
                        58.0
                    ],
                    [
                        0.0,
                        0.0,
                        377119680.0,
                        130000.0,
                        9050872832.0,
                        0.0,
                        6416493.0,
                        58.0
                    ],
                    [
                        0.0,
                        0.0,
                        377119680.0,
                        130000.0,
                        9427991552.0,
                        0.0,
                        6417993.0,
                        58.0
                    ],
                    [
                        0.0,
                        0.0,
                        377119680.0,
                        130000.0,
                        0.0,
                        0.0,
                        6419493.0,
                        58.0
                    ],
                    [
                        0.0,
                        0.0,
                        350276128.0,
                        100000.0,
                        6276816896.0,
                        0.0,
                        6444993.0,
                        59.0
                    ],
                    [
                        0.0,
                        0.0,
                        350276128.0,
                        100000.0,
                        6627092992.0,
                        0.0,
                        6446493.0,
                        59.0
                    ],
                    [
                        0.0,
                        0.0,
                        350276128.0,
                        100000.0,
                        6977369088.0,
                        0.0,
                        6447993.0,
                        59.0
                    ],
                    [
                        0.0,
                        0.0,
                        350276128.0,
                        100000.0,
                        7327645184.0,
                        0.0,
                        6449493.0,
                        59.0
                    ],
                    [
                        0.0,
                        0.0,
                        350276128.0,
                        100000.0,
                        7677921280.0,
                        0.0,
                        6450993.0,
                        59.0
                    ]
                ]
            ],
            "actions": [
                [
                    [
                        0.3333333432674408
                    ],
                    [
                        0.3333333432674408
                    ],
                    [
                        0.3333333432674408
                    ],
                    [
                        0.3333333432674408
                    ],
                    [
                        0.6666666865348816
                    ],
                    [
                        0.3333333432674408
                    ],
                    [
                        0.3333333432674408
                    ],
                    [
                        0.3333333432674408
                    ],
                    [
                        0.3333333432674408
                    ],
                    [
                        0.3333333432674408
                    ],
                    [
                        0.3333333432674408
                    ],
                    [
                        0.3333333432674408
                    ],
                    [
                        0.3333333432674408
                    ],
                    [
                        0.3333333432674408
                    ],
                    [
                        0.6666666865348816
                    ],
                    [
                        0.3333333432674408
                    ],
                    [
                        0.3333333432674408
                    ],
                    [
                        0.3333333432674408
                    ],
                    [
                        0.3333333432674408
                    ],
                    [
                        0.3333333432674408
                    ]
                ]
            ],
            "returns": [
                [
                    [
                        0.31183332204818726
                    ],
                    [
                        0.3113333284854889
                    ],
                    [
                        0.3108333349227905
                    ],
                    [
                        0.31029167771339417
                    ],
                    [
                        0.3097499907016754
                    ],
                    [
                        0.30920833349227905
                    ],
                    [
                        0.3086666762828827
                    ],
                    [
                        0.30812498927116394
                    ],
                    [
                        0.3075833320617676
                    ],
                    [
                        0.3070416748523712
                    ],
                    [
                        0.30649998784065247
                    ],
                    [
                        0.3059583306312561
                    ],
                    [
                        0.30541667342185974
                    ],
                    [
                        0.304874986410141
                    ],
                    [
                        0.30433332920074463
                    ],
                    [
                        0.30379167199134827
                    ],
                    [
                        0.3033750057220459
                    ],
                    [
                        0.30295833945274353
                    ],
                    [
                        0.30254167318344116
                    ],
                    [
                        0.3021250069141388
                    ]
                ]
            ],
            "timesteps": [
                [
                    580,
                    581,
                    582,
                    583,
                    584,
                    585,
                    586,
                    587,
                    588,
                    589,
                    590,
                    591,
                    592,
                    593,
                    594,
                    595,
                    596,
                    597,
                    598,
                    599
                ]
            ],
            "labels": [
                [
                    0,
                    0,
                    0,
                    0,
                    1,
                    0,
                    0,
                    0,
                    0,
                    0,
                    0,
                    0,
                    0,
                    0,
                    1,
                    0,
                    0,
                    0,
                    0,
                    0
                ]
            ],
            "CPU Usage": 4.9,
            "RAM Usage": 17.4,
            "GPU Usage": 41.0,
            "VRAM Usage": 15400.0,
            "Disk Read Speed (MB/s)": 75057177.68652344,
            "Disk Write Speed (MB/s)": 506878070.40722656
        },
        {
            "step": 1,
            "train_loss": 0.010402502492070198,
            "actions_pred1": [
                [
                    [
                        1.8194462060928345,
                        0.09668955206871033,
                        -1.559251308441162
                    ],
                    [
                        1.940425157546997,
                        0.39424270391464233,
                        -1.487661361694336
                    ],
                    [
                        1.8077657222747803,
                        0.2182115763425827,
                        -1.4945741891860962
                    ],
                    [
                        2.185722827911377,
                        0.2091670036315918,
                        -1.5983003377914429
                    ],
                    [
                        1.7865777015686035,
                        0.2386103719472885,
                        -1.5106664896011353
                    ],
                    [
                        1.9200475215911865,
                        0.16175320744514465,
                        -1.3814606666564941
                    ],
                    [
                        1.6317403316497803,
                        0.2873866856098175,
                        -1.5908231735229492
                    ],
                    [
                        2.0073354244232178,
                        0.1358657330274582,
                        -1.3430585861206055
                    ],
                    [
                        2.2527999877929688,
                        0.07839801907539368,
                        -1.4651660919189453
                    ],
                    [
                        2.218031406402588,
                        0.3022429943084717,
                        -1.2161797285079956
                    ],
                    [
                        2.458031177520752,
                        0.08882656693458557,
                        -1.2414617538452148
                    ],
                    [
                        2.339395046234131,
                        0.12669973075389862,
                        -1.2608277797698975
                    ],
                    [
                        2.1465811729431152,
                        0.1392396092414856,
                        -1.2282180786132812
                    ],
                    [
                        2.458355188369751,
                        0.27207502722740173,
                        -1.3224396705627441
                    ],
                    [
                        2.1484763622283936,
                        0.2290312498807907,
                        -0.9139996767044067
                    ],
                    [
                        2.2166190147399902,
                        0.19482050836086273,
                        -1.0976357460021973
                    ],
                    [
                        2.2982099056243896,
                        0.04222783073782921,
                        -1.4836349487304688
                    ],
                    [
                        2.5138590335845947,
                        0.07821093499660492,
                        -1.5416743755340576
                    ],
                    [
                        2.787092924118042,
                        0.01837567612528801,
                        -1.1867619752883911
                    ],
                    [
                        2.4810497760772705,
                        0.16792769730091095,
                        -1.2431814670562744
                    ]
                ]
            ],
            "actions_pred": [
                [
                    [
                        1.8194462060928345,
                        1.940425157546997,
                        1.8077657222747803,
                        2.185722827911377,
                        1.7865777015686035,
                        1.9200475215911865,
                        1.6317403316497803,
                        2.0073354244232178,
                        2.2527999877929688,
                        2.218031406402588,
                        2.458031177520752,
                        2.339395046234131,
                        2.1465811729431152,
                        2.458355188369751,
                        2.1484763622283936,
                        2.2166190147399902,
                        2.2982099056243896,
                        2.5138590335845947,
                        2.787092924118042,
                        2.4810497760772705
                    ],
                    [
                        0.09668955206871033,
                        0.39424270391464233,
                        0.2182115763425827,
                        0.2091670036315918,
                        0.2386103719472885,
                        0.16175320744514465,
                        0.2873866856098175,
                        0.1358657330274582,
                        0.07839801907539368,
                        0.3022429943084717,
                        0.08882656693458557,
                        0.12669973075389862,
                        0.1392396092414856,
                        0.27207502722740173,
                        0.2290312498807907,
                        0.19482050836086273,
                        0.04222783073782921,
                        0.07821093499660492,
                        0.01837567612528801,
                        0.16792769730091095
                    ],
                    [
                        -1.559251308441162,
                        -1.487661361694336,
                        -1.4945741891860962,
                        -1.5983003377914429,
                        -1.5106664896011353,
                        -1.3814606666564941,
                        -1.5908231735229492,
                        -1.3430585861206055,
                        -1.4651660919189453,
                        -1.2161797285079956,
                        -1.2414617538452148,
                        -1.2608277797698975,
                        -1.2282180786132812,
                        -1.3224396705627441,
                        -0.9139996767044067,
                        -1.0976357460021973,
                        -1.4836349487304688,
                        -1.5416743755340576,
                        -1.1867619752883911,
                        -1.2431814670562744
                    ]
                ]
            ],
            "states": [
                [
                    [
                        0.0,
                        0.0,
                        277798560.0,
                        160000.0,
                        10248473600.0,
                        0.0,
                        6056817.0,
                        39.0
                    ],
                    [
                        0.0,
                        0.0,
                        277798560.0,
                        160000.0,
                        10526271488.0,
                        0.0,
                        6056869.0,
                        39.0
                    ],
                    [
                        0.0,
                        0.0,
                        277798560.0,
                        160000.0,
                        10804070400.0,
                        0.0,
                        6056921.0,
                        39.0
                    ],
                    [
                        0.0,
                        0.0,
                        277798560.0,
                        160000.0,
                        11081869312.0,
                        0.0,
                        6056973.0,
                        39.0
                    ],
                    [
                        0.0,
                        0.0,
                        277798560.0,
                        160000.0,
                        0.0,
                        0.0,
                        6057025.0,
                        39.0
                    ],
                    [
                        0.0,
                        0.0,
                        244244144.0,
                        90000.0,
                        3175173888.0,
                        0.0,
                        6064941.0,
                        40.0
                    ],
                    [
                        0.0,
                        0.0,
                        244244144.0,
                        90000.0,
                        3419418112.0,
                        0.0,
                        6066441.0,
                        40.0
                    ],
                    [
                        0.0,
                        0.0,
                        244244144.0,
                        90000.0,
                        3663662080.0,
                        0.0,
                        6066493.0,
                        40.0
                    ],
                    [
                        0.0,
                        0.0,
                        244244144.0,
                        90000.0,
                        3907906304.0,
                        0.0,
                        6066545.0,
                        40.0
                    ],
                    [
                        0.0,
                        0.0,
                        244244144.0,
                        90000.0,
                        4152150528.0,
                        0.0,
                        6068045.0,
                        40.0
                    ],
                    [
                        0.0,
                        0.0,
                        244244144.0,
                        90000.0,
                        3419418112.0,
                        0.0,
                        6066441.0,
                        40.0
                    ],
                    [
                        0.0,
                        0.0,
                        244244144.0,
                        90000.0,
                        3663662080.0,
                        0.0,
                        6066493.0,
                        40.0
                    ],
                    [
                        0.0,
                        0.0,
                        244244144.0,
                        90000.0,
                        3907906304.0,
                        0.0,
                        6066545.0,
                        40.0
                    ],
                    [
                        0.0,
                        0.0,
                        244244144.0,
                        90000.0,
                        4152150528.0,
                        0.0,
                        6068045.0,
                        40.0
                    ],
                    [
                        0.0,
                        0.0,
                        244244144.0,
                        90000.0,
                        0.0,
                        0.0,
                        6069545.0,
                        40.0
                    ],
                    [
                        0.0,
                        0.0,
                        244244144.0,
                        100000.0,
                        8304301056.0,
                        0.0,
                        6108961.0,
                        41.0
                    ],
                    [
                        0.0,
                        0.0,
                        244244144.0,
                        100000.0,
                        8548545024.0,
                        0.0,
                        6110461.0,
                        41.0
                    ],
                    [
                        0.0,
                        0.0,
                        244244144.0,
                        100000.0,
                        8792788992.0,
                        0.0,
                        6111961.0,
                        41.0
                    ],
                    [
                        0.0,
                        0.0,
                        244244144.0,
                        100000.0,
                        9037033472.0,
                        0.0,
                        6113461.0,
                        41.0
                    ],
                    [
                        0.0,
                        0.0,
                        244244144.0,
                        100000.0,
                        9281277952.0,
                        0.0,
                        6114961.0,
                        41.0
                    ]
                ]
            ],
            "actions": [
                [
                    [
                        0.3333333432674408
                    ],
                    [
                        0.3333333432674408
                    ],
                    [
                        0.3333333432674408
                    ],
                    [
                        0.3333333432674408
                    ],
                    [
                        0.6666666865348816
                    ],
                    [
                        0.3333333432674408
                    ],
                    [
                        0.3333333432674408
                    ],
                    [
                        0.3333333432674408
                    ],
                    [
                        0.3333333432674408
                    ],
                    [
                        0.3333333432674408
                    ],
                    [
                        0.3333333432674408
                    ],
                    [
                        0.3333333432674408
                    ],
                    [
                        0.3333333432674408
                    ],
                    [
                        0.3333333432674408
                    ],
                    [
                        0.6666666865348816
                    ],
                    [
                        0.3333333432674408
                    ],
                    [
                        0.3333333432674408
                    ],
                    [
                        0.3333333432674408
                    ],
                    [
                        0.3333333432674408
                    ],
                    [
                        0.3333333432674408
                    ]
                ]
            ],
            "returns": [
                [
                    [
                        0.40837499499320984
                    ],
                    [
                        0.4077083468437195
                    ],
                    [
                        0.40704166889190674
                    ],
                    [
                        0.406374990940094
                    ],
                    [
                        0.40570834279060364
                    ],
                    [
                        0.4050416648387909
                    ],
                    [
                        0.4046666622161865
                    ],
                    [
                        0.40429165959358215
                    ],
                    [
                        0.4039166569709778
                    ],
                    [
                        0.4035416543483734
                    ],
                    [
                        0.40316668152809143
                    ],
                    [
                        0.40279167890548706
                    ],
                    [
                        0.4024166762828827
                    ],
                    [
                        0.4020416736602783
                    ],
                    [
                        0.40166667103767395
                    ],
                    [
                        0.4012916684150696
                    ],
                    [
                        0.4008750021457672
                    ],
                    [
                        0.40045833587646484
                    ],
                    [
                        0.4000416696071625
                    ],
                    [
                        0.3996250033378601
                    ]
                ]
            ],
            "timesteps": [
                [
                    400,
                    401,
                    402,
                    403,
                    404,
                    405,
                    406,
                    407,
                    408,
                    409,
                    410,
                    411,
                    412,
                    413,
                    414,
                    415,
                    416,
                    417,
                    418,
                    419
                ]
            ],
            "labels": [
                [
                    0,
                    0,
                    0,
                    0,
                    1,
                    0,
                    0,
                    0,
                    0,
                    0,
                    0,
                    0,
                    0,
                    0,
                    1,
                    0,
                    0,
                    0,
                    0,
                    0
                ]
            ],
            "CPU Usage": 4.8,
            "RAM Usage": 17.4,
            "GPU Usage": 42.0,
            "VRAM Usage": 15400.0,
            "Disk Read Speed (MB/s)": 75057177.68652344,
            "Disk Write Speed (MB/s)": 506878070.40722656
        },
        {
            "step": 2,
            "train_loss": 0.010742755606770515,
            "actions_pred1": [
                [
                    [
                        1.9942294359207153,
                        0.04749776050448418,
                        -1.5799847841262817
                    ],
                    [
                        1.7370034456253052,
                        0.09593121707439423,
                        -1.4173544645309448
                    ],
                    [
                        2.312331438064575,
                        -0.18518765270709991,
                        -1.3467297554016113
                    ],
                    [
                        2.4283523559570312,
                        0.08265514671802521,
                        -1.1428050994873047
                    ],
                    [
                        1.9977957010269165,
                        -0.1347876936197281,
                        -0.9315869212150574
                    ],
                    [
                        2.465608596801758,
                        -0.10776668787002563,
                        -1.1948715448379517
                    ],
                    [
                        2.835054874420166,
                        -0.185024231672287,
                        -1.5121047496795654
                    ],
                    [
                        2.833435535430908,
                        -0.2025754600763321,
                        -1.5257190465927124
                    ],
                    [
                        2.869417667388916,
                        -0.30249544978141785,
                        -1.4168697595596313
                    ],
                    [
                        2.9553892612457275,
                        -0.12146808207035065,
                        -1.4536986351013184
                    ],
                    [
                        2.516822576522827,
                        -0.07641099393367767,
                        -1.2104272842407227
                    ],
                    [
                        2.6299638748168945,
                        -0.44045552611351013,
                        -1.5652918815612793
                    ],
                    [
                        2.6016054153442383,
                        -0.3809033930301666,
                        -1.6626574993133545
                    ],
                    [
                        2.5597989559173584,
                        -0.4075961410999298,
                        -1.526477575302124
                    ],
                    [
                        2.6666171550750732,
                        -0.27062180638313293,
                        -1.5949084758758545
                    ],
                    [
                        2.563013792037964,
                        -0.18919703364372253,
                        -1.5575134754180908
                    ],
                    [
                        2.8790314197540283,
                        -0.3265938460826874,
                        -1.1378049850463867
                    ],
                    [
                        2.6484532356262207,
                        -0.1735183149576187,
                        -1.507156252861023
                    ],
                    [
                        2.572070837020874,
                        -0.135056272149086,
                        -1.2188847064971924
                    ],
                    [
                        2.500978708267212,
                        -0.12280498445034027,
                        -1.273838996887207
                    ]
                ]
            ],
            "actions_pred": [
                [
                    [
                        1.9942294359207153,
                        1.7370034456253052,
                        2.312331438064575,
                        2.4283523559570312,
                        1.9977957010269165,
                        2.465608596801758,
                        2.835054874420166,
                        2.833435535430908,
                        2.869417667388916,
                        2.9553892612457275,
                        2.516822576522827,
                        2.6299638748168945,
                        2.6016054153442383,
