{
    "steps": [
        {
            "step": 0,
            "train_loss": 0.02050425112247467,
            "actions_pred1": [
                [
                    [
                        0.5202426314353943,
                        0.5165514349937439,
                        -0.9093077778816223
                    ],
                    [
                        0.6938933730125427,
                        -0.18169206380844116,
                        -0.6672446131706238
                    ],
                    [
                        0.46475836634635925,
                        -0.3365875780582428,
                        -0.6175297498703003
                    ],
                    [
                        0.3996874690055847,
                        -0.17443063855171204,
                        -0.4122101068496704
                    ],
                    [
                        0.7237495183944702,
                        -0.17187726497650146,
                        -0.4396061599254608
                    ],
                    [
                        0.7115174531936646,
                        -0.12720592319965363,
                        -0.45257145166397095
                    ],
                    [
                        1.0645791292190552,
                        -0.1899631917476654,
                        -0.17634271085262299
                    ],
                    [
                        1.226299524307251,
                        -0.15002238750457764,
                        -0.23170386254787445
                    ],
                    [
                        1.09765625,
                        -0.10383584350347519,
                        -0.2590096890926361
                    ],
                    [
                        1.0398526191711426,
                        0.1571716070175171,
                        -0.27074575424194336
                    ],
                    [
                        0.8174024820327759,
                        -0.032410942018032074,
                        -0.14296866953372955
                    ],
                    [
                        1.338163137435913,
                        0.19418421387672424,
                        0.03285616636276245
                    ],
                    [
                        1.1547690629959106,
                        0.10207230597734451,
                        -0.2464504987001419
                    ],
                    [
                        0.9391286969184875,
                        0.17817798256874084,
                        -0.26065394282341003
                    ],
                    [
                        1.1760073900222778,
                        0.2931472063064575,
                        -0.21239739656448364
                    ],
                    [
                        0.7375741600990295,
                        0.19827115535736084,
                        -0.3718106746673584
                    ],
                    [
                        0.9555166363716125,
                        -0.04171254485845566,
                        -0.33058327436447144
                    ],
                    [
                        0.8632969856262207,
                        0.04432591050863266,
                        -0.16890420019626617
                    ],
                    [
                        0.9259431958198547,
                        -0.03096707910299301,
                        -0.13676907122135162
                    ],
                    [
                        1.2025883197784424,
                        -0.017719022929668427,
                        -0.12081022560596466
                    ]
                ]
            ],
            "actions_pred": [
                [
                    [
                        0.5202426314353943,
                        0.6938933730125427,
                        0.46475836634635925,
                        0.3996874690055847,
                        0.7237495183944702,
                        0.7115174531936646,
                        1.0645791292190552,
                        1.226299524307251,
                        1.09765625,
                        1.0398526191711426,
                        0.8174024820327759,
                        1.338163137435913,
                        1.1547690629959106,
                        0.9391286969184875,
                        1.1760073900222778,
                        0.7375741600990295,
                        0.9555166363716125,
                        0.8632969856262207,
                        0.9259431958198547,
                        1.2025883197784424
                    ],
                    [
                        0.5165514349937439,
                        -0.18169206380844116,
                        -0.3365875780582428,
                        -0.17443063855171204,
                        -0.17187726497650146,
                        -0.12720592319965363,
                        -0.1899631917476654,
                        -0.15002238750457764,
                        -0.10383584350347519,
                        0.1571716070175171,
                        -0.032410942018032074,
                        0.19418421387672424,
                        0.10207230597734451,
                        0.17817798256874084,
                        0.2931472063064575,
                        0.19827115535736084,
                        -0.04171254485845566,
                        0.04432591050863266,
                        -0.03096707910299301,
                        -0.017719022929668427
                    ],
                    [
                        -0.9093077778816223,
                        -0.6672446131706238,
                        -0.6175297498703003,
                        -0.4122101068496704,
                        -0.4396061599254608,
                        -0.45257145166397095,
                        -0.17634271085262299,
                        -0.23170386254787445,
                        -0.2590096890926361,
                        -0.27074575424194336,
                        -0.14296866953372955,
                        0.03285616636276245,
                        -0.2464504987001419,
                        -0.26065394282341003,
                        -0.21239739656448364,
                        -0.3718106746673584,
                        -0.33058327436447144,
                        -0.16890420019626617,
                        -0.13676907122135162,
                        -0.12081022560596466
                    ]
                ]
            ],
            "states": [
                [
                    [
                        1.0,
                        150000.0,
                        0.0,
                        10000.0,
                        0.0,
                        0.0,
                        6509146.0,
                        0.0
                    ],
                    [
                        1.0,
                        150000.0,
                        0.0,
                        10000.0,
                        0.0,
                        0.0,
                        6510646.0,
                        0.0
                    ],
                    [
                        1.0,
                        150000.0,
                        0.0,
                        10000.0,
                        0.0,
                        0.0,
                        6512146.0,
                        0.0
                    ],
                    [
                        1.0,
                        150000.0,
                        0.0,
                        10000.0,
                        0.0,
                        0.0,
                        6513646.0,
                        0.0
                    ],
                    [
                        0.0,
                        0.0,
                        501942144.0,
                        100000.0,
                        0.0,
                        0.0,
                        6913709.0,
                        95.0
                    ],
                    [
                        0.0,
                        0.0,
                        5210765.0,
                        80000.0,
                        81640000.0,
                        0.0,
                        7030789.0,
                        96.0
                    ],
                    [
                        1.0,
                        0.0,
                        134413680.0,
                        130000.0,
                        2090760192.0,
                        0.0,
                        6749146.0,
                        0.0
                    ],
                    [
                        1.0,
                        0.0,
                        134413680.0,
                        130000.0,
                        2225173760.0,
                        0.0,
                        6750646.0,
                        0.0
                    ],
                    [
                        0.0,
                        0.0,
                        5210765.0,
                        80000.0,
                        86850768.0,
                        0.0,
                        7030853.0,
                        96.0
                    ],
                    [
                        0.0,
                        0.0,
                        5210765.0,
                        80000.0,
                        92061536.0,
                        0.0,
                        7030905.0,
                        96.0
                    ],
                    [
                        1.0,
                        0.0,
                        134413680.0,
                        130000.0,
                        2090760192.0,
                        0.0,
                        6749146.0,
                        0.0
                    ],
                    [
                        1.0,
                        0.0,
                        134413680.0,
                        130000.0,
                        2225173760.0,
                        0.0,
                        6750646.0,
                        0.0
                    ],
                    [
                        0.0,
                        0.0,
                        5210765.0,
                        80000.0,
                        86850768.0,
                        0.0,
                        7030853.0,
                        96.0
                    ],
                    [
                        0.0,
                        0.0,
                        5210765.0,
                        80000.0,
                        92061536.0,
                        0.0,
                        7030905.0,
                        96.0
                    ],
                    [
                        1.0,
                        0.0,
                        134413680.0,
                        130000.0,
                        0.0,
                        0.0,
                        6752146.0,
                        0.0
                    ],
                    [
                        0.0,
                        0.0,
                        15109322.0,
                        90000.0,
                        284159264.0,
                        0.0,
                        7047201.0,
                        96.0
                    ],
                    [
                        0.0,
                        0.0,
                        15109322.0,
                        90000.0,
                        299268608.0,
                        0.0,
                        7047253.0,
                        96.0
                    ],
                    [
                        0.0,
                        0.0,
                        15109322.0,
                        50000.0,
                        314377920.0,
                        0.0,
                        7047305.0,
                        96.0
                    ],
                    [
                        0.0,
                        0.0,
                        15109322.0,
                        50000.0,
                        329487232.0,
                        0.0,
                        7047369.0,
                        96.0
                    ],
                    [
                        0.0,
                        0.0,
                        15109322.0,
                        50000.0,
                        344596544.0,
                        0.0,
                        7047421.0,
                        96.0
                    ]
                ]
            ],
            "actions": [
                [
                    [
                        0.3333333432674408
                    ],
                    [
                        0.3333333432674408
                    ],
                    [
                        0.3333333432674408
                    ],
                    [
                        0.3333333432674408
                    ],
                    [
                        0.6666666865348816
                    ],
                    [
                        0.3333333432674408
                    ],
                    [
                        0.3333333432674408
                    ],
                    [
                        0.3333333432674408
                    ],
                    [
                        0.3333333432674408
                    ],
                    [
                        0.3333333432674408
                    ],
                    [
                        0.3333333432674408
                    ],
                    [
                        0.3333333432674408
                    ],
                    [
                        0.3333333432674408
                    ],
                    [
                        0.3333333432674408
                    ],
                    [
                        1.0
                    ],
                    [
                        0.3333333432674408
                    ],
                    [
                        0.3333333432674408
                    ],
                    [
                        0.3333333432674408
                    ],
                    [
                        0.3333333432674408
                    ],
                    [
                        0.3333333432674408
                    ]
                ]
            ],
            "returns": [
                [
                    [
                        0.16433332860469818
                    ],
                    [
                        0.16429166495800018
                    ],
                    [
                        0.16425000131130219
                    ],
                    [
                        0.1642083376646042
                    ],
                    [
                        0.1641666740179062
                    ],
                    [
                        0.16374999284744263
                    ],
                    [
                        0.16341666877269745
                    ],
                    [
                        0.1628749966621399
                    ],
                    [
                        0.16233333945274353
                    ],
                    [
                        0.16200000047683716
                    ],
                    [
                        0.1616666615009308
                    ],
                    [
                        0.16112500429153442
                    ],
                    [
                        0.16058333218097687
                    ],
                    [
                        0.1602499932050705
                    ],
                    [
                        0.15991666913032532
                    ],
                    [
                        0.15937499701976776
                    ],
                    [
                        0.1589999943971634
                    ],
                    [
                        0.15862500667572021
                    ],
                    [
                        0.15841667354106903
                    ],
                    [
                        0.15820834040641785
                    ]
                ]
            ],
            "timesteps": [
                [
                    960,
                    961,
                    962,
                    963,
                    964,
                    965,
                    966,
                    967,
                    968,
                    969,
                    970,
                    971,
                    972,
                    973,
                    974,
                    975,
                    976,
                    977,
                    978,
                    979
                ]
            ],
            "labels": [
                [
                    0,
                    0,
                    0,
                    0,
                    1,
                    0,
                    0,
                    0,
                    0,
                    0,
                    0,
                    0,
                    0,
                    0,
                    2,
                    0,
                    0,
                    0,
                    0,
                    0
                ]
            ],
            "CPU Usage": 5.0,
            "RAM Usage": 17.4,
            "GPU Usage": 14.000000000000002,
            "VRAM Usage": 15400.0,
            "Disk Read Speed (MB/s)": 75057177.68652344,
            "Disk Write Speed (MB/s)": 506877972.28222656
        },
        {
            "step": 1,
            "train_loss": 0.023233821615576744,
            "actions_pred1": [
                [
                    [
                        -0.08643017709255219,
                        -0.2026180624961853,
                        -0.29777753353118896
                    ],
                    [
                        0.25804418325424194,
                        -0.07723712176084518,
                        -0.17028392851352692
                    ],
                    [
                        0.6664114594459534,
                        -0.022479020059108734,
                        0.14193366467952728
                    ],
                    [
                        0.6583039164543152,
                        -0.12082477658987045,
                        0.0587334930896759
                    ],
                    [
                        0.3999500572681427,
                        0.13896417617797852,
                        0.07158872485160828
                    ],
                    [
                        0.5507533550262451,
                        -0.07858651131391525,
                        0.10036668181419373
                    ],
                    [
                        0.7588866949081421,
                        0.10637510567903519,
                        0.02713005430996418
                    ],
                    [
                        0.5421063303947449,
                        0.11357628554105759,
                        -0.04837170988321304
                    ],
                    [
                        0.756955087184906,
                        0.1343412548303604,
                        -0.07838817685842514
                    ],
                    [
                        0.812096893787384,
                        -0.10665156692266464,
                        -0.19020237028598785
                    ],
                    [
                        0.778597891330719,
                        -0.1463504433631897,
                        -0.12513677775859833
                    ],
                    [
                        0.9046664834022522,
                        -0.0770394429564476,
                        0.0007314551621675491
                    ],
                    [
                        0.8975617289543152,
                        -0.0431358739733696,
                        -0.0776238664984703
                    ],
                    [
                        0.8482855558395386,
                        0.05150020867586136,
                        -0.28697603940963745
                    ],
                    [
                        1.1299268007278442,
                        -0.18452924489974976,
                        0.019033240154385567
                    ],
                    [
                        0.9823324084281921,
                        -0.04509734362363815,
                        -0.17879562079906464
                    ],
                    [
                        1.1734904050827026,
                        0.11326809972524643,
                        -0.06452696770429611
                    ],
                    [
                        1.152468204498291,
                        0.028307713568210602,
                        0.18947048485279083
                    ],
                    [
                        0.8603382706642151,
                        0.10267133265733719,
                        -0.12884050607681274
                    ],
                    [
                        1.0100125074386597,
                        0.07043720036745071,
                        -0.10347525775432587
                    ]
                ]
            ],
            "actions_pred": [
                [
                    [
                        -0.08643017709255219,
                        0.25804418325424194,
                        0.6664114594459534,
                        0.6583039164543152,
                        0.3999500572681427,
                        0.5507533550262451,
                        0.7588866949081421,
                        0.5421063303947449,
                        0.756955087184906,
                        0.812096893787384,
                        0.778597891330719,
                        0.9046664834022522,
                        0.8975617289543152,
                        0.8482855558395386,
                        1.1299268007278442,
                        0.9823324084281921,
                        1.1734904050827026,
                        1.152468204498291,
                        0.8603382706642151,
                        1.0100125074386597
                    ],
                    [
                        -0.2026180624961853,
                        -0.07723712176084518,
                        -0.022479020059108734,
                        -0.12082477658987045,
                        0.13896417617797852,
                        -0.07858651131391525,
                        0.10637510567903519,
                        0.11357628554105759,
                        0.1343412548303604,
                        -0.10665156692266464,
                        -0.1463504433631897,
                        -0.0770394429564476,
                        -0.0431358739733696,
                        0.05150020867586136,
                        -0.18452924489974976,
                        -0.04509734362363815,
                        0.11326809972524643,
                        0.028307713568210602,
                        0.10267133265733719,
                        0.07043720036745071
                    ],
                    [
                        -0.29777753353118896,
                        -0.17028392851352692,
                        0.14193366467952728,
                        0.0587334930896759,
                        0.07158872485160828,
                        0.10036668181419373,
                        0.02713005430996418,
                        -0.04837170988321304,
                        -0.07838817685842514,
                        -0.19020237028598785,
                        -0.12513677775859833,
                        0.0007314551621675491,
                        -0.0776238664984703,
                        -0.28697603940963745,
                        0.019033240154385567,
                        -0.17879562079906464,
                        -0.06452696770429611,
                        0.18947048485279083,
                        -0.12884050607681274,
                        -0.10347525775432587
                    ]
                ]
            ],
            "states": [
                [
                    [
                        0.0,
                        0.0,
                        658976896.0,
                        230000.0,
                        0.0,
                        0.0,
                        6529585.0,
                        66.0
                    ],
                    [
                        0.0,
                        0.0,
                        658976896.0,
                        230000.0,
                        658976896.0,
                        0.0,
                        6529637.0,
                        67.0
                    ],
                    [
                        0.0,
                        0.0,
                        658976896.0,
                        230000.0,
                        1317953792.0,
                        0.0,
                        6531137.0,
                        67.0
                    ],
                    [
                        0.0,
                        0.0,
                        658976896.0,
                        230000.0,
                        1976930688.0,
                        0.0,
                        6532637.0,
                        67.0
                    ],
                    [
                        0.0,
                        0.0,
                        701926592.0,
                        230000.0,
                        0.0,
                        0.0,
                        6532689.0,
                        67.0
                    ],
                    [
                        0.0,
                        0.0,
                        701926592.0,
                        90000.0,
                        5615412736.0,
                        0.0,
                        6533241.0,
                        68.0
                    ],
                    [
                        0.0,
                        0.0,
                        701926592.0,
                        90000.0,
                        6317339136.0,
                        0.0,
                        6533305.0,
                        68.0
                    ],
                    [
                        0.0,
                        0.0,
                        701926592.0,
                        90000.0,
                        7019265536.0,
                        0.0,
                        6533369.0,
                        68.0
                    ],
                    [
                        0.0,
                        0.0,
                        701926592.0,
                        90000.0,
                        7721192448.0,
                        0.0,
                        6533441.0,
                        68.0
                    ],
                    [
                        0.0,
                        0.0,
                        701926592.0,
                        90000.0,
                        8423118848.0,
                        0.0,
                        6533513.0,
                        68.0
                    ],
                    [
                        0.0,
                        0.0,
                        701926592.0,
                        90000.0,
                        6317339136.0,
                        0.0,
                        6533305.0,
                        68.0
                    ],
                    [
                        0.0,
                        0.0,
                        701926592.0,
                        90000.0,
                        7019265536.0,
                        0.0,
                        6533369.0,
                        68.0
                    ],
                    [
                        0.0,
                        0.0,
                        701926592.0,
                        90000.0,
                        7721192448.0,
                        0.0,
                        6533441.0,
                        68.0
                    ],
                    [
                        0.0,
                        0.0,
                        701926592.0,
                        90000.0,
                        8423118848.0,
                        0.0,
                        6533513.0,
                        68.0
                    ],
                    [
                        0.0,
                        0.0,
                        701926592.0,
                        90000.0,
                        0.0,
                        0.0,
                        6533585.0,
                        68.0
                    ],
                    [
                        0.0,
                        0.0,
                        701926592.0,
                        50000.0,
                        7721192448.0,
                        0.0,
                        6538673.0,
                        69.0
                    ],
                    [
                        0.0,
                        0.0,
                        701926592.0,
                        50000.0,
                        8423118848.0,
                        0.0,
                        6538745.0,
                        69.0
                    ],
                    [
                        0.0,
                        0.0,
                        701926592.0,
                        50000.0,
                        9125045248.0,
                        0.0,
                        6538817.0,
                        69.0
                    ],
                    [
                        0.0,
                        0.0,
                        701926592.0,
                        50000.0,
                        9826971648.0,
                        0.0,
                        6538889.0,
                        69.0
                    ],
                    [
                        0.0,
                        0.0,
                        701926592.0,
                        50000.0,
                        10528899072.0,
                        0.0,
                        6538961.0,
                        69.0
                    ]
                ]
            ],
            "actions": [
                [
                    [
                        0.6666666865348816
                    ],
                    [
                        0.3333333432674408
                    ],
                    [
                        0.3333333432674408
                    ],
                    [
                        0.3333333432674408
                    ],
                    [
                        0.6666666865348816
                    ],
                    [
                        0.3333333432674408
                    ],
                    [
                        0.3333333432674408
                    ],
                    [
                        0.3333333432674408
                    ],
                    [
                        0.3333333432674408
                    ],
                    [
                        0.3333333432674408
                    ],
                    [
                        0.3333333432674408
                    ],
                    [
                        0.3333333432674408
                    ],
                    [
                        0.3333333432674408
                    ],
                    [
                        0.3333333432674408
                    ],
                    [
                        0.6666666865348816
                    ],
                    [
                        0.3333333432674408
                    ],
                    [
                        0.3333333432674408
                    ],
                    [
                        0.3333333432674408
                    ],
                    [
                        0.3333333432674408
                    ],
                    [
                        0.3333333432674408
                    ]
                ]
            ],
            "returns": [
                [
                    [
                        0.2524999976158142
                    ],
                    [
                        0.2515416741371155
                    ],
                    [
                        0.25058332085609436
                    ],
                    [
                        0.24962499737739563
                    ],
                    [
                        0.2486666738986969
                    ],
                    [
                        0.24770833551883698
                    ],
                    [
                        0.2473333328962326
                    ],
                    [
                        0.24695833027362823
                    ],
                    [
                        0.24658332765102386
                    ],
                    [
                        0.2462083399295807
                    ],
                    [
                        0.24583333730697632
                    ],
                    [
                        0.24545833468437195
                    ],
                    [
                        0.24508333206176758
                    ],
                    [
                        0.2447083294391632
                    ],
                    [
                        0.24433332681655884
                    ],
                    [
                        0.24395833909511566
                    ],
                    [
                        0.24375000596046448
                    ],
                    [
                        0.2435416728258133
                    ],
                    [
                        0.2433333396911621
                    ],
                    [
                        0.24312500655651093
                    ]
                ]
            ],
            "timesteps": [
                [
                    680,
                    681,
                    682,
                    683,
                    684,
                    685,
                    686,
                    687,
                    688,
                    689,
                    690,
                    691,
                    692,
                    693,
                    694,
                    695,
                    696,
                    697,
                    698,
                    699
                ]
            ],
            "labels": [
                [
                    1,
                    0,
                    0,
                    0,
                    1,
                    0,
                    0,
                    0,
                    0,
                    0,
                    0,
                    0,
                    0,
                    0,
                    1,
                    0,
                    0,
                    0,
                    0,
                    0
                ]
            ],
            "CPU Usage": 4.5,
            "RAM Usage": 17.4,
            "GPU Usage": 52.0,
            "VRAM Usage": 15400.0,
            "Disk Read Speed (MB/s)": 75057177.68652344,
            "Disk Write Speed (MB/s)": 506877972.28222656
        },
        {
            "step": 2,
            "train_loss": 0.019348856061697006,
            "actions_pred1": [
                [
                    [
                        0.7979541420936584,
                        0.5231843590736389,
                        -0.20880284905433655
                    ],
                    [
                        0.8698475360870361,
                        0.01673898845911026,
                        -0.5554274320602417
                    ],
                    [
                        0.7711023688316345,
                        0.061357282102108,
                        -0.41366639733314514
                    ],
                    [
                        0.7332887649536133,
                        0.10734517127275467,
                        -0.4510580897331238
                    ],
                    [
                        0.9010124802589417,
                        0.34523770213127136,
                        -0.17229729890823364
                    ],
                    [
                        0.9469120502471924,
                        0.057464681565761566,
                        -0.21837173402309418
                    ],
                    [
                        0.9136812090873718,
                        0.2392376959323883,
                        -0.25886625051498413
                    ],
                    [
                        0.7629165649414062,
                        0.22927460074424744,
                        -0.32474809885025024
                    ],
                    [
                        1.1813838481903076,
                        0.10512501746416092,
                        -0.26634925603866577
                    ],
                    [
                        1.187170386314392,
                        0.06866646558046341,
                        -0.13888853788375854
                    ],
                    [
                        0.8535277247428894,
                        0.3081904649734497,
                        0.06365226209163666
                    ],
                    [
                        0.7566102743148804,
                        -0.06864567846059799,
                        -0.19935965538024902
                    ],
                    [
                        1.0983898639678955,
                        -0.11538254469633102,
                        -0.2677038908004761
                    ],
                    [
                        0.9436375498771667,
                        -0.013063185848295689,
                        -0.23302702605724335
                    ],
                    [
                        1.1670559644699097,
                        0.008477634750306606,
                        -0.24497608840465546
                    ],
                    [
                        1.4427274465560913,
                        0.07477284222841263,
                        -0.17312820255756378
                    ],
                    [
                        1.1268922090530396,
                        -0.0388995036482811,
                        -0.2156563550233841
                    ],
                    [
                        1.2517280578613281,
                        -0.13344377279281616,
                        -0.045402467250823975
                    ],
                    [
                        1.0310853719711304,
                        -0.02316170185804367,
                        -0.039202190935611725
                    ],
                    [
                        1.360702633857727,
                        -0.06638305634260178,
                        -0.3672000467777252
                    ]
                ]
            ],
            "actions_pred": [
                [
                    [
                        0.7979541420936584,
                        0.8698475360870361,
                        0.7711023688316345,
                        0.7332887649536133,
                        0.9010124802589417,
                        0.9469120502471924,
                        0.9136812090873718,
                        0.7629165649414062,
                        1.1813838481903076,
                        1.187170386314392,
                        0.8535277247428894,
                        0.7566102743148804,
                        1.0983898639678955,
