{
    "steps": [
        {
            "step": 0,
            "train_loss": 0.01359849888831377,
            "actions_pred1": [
                [
                    [
                        2.884723424911499,
                        -0.9308281540870667,
                        -1.6244707107543945
                    ],
                    [
                        2.544846773147583,
                        -0.3236537277698517,
                        -1.9730292558670044
                    ],
                    [
                        2.8147313594818115,
                        -0.5044736862182617,
                        -1.8879181146621704
                    ],
                    [
                        2.6364874839782715,
                        -0.6541746258735657,
                        -1.8695281744003296
                    ],
                    [
                        1.858846664428711,
                        0.385499507188797,
                        -1.7697575092315674
                    ],
                    [
                        3.1007256507873535,
                        -0.2861076891422272,
                        -1.8881908655166626
                    ],
                    [
                        3.0644545555114746,
                        -0.44466257095336914,
                        -2.4742820262908936
                    ],
                    [
                        3.2228689193725586,
                        -0.4927818179130554,
                        -2.580664873123169
                    ],
                    [
                        3.132258415222168,
                        -0.3694378435611725,
                        -2.436600685119629
                    ],
                    [
                        3.0146725177764893,
                        -0.10461004078388214,
                        -2.0756099224090576
                    ],
                    [
                        2.7467782497406006,
                        0.29313769936561584,
                        -2.230121374130249
                    ],
                    [
                        2.456022262573242,
                        0.31504321098327637,
                        -2.397321939468384
                    ],
                    [
                        2.671117067337036,
                        -0.1383942812681198,
                        -2.1338791847229004
                    ],
                    [
                        2.456545352935791,
                        0.3517675995826721,
                        -2.066795825958252
                    ],
                    [
                        1.6441441774368286,
                        0.5497560501098633,
                        -1.8609954118728638
                    ],
                    [
                        2.8061909675598145,
                        -0.1786862164735794,
                        -2.29243540763855
                    ],
                    [
                        3.000034809112549,
                        -0.018718766048550606,
                        -2.458380937576294
                    ],
                    [
                        3.2445976734161377,
                        -0.21289895474910736,
                        -2.529263496398926
                    ],
                    [
                        2.7762913703918457,
                        0.06576251983642578,
                        -2.4102389812469482
                    ],
                    [
                        2.766979455947876,
                        -0.31646254658699036,
                        -2.376101016998291
                    ]
                ]
            ],
            "actions_pred": [
                [
                    [
                        2.884723424911499,
                        2.544846773147583,
                        2.8147313594818115,
                        2.6364874839782715,
                        1.858846664428711,
                        3.1007256507873535,
                        3.0644545555114746,
                        3.2228689193725586,
                        3.132258415222168,
                        3.0146725177764893,
                        2.7467782497406006,
                        2.456022262573242,
                        2.671117067337036,
                        2.456545352935791,
                        1.6441441774368286,
                        2.8061909675598145,
                        3.000034809112549,
                        3.2445976734161377,
                        2.7762913703918457,
                        2.766979455947876
                    ],
                    [
                        -0.9308281540870667,
                        -0.3236537277698517,
                        -0.5044736862182617,
                        -0.6541746258735657,
                        0.385499507188797,
                        -0.2861076891422272,
                        -0.44466257095336914,
                        -0.4927818179130554,
                        -0.3694378435611725,
                        -0.10461004078388214,
                        0.29313769936561584,
                        0.31504321098327637,
                        -0.1383942812681198,
                        0.3517675995826721,
                        0.5497560501098633,
                        -0.1786862164735794,
                        -0.018718766048550606,
                        -0.21289895474910736,
                        0.06576251983642578,
                        -0.31646254658699036
                    ],
                    [
                        -1.6244707107543945,
                        -1.9730292558670044,
                        -1.8879181146621704,
                        -1.8695281744003296,
                        -1.7697575092315674,
                        -1.8881908655166626,
                        -2.4742820262908936,
                        -2.580664873123169,
                        -2.436600685119629,
                        -2.0756099224090576,
                        -2.230121374130249,
                        -2.397321939468384,
                        -2.1338791847229004,
                        -2.066795825958252,
                        -1.8609954118728638,
                        -2.29243540763855,
                        -2.458380937576294,
                        -2.529263496398926,
                        -2.4102389812469482,
                        -2.376101016998291
                    ]
                ]
            ],
            "states": [
                [
                    [
                        0.0,
                        0.0,
                        15109322.0,
                        90000.0,
                        299268608.0,
                        0.0,
                        7047253.0,
                        96.0
                    ],
                    [
                        0.0,
                        0.0,
                        15109322.0,
                        50000.0,
                        314377920.0,
                        0.0,
                        7047305.0,
                        96.0
                    ],
                    [
                        0.0,
                        0.0,
                        15109322.0,
                        50000.0,
                        329487232.0,
                        0.0,
                        7047369.0,
                        96.0
                    ],
                    [
                        0.0,
                        0.0,
                        15109322.0,
                        50000.0,
                        344596544.0,
                        0.0,
                        7047421.0,
                        96.0
                    ],
                    [
                        1.0,
                        0.0,
                        84082032.0,
                        50000.0,
                        0.0,
                        0.0,
                        6777646.0,
                        0.0
                    ],
                    [
                        0.0,
                        0.0,
                        146051552.0,
                        140000.0,
                        3309766144.0,
                        0.0,
                        7825393.0,
                        96.0
                    ],
                    [
                        0.0,
                        0.0,
                        146051552.0,
                        140000.0,
                        3455817728.0,
                        0.0,
                        7825445.0,
                        96.0
                    ],
                    [
                        0.0,
                        0.0,
                        146051552.0,
                        150000.0,
                        3601869312.0,
                        0.0,
                        7825497.0,
                        96.0
                    ],
                    [
                        0.0,
                        0.0,
                        146051552.0,
                        150000.0,
                        3747920896.0,
                        0.0,
                        7825549.0,
                        96.0
                    ],
                    [
                        0.0,
                        0.0,
                        146051552.0,
                        150000.0,
                        3893972480.0,
                        0.0,
                        7825601.0,
                        96.0
                    ],
                    [
                        0.0,
                        0.0,
                        146051552.0,
                        140000.0,
                        3455817728.0,
                        0.0,
                        7825445.0,
                        96.0
                    ],
                    [
                        0.0,
                        0.0,
                        146051552.0,
                        150000.0,
                        3601869312.0,
                        0.0,
                        7825497.0,
                        96.0
                    ],
                    [
                        0.0,
                        0.0,
                        146051552.0,
                        150000.0,
                        3747920896.0,
                        0.0,
                        7825549.0,
                        96.0
                    ],
                    [
                        0.0,
                        0.0,
                        146051552.0,
                        150000.0,
                        3893972480.0,
                        0.0,
                        7825601.0,
                        96.0
                    ],
                    [
                        1.0,
                        0.0,
                        122217424.0,
                        70000.0,
                        0.0,
                        0.0,
                        8238646.0,
                        0.0
                    ],
                    [
                        0.0,
                        0.0,
                        176610992.0,
                        150000.0,
                        7339539968.0,
                        0.0,
                        8162305.0,
                        96.0
                    ],
                    [
                        1.0,
                        0.0,
                        133158000.0,
                        130000.0,
                        1260884864.0,
                        0.0,
                        8733646.0,
                        0.0
                    ],
                    [
                        1.0,
                        0.0,
                        133158000.0,
                        130000.0,
                        1394042880.0,
                        0.0,
                        8735146.0,
                        0.0
                    ],
                    [
                        0.0,
                        0.0,
                        176610992.0,
                        110000.0,
                        7516150784.0,
                        0.0,
                        8163805.0,
                        96.0
                    ],
                    [
                        0.0,
                        0.0,
                        176610992.0,
                        110000.0,
                        7692762112.0,
                        0.0,
                        8165305.0,
                        96.0
                    ]
                ]
            ],
            "actions": [
                [
                    [
                        0.3333333432674408
                    ],
                    [
                        0.3333333432674408
                    ],
                    [
                        0.3333333432674408
                    ],
                    [
                        0.3333333432674408
                    ],
                    [
                        1.0
                    ],
                    [
                        0.3333333432674408
                    ],
                    [
                        0.3333333432674408
                    ],
                    [
                        0.3333333432674408
                    ],
                    [
                        0.3333333432674408
                    ],
                    [
                        0.3333333432674408
                    ],
                    [
                        0.3333333432674408
                    ],
                    [
                        0.3333333432674408
                    ],
                    [
                        0.3333333432674408
                    ],
                    [
                        0.3333333432674408
                    ],
                    [
                        1.0
                    ],
                    [
                        0.3333333432674408
                    ],
                    [
                        0.3333333432674408
                    ],
                    [
                        0.3333333432674408
                    ],
                    [
                        0.3333333432674408
                    ],
                    [
                        0.3333333432674408
                    ]
                ]
            ],
            "returns": [
                [
                    [
                        0.15800000727176666
                    ],
                    [
                        0.1576250046491623
                    ],
                    [
                        0.1574166715145111
                    ],
                    [
                        0.15720833837985992
                    ],
                    [
                        0.15700000524520874
                    ],
                    [
                        0.15679167211055756
                    ],
                    [
                        0.156208336353302
                    ],
                    [
                        0.15562500059604645
                    ],
                    [
                        0.1550000011920929
                    ],
                    [
                        0.15437500178813934
                    ],
                    [
                        0.1537500023841858
                    ],
                    [
                        0.15316666662693024
                    ],
                    [
                        0.15254166722297668
                    ],
                    [
                        0.15191666781902313
                    ],
                    [
                        0.15129166841506958
                    ],
                    [
                        0.1509999930858612
                    ],
                    [
                        0.15037499368190765
                    ],
                    [
                        0.1498333364725113
                    ],
                    [
                        0.14929166436195374
                    ],
                    [
                        0.14883333444595337
                    ]
                ]
            ],
            "timesteps": [
                [
                    980,
                    981,
                    982,
                    983,
                    984,
                    985,
                    986,
                    987,
                    988,
                    989,
                    990,
                    991,
                    992,
                    993,
                    994,
                    995,
                    996,
                    997,
                    998,
                    999
                ]
            ],
            "labels": [
                [
                    0,
                    0,
                    0,
                    0,
                    2,
                    0,
                    0,
                    0,
                    0,
                    0,
                    0,
                    0,
                    0,
                    0,
                    2,
                    0,
                    0,
                    0,
                    0,
                    0
                ]
            ],
            "CPU Usage": 4.2,
            "RAM Usage": 17.4,
            "GPU Usage": 31.0,
            "VRAM Usage": 15400.0,
            "Disk Read Speed (MB/s)": 75057177.68652344,
            "Disk Write Speed (MB/s)": 506878134.03222656
        },
        {
            "step": 1,
            "train_loss": 0.006050122901797295,
            "actions_pred1": [
                [
                    [
                        2.6017496585845947,
                        -0.24052491784095764,
                        -2.2705488204956055
                    ],
                    [
                        2.5342206954956055,
                        0.025310752913355827,
                        -1.9569709300994873
                    ],
                    [
                        2.6209375858306885,
                        -0.25910237431526184,
                        -1.8594651222229004
                    ],
                    [
                        2.403867721557617,
                        -0.01870708353817463,
                        -1.9214040040969849
                    ],
                    [
                        1.294157862663269,
                        0.6088458299636841,
                        -1.6222946643829346
                    ],
                    [
                        2.3093714714050293,
                        0.0356476753950119,
                        -1.6266616582870483
                    ],
                    [
                        2.374138355255127,
                        0.13069267570972443,
                        -1.9795384407043457
                    ],
                    [
                        2.2354276180267334,
                        -0.21568267047405243,
                        -2.222841739654541
                    ],
                    [
                        2.2385976314544678,
                        0.1405651867389679,
                        -1.9147876501083374
                    ],
                    [
                        2.190023422241211,
                        0.2808122932910919,
                        -2.0415968894958496
                    ],
                    [
                        2.3580679893493652,
                        0.2153654843568802,
                        -2.072077751159668
                    ],
                    [
                        2.253495454788208,
                        0.11983448266983032,
                        -2.0025949478149414
                    ],
                    [
                        2.525444507598877,
                        0.19430172443389893,
                        -2.088355541229248
                    ],
                    [
                        2.712317705154419,
                        0.07986703515052795,
                        -2.305713176727295
                    ],
                    [
                        1.3940250873565674,
                        1.1173076629638672,
                        -1.9310722351074219
                    ],
                    [
                        2.5830740928649902,
                        0.1750389039516449,
                        -2.0341930389404297
                    ],
                    [
                        2.6852104663848877,
                        0.18098019063472748,
                        -2.0697765350341797
                    ],
                    [
                        2.408155679702759,
                        0.31553247570991516,
                        -2.1117918491363525
                    ],
                    [
                        2.4737401008605957,
                        0.2824144959449768,
                        -2.3091471195220947
                    ],
                    [
                        2.3246383666992188,
                        0.21325817704200745,
                        -2.5322682857513428
                    ]
                ]
            ],
            "actions_pred": [
                [
                    [
                        2.6017496585845947,
                        2.5342206954956055,
                        2.6209375858306885,
                        2.403867721557617,
                        1.294157862663269,
                        2.3093714714050293,
                        2.374138355255127,
                        2.2354276180267334,
                        2.2385976314544678,
                        2.190023422241211,
                        2.3580679893493652,
                        2.253495454788208,
                        2.525444507598877,
                        2.712317705154419,
                        1.3940250873565674,
                        2.5830740928649902,
                        2.6852104663848877,
                        2.408155679702759,
                        2.4737401008605957,
                        2.3246383666992188
                    ],
                    [
                        -0.24052491784095764,
                        0.025310752913355827,
                        -0.25910237431526184,
                        -0.01870708353817463,
                        0.6088458299636841,
                        0.0356476753950119,
                        0.13069267570972443,
                        -0.21568267047405243,
                        0.1405651867389679,
                        0.2808122932910919,
                        0.2153654843568802,
                        0.11983448266983032,
                        0.19430172443389893,
                        0.07986703515052795,
                        1.1173076629638672,
                        0.1750389039516449,
                        0.18098019063472748,
                        0.31553247570991516,
                        0.2824144959449768,
                        0.21325817704200745
                    ],
                    [
                        -2.2705488204956055,
                        -1.9569709300994873,
                        -1.8594651222229004,
                        -1.9214040040969849,
                        -1.6222946643829346,
                        -1.6266616582870483,
                        -1.9795384407043457,
                        -2.222841739654541,
                        -1.9147876501083374,
                        -2.0415968894958496,
                        -2.072077751159668,
                        -2.0025949478149414,
                        -2.088355541229248,
                        -2.305713176727295,
                        -1.9310722351074219,
                        -2.0341930389404297,
                        -2.0697765350341797,
                        -2.1117918491363525,
                        -2.3091471195220947,
                        -2.5322682857513428
                    ]
                ]
            ],
            "states": [
                [
                    [
                        1.0,
                        75000.0,
                        3204054.0,
                        70000.0,
                        89694480.0,
                        0.0,
                        5657146.0,
                        0.0
                    ],
                    [
                        0.0,
                        0.0,
                        414029568.0,
                        130000.0,
                        785109440.0,
                        0.0,
                        6260705.0,
                        49.0
                    ],
                    [
                        0.0,
                        0.0,
                        414029568.0,
                        130000.0,
                        1199139072.0,
                        0.0,
                        6260757.0,
                        49.0
                    ],
                    [
                        0.0,
                        0.0,
                        414029568.0,
                        130000.0,
                        1613168640.0,
                        0.0,
                        6260809.0,
                        49.0
                    ],
                    [
                        0.0,
                        0.0,
                        414029568.0,
                        130000.0,
                        0.0,
                        0.0,
                        6260873.0,
                        49.0
                    ],
                    [
                        0.0,
                        0.0,
                        414029568.0,
                        130000.0,
                        3312236544.0,
                        0.0,
                        6261369.0,
                        50.0
                    ],
                    [
                        0.0,
                        0.0,
                        414029568.0,
                        130000.0,
                        3726266112.0,
                        0.0,
                        6261421.0,
                        50.0
                    ],
                    [
                        0.0,
                        0.0,
                        414029568.0,
                        130000.0,
                        4140295680.0,
                        0.0,
                        6261485.0,
                        50.0
                    ],
                    [
                        0.0,
                        0.0,
                        444899648.0,
                        170000.0,
                        4585195008.0,
                        0.0,
                        6261537.0,
                        50.0
                    ],
                    [
                        0.0,
                        0.0,
                        487849312.0,
                        170000.0,
                        5073044480.0,
                        0.0,
                        6261589.0,
                        50.0
                    ],
                    [
                        0.0,
                        0.0,
                        414029568.0,
                        130000.0,
                        3726266112.0,
                        0.0,
                        6261421.0,
                        50.0
                    ],
                    [
                        0.0,
                        0.0,
                        414029568.0,
                        130000.0,
                        4140295680.0,
                        0.0,
                        6261485.0,
                        50.0
                    ],
                    [
                        0.0,
                        0.0,
                        444899648.0,
                        170000.0,
                        4585195008.0,
                        0.0,
                        6261537.0,
                        50.0
                    ],
                    [
                        0.0,
                        0.0,
                        487849312.0,
                        170000.0,
                        5073044480.0,
                        0.0,
                        6261589.0,
                        50.0
                    ],
                    [
                        0.0,
                        0.0,
                        487849312.0,
                        170000.0,
                        0.0,
                        0.0,
                        6261641.0,
                        50.0
                    ],
                    [
                        0.0,
                        0.0,
                        487849312.0,
                        170000.0,
                        6342041088.0,
                        0.0,
                        6278245.0,
                        51.0
                    ],
                    [
                        0.0,
                        0.0,
                        487849312.0,
                        170000.0,
                        6829890560.0,
                        0.0,
                        6279745.0,
                        51.0
                    ],
                    [
                        0.0,
                        0.0,
                        487849312.0,
                        170000.0,
                        7317739520.0,
                        0.0,
                        6281245.0,
                        51.0
                    ],
                    [
                        0.0,
                        0.0,
                        487849312.0,
                        170000.0,
                        7805588992.0,
                        0.0,
                        6282745.0,
                        51.0
                    ],
                    [
                        0.0,
                        0.0,
                        487849312.0,
                        170000.0,
                        8293438464.0,
                        0.0,
                        6284245.0,
                        51.0
                    ]
                ]
            ],
            "actions": [
                [
                    [
                        0.3333333432674408
                    ],
                    [
                        0.3333333432674408
                    ],
                    [
                        0.3333333432674408
                    ],
                    [
                        0.3333333432674408
                    ],
                    [
                        0.6666666865348816
                    ],
                    [
                        0.3333333432674408
                    ],
                    [
                        0.3333333432674408
                    ],
                    [
                        0.3333333432674408
                    ],
                    [
                        0.3333333432674408
                    ],
                    [
                        0.3333333432674408
                    ],
                    [
                        0.3333333432674408
                    ],
                    [
                        0.3333333432674408
                    ],
                    [
                        0.3333333432674408
                    ],
                    [
                        0.3333333432674408
                    ],
                    [
                        0.6666666865348816
                    ],
                    [
                        0.3333333432674408
                    ],
                    [
                        0.3333333432674408
                    ],
                    [
                        0.3333333432674408
                    ],
                    [
                        0.3333333432674408
                    ],
                    [
                        0.3333333432674408
                    ]
                ]
            ],
            "returns": [
                [
                    [
                        0.36158332228660583
                    ],
                    [
                        0.36129167675971985
                    ],
                    [
                        0.3607499897480011
                    ],
                    [
                        0.36020833253860474
                    ],
                    [
                        0.3596666753292084
                    ],
                    [
                        0.3591249883174896
                    ],
                    [
                        0.35858333110809326
                    ],
                    [
                        0.3580416738986969
                    ],
                    [
                        0.35749998688697815
                    ],
                    [
                        0.3567916750907898
                    ],
                    [
                        0.35608333349227905
                    ],
                    [
                        0.3555416762828827
                    ],
                    [
                        0.35499998927116394
                    ],
                    [
                        0.3542916774749756
                    ],
                    [
                        0.35358333587646484
                    ],
                    [
                        0.3528749942779541
                    ],
                    [
                        0.35216665267944336
                    ],
                    [
                        0.351458340883255
                    ],
                    [
                        0.35074999928474426
                    ],
                    [
                        0.3500416576862335
                    ]
                ]
            ],
            "timesteps": [
                [
                    500,
                    501,
                    502,
                    503,
                    504,
                    505,
                    506,
                    507,
                    508,
                    509,
                    510,
                    511,
                    512,
                    513,
                    514,
                    515,
                    516,
                    517,
                    518,
                    519
                ]
            ],
            "labels": [
                [
                    0,
                    0,
                    0,
                    0,
                    1,
                    0,
                    0,
                    0,
                    0,
                    0,
                    0,
                    0,
                    0,
                    0,
                    1,
                    0,
                    0,
                    0,
                    0,
                    0
                ]
            ],
            "CPU Usage": 3.7,
            "RAM Usage": 17.4,
            "GPU Usage": 45.0,
            "VRAM Usage": 15400.0,
            "Disk Read Speed (MB/s)": 75057177.68652344,
            "Disk Write Speed (MB/s)": 506878134.03222656
        },
        {
            "step": 2,
            "train_loss": 0.006840374320745468,
            "actions_pred1": [
                [
                    [
                        3.3110244274139404,
                        -0.09173829853534698,
                        -2.233215808868408
                    ],
                    [
                        2.5471677780151367,
                        -0.04237085580825806,
                        -2.553492546081543
                    ],
                    [
                        2.864009141921997,
                        0.05350252985954285,
                        -2.3489551544189453
                    ],
                    [
                        2.9555797576904297,
                        0.07948876917362213,
                        -2.39430832862854
                    ],
                    [
                        2.198397397994995,
                        0.714991569519043,
                        -2.165506362915039
                    ],
                    [
                        1.6695811748504639,
                        0.9436250925064087,
                        -2.455953598022461
                    ],
                    [
                        3.275181293487549,
                        0.21194502711296082,
                        -2.566554307937622
                    ],
                    [
                        2.463416814804077,
                        0.44400766491889954,
                        -2.7356863021850586
                    ],
                    [
                        3.0360193252563477,
                        -0.05243673920631409,
                        -2.6806256771087646
                    ],
                    [
                        2.1704158782958984,
                        0.5805299282073975,
                        -2.1373186111450195
                    ],
                    [
                        2.956040143966675,
                        -0.013217674568295479,
                        -2.7296500205993652
                    ],
                    [
                        2.1347262859344482,
                        0.14393825829029083,
                        -2.32252836227417
                    ],
                    [
                        2.933892011642456,
                        0.15167254209518433,
                        -2.146001100540161
                    ],
                    [
                        1.6117199659347534,
                        0.2241738736629486,
                        -2.2619054317474365
                    ],
                    [
                        1.3762544393539429,
                        1.0415500402450562,
                        -2.145063638687134
                    ],
                    [
                        3.0743589401245117,
                        -0.017990784719586372,
                        -2.506497383117676
                    ],
                    [
                        2.970745801925659,
                        -0.36285120248794556,
                        -2.5740549564361572
                    ],
                    [
                        2.9095022678375244,
                        0.17685554921627045,
                        -2.6462528705596924
                    ],
                    [
                        3.3416757583618164,
                        -0.07994362711906433,
                        -2.260201930999756
                    ],
                    [
                        3.2552919387817383,
                        -0.08637654781341553,
                        -2.8307483196258545
                    ]
                ]
            ],
            "actions_pred": [
                [
                    [
                        3.3110244274139404,
                        2.5471677780151367,
                        2.864009141921997,
                        2.9555797576904297,
                        2.198397397994995,
                        1.6695811748504639,
                        3.275181293487549,
                        2.463416814804077,
                        3.0360193252563477,
                        2.1704158782958984,
                        2.956040143966675,
                        2.1347262859344482,
                        2.933892011642456,
                        1.6117199659347534,
                        1.3762544393539429,
