{
    "steps": [
        {
            "step": 0,
            "train_loss": 0.0013966256519779563,
            "actions_pred1": [
                [
                    [
                        2.6286518573760986,
                        -1.005924105644226,
                        -2.0680460929870605
                    ],
                    [
                        2.461521625518799,
                        -0.9687478542327881,
                        -2.069457769393921
                    ],
                    [
                        2.488245725631714,
                        -0.7830923199653625,
                        -2.3151495456695557
                    ],
                    [
                        2.3957955837249756,
                        -0.4982873201370239,
                        -2.0390636920928955
                    ],
                    [
                        -0.11413407325744629,
                        1.8717859983444214,
                        -2.041714668273926
                    ],
                    [
                        3.2274796962738037,
                        -0.49134698510169983,
                        -2.0183486938476562
                    ],
                    [
                        3.153414011001587,
                        -0.9227278828620911,
                        -2.025970220565796
                    ],
                    [
                        3.1840415000915527,
                        -0.4028528928756714,
                        -1.7853827476501465
                    ],
                    [
                        3.6860461235046387,
                        -0.8718169927597046,
                        -2.1526825428009033
                    ],
                    [
                        3.681093454360962,
                        -0.5407571792602539,
                        -1.6296241283416748
                    ],
                    [
                        3.002915143966675,
                        -0.20511826872825623,
                        -2.421746253967285
                    ],
                    [
                        3.9023327827453613,
                        -0.8977094888687134,
                        -1.971260666847229
                    ],
                    [
                        3.4869484901428223,
                        -1.2764452695846558,
                        -1.8399287462234497
                    ],
                    [
                        3.268355131149292,
                        -0.7136717438697815,
                        -2.327099561691284
                    ],
                    [
                        -0.05834496393799782,
                        1.7600091695785522,
                        -1.4304407835006714
                    ],
                    [
                        3.451298952102661,
                        -0.4752555191516876,
                        -2.2240943908691406
                    ],
                    [
                        3.2947335243225098,
                        -0.6554352045059204,
                        -1.969534158706665
                    ],
                    [
                        3.11379075050354,
                        0.1507609486579895,
                        -1.872623324394226
                    ],
                    [
                        3.449479579925537,
                        -0.7303869724273682,
                        -1.7162197828292847
                    ],
                    [
                        3.084226369857788,
                        -0.26023632287979126,
                        -1.7710782289505005
                    ]
                ]
            ],
            "actions_pred": [
                [
                    [
                        2.6286518573760986,
                        2.461521625518799,
                        2.488245725631714,
                        2.3957955837249756,
                        -0.11413407325744629,
                        3.2274796962738037,
                        3.153414011001587,
                        3.1840415000915527,
                        3.6860461235046387,
                        3.681093454360962,
                        3.002915143966675,
                        3.9023327827453613,
                        3.4869484901428223,
                        3.268355131149292,
                        -0.05834496393799782,
                        3.451298952102661,
                        3.2947335243225098,
                        3.11379075050354,
                        3.449479579925537,
                        3.084226369857788
                    ],
                    [
                        -1.005924105644226,
                        -0.9687478542327881,
                        -0.7830923199653625,
                        -0.4982873201370239,
                        1.8717859983444214,
                        -0.49134698510169983,
                        -0.9227278828620911,
                        -0.4028528928756714,
                        -0.8718169927597046,
                        -0.5407571792602539,
                        -0.20511826872825623,
                        -0.8977094888687134,
                        -1.2764452695846558,
                        -0.7136717438697815,
                        1.7600091695785522,
                        -0.4752555191516876,
                        -0.6554352045059204,
                        0.1507609486579895,
                        -0.7303869724273682,
                        -0.26023632287979126
                    ],
                    [
                        -2.0680460929870605,
                        -2.069457769393921,
                        -2.3151495456695557,
                        -2.0390636920928955,
                        -2.041714668273926,
                        -2.0183486938476562,
                        -2.025970220565796,
                        -1.7853827476501465,
                        -2.1526825428009033,
                        -1.6296241283416748,
                        -2.421746253967285,
                        -1.971260666847229,
                        -1.8399287462234497,
                        -2.327099561691284,
                        -1.4304407835006714,
                        -2.2240943908691406,
                        -1.969534158706665,
                        -1.872623324394226,
                        -1.7162197828292847,
                        -1.7710782289505005
                    ]
                ]
            ],
            "states": [
                [
                    [
                        0.0,
                        0.0,
                        410198336.0,
                        190000.0,
                        10665156608.0,
                        0.0,
                        3095929.0,
                        7.0
                    ],
                    [
                        0.0,
                        0.0,
                        410198336.0,
                        190000.0,
                        11075354624.0,
                        0.0,
                        3095993.0,
                        7.0
                    ],
                    [
                        0.0,
                        0.0,
                        410198336.0,
                        190000.0,
                        11485552640.0,
                        0.0,
                        3096057.0,
                        7.0
                    ],
                    [
                        0.0,
                        0.0,
                        410198336.0,
                        190000.0,
                        11895751680.0,
                        0.0,
                        3096121.0,
                        7.0
                    ],
                    [
                        0.0,
                        0.0,
                        410198336.0,
                        190000.0,
                        0.0,
                        0.0,
                        3096173.0,
                        7.0
                    ],
                    [
                        1.0,
                        105000.0,
                        970586.0,
                        60000.0,
                        5413240.0,
                        0.0,
                        2244646.0,
                        0.0
                    ],
                    [
                        1.0,
                        105000.0,
                        970586.0,
                        60000.0,
                        6383826.0,
                        0.0,
                        2246146.0,
                        0.0
                    ],
                    [
                        0.0,
                        0.0,
                        539047360.0,
                        240000.0,
                        8156663808.0,
                        0.0,
                        3117405.0,
                        8.0
                    ],
                    [
                        1.0,
                        105000.0,
                        970586.0,
                        60000.0,
                        7354412.0,
                        0.0,
                        2247646.0,
                        0.0
                    ],
                    [
                        1.0,
                        105000.0,
                        970586.0,
                        60000.0,
                        8324998.0,
                        0.0,
                        2249146.0,
                        0.0
                    ],
                    [
                        1.0,
                        105000.0,
                        970586.0,
                        60000.0,
                        6383826.0,
                        0.0,
                        2246146.0,
                        0.0
                    ],
                    [
                        0.0,
                        0.0,
                        539047360.0,
                        240000.0,
                        8156663808.0,
                        0.0,
                        3117405.0,
                        8.0
                    ],
                    [
                        1.0,
                        105000.0,
                        970586.0,
                        60000.0,
                        7354412.0,
                        0.0,
                        2247646.0,
                        0.0
                    ],
                    [
                        1.0,
                        105000.0,
                        970586.0,
                        60000.0,
                        8324998.0,
                        0.0,
                        2249146.0,
                        0.0
                    ],
                    [
                        0.0,
                        0.0,
                        539047360.0,
                        240000.0,
                        0.0,
                        0.0,
                        3118905.0,
                        8.0
                    ],
                    [
                        0.0,
                        0.0,
                        557837824.0,
                        220000.0,
                        11928000512.0,
                        0.0,
                        3122941.0,
                        9.0
                    ],
                    [
                        0.0,
                        0.0,
                        557837824.0,
                        220000.0,
                        12485837824.0,
                        0.0,
                        3122993.0,
                        9.0
                    ],
                    [
                        0.0,
                        0.0,
                        557837824.0,
                        220000.0,
                        13043676160.0,
                        0.0,
                        3123045.0,
                        9.0
                    ],
                    [
                        0.0,
                        0.0,
                        557837824.0,
                        230000.0,
                        13601513472.0,
                        0.0,
                        3123097.0,
                        9.0
                    ],
                    [
                        0.0,
                        0.0,
                        557837824.0,
                        230000.0,
                        14159351808.0,
                        0.0,
                        3123149.0,
                        9.0
                    ]
                ]
            ],
            "actions": [
                [
                    [
                        0.3333333432674408
                    ],
                    [
                        0.3333333432674408
                    ],
                    [
                        0.3333333432674408
                    ],
                    [
                        0.3333333432674408
                    ],
                    [
                        0.6666666865348816
                    ],
                    [
                        0.3333333432674408
                    ],
                    [
                        0.3333333432674408
                    ],
                    [
                        0.3333333432674408
                    ],
                    [
                        0.3333333432674408
                    ],
                    [
                        0.3333333432674408
                    ],
                    [
                        0.3333333432674408
                    ],
                    [
                        0.3333333432674408
                    ],
                    [
                        0.3333333432674408
                    ],
                    [
                        0.3333333432674408
                    ],
                    [
                        0.6666666865348816
                    ],
                    [
                        0.3333333432674408
                    ],
                    [
                        0.3333333432674408
                    ],
                    [
                        0.3333333432674408
                    ],
                    [
                        0.3333333432674408
                    ],
                    [
                        0.3333333432674408
                    ]
                ]
            ],
            "returns": [
                [
                    [
                        0.5864583253860474
                    ],
                    [
                        0.5856666564941406
                    ],
                    [
                        0.5848749876022339
                    ],
                    [
                        0.5840833187103271
                    ],
                    [
                        0.5832916498184204
                    ],
                    [
                        0.5824999809265137
                    ],
                    [
                        0.5822499990463257
                    ],
                    [
                        0.5820000171661377
                    ],
                    [
                        0.5809999704360962
                    ],
                    [
                        0.5807499885559082
                    ],
                    [
                        0.5805000066757202
                    ],
                    [
                        0.5802500247955322
                    ],
                    [
                        0.5792499780654907
                    ],
                    [
                        0.5789999961853027
                    ],
                    [
                        0.5787500143051147
                    ],
                    [
                        0.577750027179718
                    ],
                    [
                        0.5768333077430725
                    ],
                    [
                        0.5759166479110718
                    ],
                    [
                        0.574999988079071
                    ],
                    [
                        0.5740416646003723
                    ]
                ]
            ],
            "timesteps": [
                [
                    80,
                    81,
                    82,
                    83,
                    84,
                    85,
                    86,
                    87,
                    88,
                    89,
                    90,
                    91,
                    92,
                    93,
                    94,
                    95,
                    96,
                    97,
                    98,
                    99
                ]
            ],
            "labels": [
                [
                    0,
                    0,
                    0,
                    0,
                    1,
                    0,
                    0,
                    0,
                    0,
                    0,
                    0,
                    0,
                    0,
                    0,
                    1,
                    0,
                    0,
                    0,
                    0,
                    0
                ]
            ],
            "CPU Usage": 4.3,
            "RAM Usage": 17.5,
            "GPU Usage": 42.0,
            "VRAM Usage": 15400.0,
            "Disk Read Speed (MB/s)": 75057177.68652344,
            "Disk Write Speed (MB/s)": 506878172.0986328
        },
        {
            "step": 1,
            "train_loss": 0.0029778913594782352,
            "actions_pred1": [
                [
                    [
                        3.0327649116516113,
                        -0.7460678815841675,
                        -2.1650660037994385
                    ],
                    [
                        3.3201420307159424,
                        -0.6367397308349609,
                        -2.8098340034484863
                    ],
                    [
                        4.229467391967773,
                        -0.5662102699279785,
                        -3.130075454711914
                    ],
                    [
                        4.103314399719238,
                        -0.46188032627105713,
                        -2.505859613418579
                    ],
                    [
                        0.5788595676422119,
                        2.3424570560455322,
                        -2.3092167377471924
                    ],
                    [
                        0.8096876740455627,
                        1.2443609237670898,
                        -2.1744399070739746
                    ],
                    [
                        4.052074432373047,
                        -0.7423335313796997,
                        -2.8447258472442627
                    ],
                    [
                        3.3863368034362793,
                        -0.23783573508262634,
                        -2.2272419929504395
                    ],
                    [
                        3.7476649284362793,
                        -0.818605899810791,
                        -2.3963396549224854
                    ],
                    [
                        3.9928081035614014,
                        -0.38783395290374756,
                        -2.5808286666870117
                    ],
                    [
                        4.321432590484619,
                        -0.8231328725814819,
                        -2.424276351928711
                    ],
                    [
                        4.062204360961914,
                        -0.5801388621330261,
                        -2.864704132080078
                    ],
                    [
                        3.1759464740753174,
                        0.832588255405426,
                        -2.882018804550171
                    ],
                    [
                        4.4887614250183105,
                        -0.5881208181381226,
                        -2.3286311626434326
                    ],
                    [
                        1.0412486791610718,
                        1.7031443119049072,
                        -2.1903903484344482
                    ],
                    [
                        3.9989912509918213,
                        -0.5038434863090515,
                        -2.7122952938079834
                    ],
                    [
                        3.6410739421844482,
                        -0.43222954869270325,
                        -2.4087696075439453
                    ],
                    [
                        3.8990230560302734,
                        0.19813315570354462,
                        -2.911240339279175
                    ],
                    [
                        3.192078113555908,
                        -0.07998523116111755,
                        -2.3032140731811523
                    ],
                    [
                        4.568179607391357,
                        -1.0581220388412476,
                        -2.1115756034851074
                    ]
                ]
            ],
            "actions_pred": [
                [
                    [
                        3.0327649116516113,
                        3.3201420307159424,
                        4.229467391967773,
                        4.103314399719238,
                        0.5788595676422119,
                        0.8096876740455627,
                        4.052074432373047,
                        3.3863368034362793,
                        3.7476649284362793,
                        3.9928081035614014,
                        4.321432590484619,
                        4.062204360961914,
                        3.1759464740753174,
                        4.4887614250183105,
                        1.0412486791610718,
                        3.9989912509918213,
                        3.6410739421844482,
                        3.8990230560302734,
                        3.192078113555908,
                        4.568179607391357
                    ],
                    [
                        -0.7460678815841675,
                        -0.6367397308349609,
                        -0.5662102699279785,
                        -0.46188032627105713,
                        2.3424570560455322,
                        1.2443609237670898,
                        -0.7423335313796997,
                        -0.23783573508262634,
                        -0.818605899810791,
                        -0.38783395290374756,
                        -0.8231328725814819,
                        -0.5801388621330261,
                        0.832588255405426,
                        -0.5881208181381226,
                        1.7031443119049072,
                        -0.5038434863090515,
                        -0.43222954869270325,
                        0.19813315570354462,
                        -0.07998523116111755,
                        -1.0581220388412476
                    ],
                    [
                        -2.1650660037994385,
                        -2.8098340034484863,
                        -3.130075454711914,
                        -2.505859613418579,
                        -2.3092167377471924,
                        -2.1744399070739746,
                        -2.8447258472442627,
                        -2.2272419929504395,
                        -2.3963396549224854,
                        -2.5808286666870117,
                        -2.424276351928711,
                        -2.864704132080078,
                        -2.882018804550171,
                        -2.3286311626434326,
                        -2.1903903484344482,
                        -2.7122952938079834,
                        -2.4087696075439453,
                        -2.911240339279175,
                        -2.3032140731811523,
                        -2.1115756034851074
                    ]
                ]
            ],
            "states": [
                [
                    [
                        0.0,
                        0.0,
                        546429312.0,
                        120000.0,
                        12384158720.0,
                        0.0,
                        3418557.0,
                        33.0
                    ],
                    [
                        0.0,
                        0.0,
                        546429312.0,
                        120000.0,
                        12930588672.0,
                        0.0,
                        3418629.0,
                        33.0
                    ],
                    [
                        0.0,
                        0.0,
                        546429312.0,
                        120000.0,
                        13477017600.0,
                        0.0,
                        3418709.0,
                        33.0
                    ],
                    [
                        0.0,
                        0.0,
                        546429312.0,
                        120000.0,
                        14023446528.0,
                        0.0,
                        3418761.0,
                        33.0
                    ],
                    [
                        0.0,
                        0.0,
                        546429312.0,
                        120000.0,
                        0.0,
                        0.0,
                        3418841.0,
                        33.0
                    ],
                    [
                        1.0,
                        150000.0,
                        0.0,
                        0.0,
                        0.0,
                        0.0,
                        2498146.0,
                        0.0
                    ],
                    [
                        0.0,
                        0.0,
                        589379008.0,
                        130000.0,
                        3867954688.0,
                        0.0,
                        3419309.0,
                        34.0
                    ],
                    [
                        0.0,
                        0.0,
                        589379008.0,
                        130000.0,
                        4457333760.0,
                        0.0,
                        3419373.0,
                        34.0
                    ],
                    [
                        0.0,
                        0.0,
                        589379008.0,
                        130000.0,
                        5046712832.0,
                        0.0,
                        3419425.0,
                        34.0
                    ],
                    [
                        0.0,
                        0.0,
                        589379008.0,
                        100000.0,
                        5636091904.0,
                        0.0,
                        3419489.0,
                        34.0
                    ],
                    [
                        0.0,
                        0.0,
                        589379008.0,
                        130000.0,
                        3867954688.0,
                        0.0,
                        3419309.0,
                        34.0
                    ],
                    [
                        0.0,
                        0.0,
                        589379008.0,
                        130000.0,
                        4457333760.0,
                        0.0,
                        3419373.0,
                        34.0
                    ],
                    [
                        0.0,
                        0.0,
                        589379008.0,
                        130000.0,
                        5046712832.0,
                        0.0,
                        3419425.0,
                        34.0
                    ],
                    [
                        0.0,
                        0.0,
                        589379008.0,
                        100000.0,
                        5636091904.0,
                        0.0,
                        3419489.0,
                        34.0
                    ],
                    [
                        0.0,
                        0.0,
                        589379008.0,
                        100000.0,
                        0.0,
                        0.0,
                        3419561.0,
                        34.0
                    ],
                    [
                        0.0,
                        15000.0,
                        127216512.0,
                        180000.0,
                        2066251008.0,
                        0.0,
                        3572493.0,
                        35.0
                    ],
                    [
                        0.0,
                        0.0,
                        162784208.0,
                        180000.0,
                        2229035264.0,
                        0.0,
                        3573993.0,
                        35.0
                    ],
                    [
                        0.0,
                        0.0,
                        162784208.0,
                        180000.0,
                        2391819264.0,
                        0.0,
                        3574045.0,
                        35.0
                    ],
                    [
                        0.0,
                        0.0,
                        162784208.0,
                        180000.0,
                        2554603520.0,
                        0.0,
                        3575545.0,
                        35.0
                    ],
                    [
                        0.0,
                        0.0,
                        162784208.0,
                        180000.0,
                        2717387776.0,
                        0.0,
                        3577045.0,
                        35.0
                    ]
                ]
            ],
            "actions": [
                [
                    [
                        0.3333333432674408
                    ],
                    [
                        0.3333333432674408
                    ],
                    [
                        0.3333333432674408
                    ],
                    [
                        0.3333333432674408
                    ],
                    [
                        0.6666666865348816
                    ],
                    [
                        0.3333333432674408
                    ],
                    [
                        0.3333333432674408
                    ],
                    [
                        0.3333333432674408
                    ],
                    [
                        0.3333333432674408
                    ],
                    [
                        0.3333333432674408
                    ],
                    [
                        0.3333333432674408
                    ],
                    [
                        0.3333333432674408
                    ],
                    [
                        0.3333333432674408
                    ],
                    [
                        0.3333333432674408
                    ],
                    [
                        0.6666666865348816
                    ],
                    [
                        0.3333333432674408
                    ],
                    [
                        0.3333333432674408
                    ],
                    [
                        0.3333333432674408
                    ],
                    [
                        0.3333333432674408
                    ],
                    [
                        0.3333333432674408
                    ]
                ]
            ],
            "returns": [
                [
                    [
                        0.43529167771339417
                    ],
                    [
                        0.4347916543483734
                    ],
                    [
                        0.43429166078567505
                    ],
                    [
                        0.4337916672229767
                    ],
                    [
                        0.4332916736602783
                    ],
                    [
                        0.43279168009757996
                    ],
                    [
                        0.43279168009757996
                    ],
                    [
                        0.4322499930858612
                    ],
                    [
                        0.43170833587646484
                    ],
                    [
                        0.4311666786670685
                    ],
                    [
                        0.4307500123977661
                    ],
                    [
                        0.43020832538604736
                    ],
                    [
                        0.429666668176651
                    ],
                    [
                        0.42912501096725464
                    ],
                    [
                        0.42870834469795227
                    ],
                    [
                        0.4282916784286499
                    ],
                    [
                        0.42754167318344116
                    ],
                    [
                        0.4267916679382324
                    ],
                    [
                        0.4260416626930237
                    ],
                    [
                        0.42529165744781494
                    ]
                ]
            ],
            "timesteps": [
                [
                    340,
                    341,
                    342,
                    343,
                    344,
                    345,
                    346,
                    347,
                    348,
                    349,
                    350,
                    351,
                    352,
                    353,
                    354,
                    355,
                    356,
                    357,
                    358,
                    359
                ]
            ],
            "labels": [
                [
                    0,
                    0,
                    0,
                    0,
                    1,
                    0,
                    0,
                    0,
                    0,
                    0,
                    0,
                    0,
                    0,
                    0,
                    1,
                    0,
                    0,
                    0,
                    0,
                    0
                ]
            ],
            "CPU Usage": 3.6,
            "RAM Usage": 17.5,
            "GPU Usage": 63.0,
            "VRAM Usage": 15400.0,
            "Disk Read Speed (MB/s)": 75057177.68652344,
            "Disk Write Speed (MB/s)": 506878172.0986328
        },
        {
            "step": 2,
            "train_loss": 0.0029961850959807634,
            "actions_pred1": [
                [
                    [
                        3.5571510791778564,
                        -0.5690336227416992,
                        -2.341024398803711
                    ],
                    [
                        2.5330333709716797,
                        -0.173854261636734,
                        -2.090959310531616
                    ],
                    [
                        2.6489837169647217,
                        -0.3835069239139557,
                        -2.262028932571411
                    ],
                    [
                        2.5969271659851074,
                        -0.3531883955001831,
                        -2.323340892791748
                    ],
                    [
                        -0.0019957157783210278,
                        0.8942201733589172,
                        -2.413862943649292
                    ],
                    [
                        2.522437810897827,
                        -0.7970621585845947,
                        -2.3497891426086426
                    ],
                    [
                        2.656407117843628,
                        -0.751600444316864,
                        -2.0952436923980713
                    ],
                    [
                        0.003287654835730791,
                        1.3751658201217651,
                        -1.8945896625518799
                    ],
                    [
                        3.076669692993164,
                        -0.6864185929298401,
                        -1.8819032907485962
                    ],
                    [
                        2.364508867263794,
                        -0.1779516637325287,
                        -2.0944807529449463
                    ],
                    [
                        3.090458869934082,
                        -0.2881210148334503,
                        -1.9238700866699219
                    ],
                    [
                        0.4571978449821472,
                        2.0503885746002197,
                        -1.6019715070724487
                    ],
                    [
                        3.3401849269866943,
                        -0.9759455919265747,
                        -2.34897518157959
                    ],
                    [
                        3.095663547515869,
                        -0.34385907649993896,
                        -1.9200232028961182
                    ],
                    [
                        0.8355941772460938,
                        1.4674181938171387,
                        -2.0838873386383057
                    ],
                    [
                        3.5202059745788574,
                        -0.7618682980537415,
                        -2.2432785034179688
                    ],
                    [
                        3.5026092529296875,
                        -0.5750612020492554,
                        -2.0974934101104736
                    ],
                    [
                        3.302187204360962,
                        -0.1470966935157776,
                        -2.2584493160247803
                    ],
                    [
                        3.324030637741089,
                        -0.4288443922996521,
                        -2.0889534950256348
                    ],
                    [
                        3.313310384750366,
                        0.11334723234176636,
                        -2.216524362564087
                    ]
                ]
            ],
            "actions_pred": [
                [
                    [
                        3.5571510791778564,
                        2.5330333709716797,
                        2.6489837169647217,
                        2.5969271659851074,
                        -0.0019957157783210278,
                        2.522437810897827,
                        2.656407117843628,
                        0.003287654835730791,
                        3.076669692993164,
                        2.364508867263794,
                        3.090458869934082,
                        0.4571978449821472,
                        3.3401849269866943,
                        3.095663547515869,
                        0.8355941772460938,
                        3.5202059745788574,
